1341846313.592026 0.000000000 0.000000000 0.000000000 -0.000000000 -0.000000000 -0.000000000 1.000000000
1341846313.654184 0.009730765 -0.000893867 -0.003620984 -0.001067082 -0.003704100 0.005420373 0.999977887
1341846313.686156 0.015710605 0.001742742 -0.003133293 0.000531801 -0.005681434 0.004803254 0.999972165
1341846313.721918 0.022044141 0.005054364 -0.005579259 0.000806300 -0.006866978 0.005950177 0.999958396
1341846313.753994 0.025790192 0.003082116 -0.002120198 0.000011773 -0.007097275 0.007058921 0.999949932
1341846313.789969 0.032478414 0.007823690 -0.002573915 0.002067172 -0.007784873 0.005120020 0.999954462
1341846313.822075 0.030918464 0.012533380 -0.001244183 0.002683525 -0.005616170 0.002456476 0.999977648
1341846313.853928 0.028950680 0.014079685 0.003488949 0.002379477 -0.002094301 0.001339906 0.999994099
1341846313.890011 0.005935266 0.012163064 -0.003885616 0.001475836 0.004982333 0.001899475 0.999984741
1341846313.922055 -0.011879448 0.014088508 -0.007161548 -0.000420962 0.009617431 0.002342280 0.999950945
1341846313.957927 -0.048038773 0.025493685 -0.016021436 -0.000169014 0.021584699 0.001243658 0.999766290
1341846313.990058 -0.059184689 0.021388110 -0.009811348 -0.002147272 0.029528541 0.003186223 0.999556541
1341846314.022042 -0.092221648 0.022073690 -0.014337924 -0.004659643 0.037742708 0.004855908 0.999264836
1341846314.057816 -0.125608355 0.024862226 -0.008581026 -0.007138361 0.048294298 0.007390328 0.998780310
1341846314.089801 -0.143188447 0.025628170 -0.003750527 -0.005910520 0.057429433 0.006621298 0.998310149
1341846314.122037 -0.154015839 0.017259380 -0.001302608 -0.009343513 0.063502759 0.009650064 0.997891307
1341846314.157989 -0.182897508 0.030078493 0.001815433 -0.008366187 0.073257409 0.009030450 0.997237146
1341846314.190094 -0.194502652 0.033801254 0.002815037 -0.007447043 0.079762161 0.009473560 0.996741116
1341846314.225969 -0.217939064 0.034871995 0.000450486 -0.010257933 0.086611815 0.012741968 0.996107876
1341846314.257923 -0.218352377 0.043368686 0.010242991 -0.010202386 0.089656509 0.013350600 0.995831072
1341846314.290052 -0.217768148 0.043651618 0.009155258 -0.008994153 0.091358624 0.011650471 0.995709300
1341846314.325981 -0.257349819 0.066181421 0.004453070 -0.006164047 0.100840501 0.008928864 0.994843483
1341846314.357905 -0.257050037 0.071151339 0.008755638 -0.005623134 0.104989789 0.008384919 0.994422078
1341846314.389899 -0.258981615 0.075032175 0.013577915 -0.003442652 0.108512834 0.006554401 0.994067490
1341846314.427905 -0.269765228 0.083016530 0.006395688 -0.002733447 0.112933457 0.004003523 0.993590772
1341846314.493987 -0.283432931 0.097185597 0.002749905 0.001355121 0.126635939 -0.003740558 0.991941273
1341846314.526085 -0.306101799 0.104121283 -0.007988980 0.002355721 0.133209124 -0.006236191 0.991065562
1341846314.558292 -0.284213692 0.106261365 -0.002560279 0.001342569 0.133452326 -0.006498265 0.991033077
1341846314.594085 -0.285144985 0.100034602 0.003157206 0.001990411 0.139821947 -0.005821939 0.990157604
1341846314.626096 -0.329591155 0.105815902 -0.003792138 0.002977354 0.151488498 -0.004844395 0.988442719
1341846314.658455 -0.339497447 0.112063445 -0.010702606 0.002261520 0.155385613 -0.005353916 0.987836838
1341846314.694004 -0.307890326 0.106591418 0.004529558 0.001811610 0.156226739 -0.007018599 0.987694621
1341846314.725910 -0.348288715 0.116993077 0.002662985 0.009021595 0.165852293 -0.003930950 0.986101508
1341846314.761942 -0.352389961 0.115669683 -0.002894925 0.012699885 0.166996077 0.000917493 0.985875368
1341846314.794030 -0.373252749 0.139508322 -0.007603001 0.020106390 0.174009889 -0.001597510 0.984537363
1341846314.826092 -0.388334572 0.146408528 -0.016719066 0.023360860 0.181068480 -0.001162234 0.983192384
1341846314.862145 -0.403954208 0.148836032 -0.011998957 0.023661438 0.188829929 -0.000466928 0.981724620
1341846314.894072 -0.402122229 0.152025670 -0.012796688 0.024269333 0.192991436 0.000692972 0.980900049
1341846314.925969 -0.435475945 0.151035160 -0.012994064 0.024354398 0.201863810 0.006014080 0.979092300
1341846314.961937 -0.446696192 0.150112420 -0.017697116 0.021352217 0.204496205 0.011188593 0.978570580
1341846314.994564 -0.453546762 0.165852889 -0.015599515 0.020863816 0.207528949 0.009812434 0.977957129
1341846315.029900 -0.467016935 0.173327848 -0.011832582 0.021942848 0.214853168 0.007221989 0.976373136
1341846315.061965 -0.484927863 0.173539147 -0.013190320 0.022101831 0.220179990 0.011389645 0.975142300
1341846315.094388 -0.485505968 0.181039780 -0.012406105 0.023638375 0.219907239 0.011734232 0.975163817
1341846315.129851 -0.491684973 0.188869625 -0.016362790 0.026554614 0.221760824 0.010419242 0.974683762
1341846315.161941 -0.560776114 0.173458606 -0.017673224 0.021065734 0.233588591 0.018259324 0.971935809
1341846315.197984 -0.562738240 0.187771693 -0.016793612 0.016804552 0.232290596 0.014407609 0.972394526
1341846315.230076 -0.572954714 0.203694671 -0.012004469 0.015884265 0.234277338 0.010732026 0.971980810
1341846315.262069 -0.556116223 0.181023091 -0.012312232 0.009051788 0.229238227 0.015319102 0.973207772
1341846315.298000 -0.576123118 0.204485938 -0.006218541 0.012086143 0.230073676 0.015859699 0.972968936
1341846315.329931 -0.584539056 0.234375790 -0.003522344 0.022271190 0.230989143 0.014567825 0.972592294
1341846315.361981 -0.595768690 0.248053655 -0.007742096 0.029794447 0.232149497 0.016177839 0.972089112
1341846315.397962 -0.621905863 0.242122918 0.004069693 0.031905808 0.237992004 0.019865545 0.970539629
1341846315.429923 -0.629655838 0.257663876 0.010355150 0.037424687 0.242170617 0.018769063 0.969329953
1341846315.466047 -0.636661649 0.245688558 0.019683795 0.036196608 0.248757467 0.021676455 0.967646480
1341846315.497883 -0.649910152 0.245503739 0.013120806 0.035497915 0.252888769 0.025805745 0.966499448
1341846315.530008 -0.668234468 0.247155473 0.019859517 0.036307227 0.257856667 0.026895875 0.965126097
1341846315.566108 -0.670485795 0.245050177 0.020875596 0.034981929 0.259987593 0.028067220 0.964569867
1341846315.597986 -0.649997175 0.248654649 0.018763617 0.034813885 0.257686585 0.025712801 0.965258837
1341846315.630109 -0.669629872 0.261613190 0.019473569 0.038145464 0.262505025 0.025685560 0.963834167
1341846315.666042 -0.686868072 0.263425022 0.022080656 0.036937024 0.267204583 0.024145531 0.962628901
1341846315.698114 -0.695915520 0.266843587 0.019057009 0.031793501 0.272141695 0.023401292 0.961447120
1341846315.733985 -0.655481160 0.247868210 0.020919979 0.027261065 0.268078804 0.027275318 0.962624848
1341846315.766041 -0.667560458 0.250181943 0.018802527 0.028140837 0.267165333 0.027627908 0.962843478
1341846315.798188 -0.673958182 0.263903081 0.018925533 0.029328201 0.267606795 0.026043337 0.962729573
1341846315.834140 -0.638391674 0.253573149 0.013165947 0.028194252 0.263447493 0.025645008 0.963920593
1341846315.866751 -0.642840624 0.253592551 0.018022660 0.030738538 0.265904725 0.024451395 0.963198841
1341846315.898492 -0.647730350 0.251728237 0.023250366 0.031794555 0.266995013 0.024495758 0.962861776
1341846315.936901 -0.638590634 0.256446689 0.016854793 0.035603710 0.266214192 0.023408793 0.962971687
1341846315.966572 -0.623889089 0.247562423 0.004276216 0.036872428 0.263703316 0.022957327 0.963625431
1341846316.034204 -0.566837788 0.221831828 0.007932907 0.035732832 0.253466129 0.018970734 0.966497898
1341846316.066113 -0.574435055 0.225294963 0.016682707 0.039102059 0.254161865 0.019956570 0.966164887
1341846316.101867 -0.563021839 0.225055948 0.011639921 0.039935943 0.249415800 0.021075485 0.967343152
1341846316.134066 -0.561459243 0.206170112 -0.007969901 0.035188235 0.244339839 0.021002185 0.968823373
1341846316.202049 -0.549617469 0.195316583 -0.006047580 0.033602096 0.236411840 0.018073179 0.970903575
1341846316.233979 -0.531777382 0.196070045 -0.013156367 0.033627942 0.231245294 0.015397136 0.972192228
1341846316.270052 -0.529327810 0.189252481 -0.007102478 0.030671621 0.231448963 0.011683466 0.972293258
1341846316.301915 -0.524365246 0.193403646 -0.007445971 0.032234803 0.231036082 0.010672339 0.972352564
1341846316.334208 -0.488766193 0.178407356 -0.016127748 0.031303752 0.222840771 0.013066130 0.974264503
1341846316.370006 -0.480089575 0.175099418 -0.015013313 0.032919191 0.219134957 0.014316588 0.975033998
1341846316.401994 -0.461440206 0.182999447 -0.019458860 0.036108475 0.214010283 0.016260054 0.976028442
1341846316.438069 -0.449704021 0.162642613 -0.017547294 0.035374466 0.210960135 0.017278790 0.976701558
1341846316.470076 -0.432328790 0.158168927 -0.020081988 0.039353024 0.206202030 0.019911692 0.977515042
1341846316.502034 -0.415352702 0.146921888 -0.026461883 0.038304258 0.199186653 0.019537972 0.979017794
1341846316.537975 -0.379366755 0.136667177 -0.027659889 0.033346314 0.189553753 0.018290943 0.981133521
1341846316.570121 -0.347310007 0.131384507 -0.014137899 0.032328449 0.183673874 0.015422275 0.982334435
1341846316.601885 -0.369793713 0.128606036 -0.017858550 0.034509942 0.185492083 0.015820498 0.981912136
1341846316.638009 -0.335450768 0.117255427 -0.016647525 0.034648310 0.177152485 0.015582014 0.983449936
1341846316.669925 -0.300889701 0.112756692 -0.011088913 0.036428526 0.169305801 0.014056753 0.984789789
1341846316.705941 -0.298160940 0.112040795 -0.006537142 0.041248478 0.168365017 0.015580484 0.984738052
1341846316.738062 -0.280704737 0.110157423 -0.011916917 0.042667240 0.162744552 0.016902020 0.985600352
1341846316.770433 -0.272014976 0.098797515 -0.013602292 0.039356615 0.159388483 0.020129615 0.986225724
1341846316.805932 -0.254511207 0.094672665 -0.012236664 0.039333444 0.155351579 0.018384442 0.986904681
1341846316.838029 -0.234343320 0.062612079 -0.007094055 0.034605790 0.149206236 0.021155149 0.987973928
1341846316.870034 -0.218254954 0.078116067 -0.002033964 0.038167451 0.142305613 0.020718263 0.988869607
1341846316.906344 -0.208438590 0.069963105 -0.002721444 0.037270240 0.136297807 0.020150132 0.989761472
1341846316.937940 -0.206273347 0.069551125 -0.004264710 0.037007481 0.133958295 0.018233549 0.990127921
1341846316.973994 -0.195140630 0.068183109 -0.004580245 0.035972089 0.129123673 0.018174700 0.990809202
1341846317.005913 -0.184835747 0.065675706 -0.005184326 0.034562346 0.122961961 0.019573105 0.991616189
1341846317.037936 -0.192639410 0.069143005 -0.009535063 0.036110859 0.120914809 0.019648446 0.991811275
1341846317.073972 -0.178918287 0.064618051 -0.006137760 0.036471743 0.116321944 0.021898430 0.992300093
1341846317.106113 -0.188632637 0.066961519 -0.012672989 0.039820604 0.114944622 0.026457870 0.992220819
1341846317.137887 -0.168761387 0.063622892 -0.020997606 0.042348232 0.102747276 0.031793308 0.993296981
1341846317.173970 -0.145854175 0.061054505 -0.017124763 0.042617936 0.091206551 0.032767683 0.994379878
1341846317.205887 -0.162712410 0.061156213 -0.017576823 0.042752914 0.090470739 0.033766095 0.994407892
1341846317.248131 -0.157872632 0.065478921 -0.024864666 0.045011062 0.085378125 0.035742186 0.994689465
1341846317.306289 -0.173897624 0.073417097 -0.039168388 0.048415016 0.079465963 0.040497947 0.994837224
1341846317.348137 -0.178512856 0.077736534 -0.044003736 0.051130772 0.080130376 0.041975413 0.994586825
1341846317.410120 -0.196737275 0.081992589 -0.058835492 0.053389262 0.079531275 0.047257528 0.994279206
1341846317.442569 -0.202420101 0.078349695 -0.055985201 0.056080341 0.079860523 0.048826404 0.994028866
1341846317.474010 -0.212380081 0.079364426 -0.051082995 0.062119581 0.081065416 0.052135821 0.993403971
1341846317.509927 -0.196678475 0.087848745 -0.060073011 0.065721668 0.074005432 0.056349363 0.993493140
1341846317.542282 -0.217583209 0.081673846 -0.056992583 0.063592039 0.074117914 0.056808148 0.993597209
1341846317.573943 -0.223643348 0.067975074 -0.050562631 0.060977425 0.075879000 0.053099617 0.993833303
1341846317.610159 -0.231348634 0.084557764 -0.059270889 0.067576677 0.077494100 0.056572966 0.993089914
1341846317.643553 -0.223798379 0.090475716 -0.060741514 0.070682012 0.073285811 0.061381161 0.992907643
1341846317.677993 -0.223189086 0.092236340 -0.059682108 0.072013602 0.068567432 0.062753968 0.993063211
1341846317.709996 -0.227795243 0.090100780 -0.059424002 0.074393198 0.066246338 0.064016603 0.992964745
1341846317.741834 -0.205849722 0.090510227 -0.066288754 0.073094800 0.059898715 0.062909462 0.993534982
1341846317.777923 -0.206704557 0.098442212 -0.069189258 0.072907567 0.057916451 0.063419707 0.993633807
1341846317.810021 -0.190856367 0.096735820 -0.070224911 0.072294973 0.052114069 0.063811235 0.993974686
1341846317.841886 -0.180428758 0.086408831 -0.073723428 0.068269931 0.048168134 0.059474103 0.994727075
1341846317.878017 -0.162463859 0.087885492 -0.073026754 0.066070668 0.044099644 0.055155307 0.995312929
1341846317.909910 -0.150332600 0.086043850 -0.065146156 0.065117337 0.042923201 0.051694505 0.995612919
1341846317.946031 -0.129169568 0.081801064 -0.057936978 0.065360442 0.038476966 0.052304972 0.995746851
1341846317.978041 -0.095196746 0.077285498 -0.054747760 0.066273265 0.029858593 0.051213067 0.996038973
1341846318.009897 -0.104254402 0.072656423 -0.058337916 0.067634061 0.031475458 0.050401673 0.995939076
1341846318.045949 -0.094675638 0.076348789 -0.058804203 0.068671159 0.029238755 0.047175158 0.996094346
1341846318.078074 -0.053496130 0.070753247 -0.052053250 0.066420943 0.018878415 0.045430738 0.996578157
1341846318.109894 -0.017616564 0.063658111 -0.047773443 0.064422585 0.007082003 0.041284751 0.997043192
1341846318.145957 -0.010979960 0.058046080 -0.046269629 0.062845998 0.003140487 0.036928374 0.997334898
1341846318.178001 -0.009485741 0.060500477 -0.044136558 0.062840208 0.002312724 0.034618009 0.997420371
1341846318.214074 0.008547549 0.052613337 -0.039927028 0.061920658 -0.003558176 0.031533118 0.997576475
1341846318.245970 0.023743097 0.056161951 -0.036450714 0.065632179 -0.012982106 0.032610565 0.997226357
1341846318.278018 0.023737740 0.060622599 -0.039682534 0.070080929 -0.018271027 0.033196785 0.996821344
1341846318.313937 0.035994381 0.060365833 -0.038520999 0.071332775 -0.028455611 0.033442438 0.996485591
1341846318.345989 0.048456375 0.074304827 -0.033168472 0.075884789 -0.041077197 0.033095617 0.995720267
1341846318.382046 0.045918308 0.063120343 -0.026360780 0.075647481 -0.048576057 0.032324851 0.995425999
1341846318.414072 0.060296111 0.072997160 -0.038168896 0.078748636 -0.058863290 0.033580292 0.994588435
1341846318.446035 0.054175124 0.066653743 -0.037541728 0.079805858 -0.065231845 0.036758866 0.993994296
1341846318.482196 0.064719535 0.066431545 -0.041181333 0.080593266 -0.070077226 0.036749262 0.993601263
1341846318.514144 0.063164897 0.061764289 -0.041023687 0.079820521 -0.071970217 0.037492000 0.993500531
1341846318.546259 0.061923925 0.063026756 -0.037210070 0.081966311 -0.073732942 0.037378643 0.993200779
1341846318.582042 0.068565622 0.060579058 -0.049505576 0.082294196 -0.075754963 0.037859686 0.993003309
1341846318.614115 0.089408368 0.055277728 -0.051011365 0.080673590 -0.081872225 0.038863908 0.992611885
1341846318.650038 0.082056805 0.044286709 -0.047989536 0.078568555 -0.082374558 0.036394902 0.992832780
1341846318.682350 0.074777521 0.042075679 -0.058874484 0.078066252 -0.082428776 0.036899436 0.992849231
1341846318.714063 0.059109207 0.034715403 -0.055559039 0.076664008 -0.082229920 0.038554799 0.992912114
1341846318.749905 0.046115540 0.036069971 -0.057058152 0.078393780 -0.081345066 0.039159395 0.992826283
1341846318.782036 0.037178136 0.041455701 -0.068821311 0.080634259 -0.082811221 0.040689636 0.992464006
1341846318.814121 0.028019918 0.032757245 -0.066279717 0.079034694 -0.088477515 0.038866125 0.992176712
1341846318.850072 -0.014839003 0.021477282 -0.052092552 0.077609889 -0.088296331 0.034108724 0.992480278
1341846318.883516 -0.054376248 0.029152056 -0.045272183 0.083162092 -0.090427116 0.030789705 0.991947114
1341846318.918047 -0.066288881 0.030201763 -0.038119793 0.085603274 -0.102329202 0.032130711 0.990539491
1341846318.950044 -0.071780205 0.035135847 -0.042154040 0.089239217 -0.111956544 0.028952409 0.989274442
1341846318.982028 -0.071439713 0.036702279 -0.048752125 0.090850823 -0.116863646 0.027594700 0.988598824
1341846319.018123 -0.079247311 0.033991478 -0.045729838 0.089917459 -0.123136677 0.027127212 0.987935424
1341846319.050745 -0.079001635 0.027831296 -0.040266443 0.091019176 -0.129824758 0.026323246 0.986999571
1341846319.081905 -0.102981538 0.027243549 -0.046833299 0.095963538 -0.125313923 0.022974500 0.987197876
1341846319.117976 -0.133462742 0.032114215 -0.054192610 0.098694704 -0.121993840 0.030807354 0.987131119
1341846319.150093 -0.159780249 0.032338724 -0.055968903 0.100424983 -0.123660468 0.037158415 0.986530364
1341846319.186069 -0.179913029 0.037189975 -0.066322558 0.102498971 -0.122294247 0.037954345 0.986457109
1341846319.218149 -0.220404476 0.050520726 -0.093996838 0.100947313 -0.111957386 0.037275203 0.987869322
1341846319.250034 -0.263331234 0.062012039 -0.100026943 0.097240970 -0.100947201 0.035259232 0.989500225
1341846319.286594 -0.297999144 0.057276905 -0.097225569 0.094978541 -0.093976118 0.038885862 0.990270436
1341846319.318034 -0.341841757 0.054687433 -0.091271207 0.096405752 -0.087767161 0.040897314 0.990621150
1341846319.350268 -0.380157143 0.038662430 -0.105811790 0.094774455 -0.082355641 0.047756139 0.990936279
1341846319.386163 -0.416984707 0.037829615 -0.113252684 0.096446946 -0.081258230 0.055497013 0.990462124
1341846319.418386 -0.430903524 0.041790862 -0.124924168 0.098320894 -0.084234245 0.055001315 0.990056813
1341846319.453961 -0.394425362 0.055192571 -0.105045170 0.100217775 -0.093616359 0.054776147 0.989035904
1341846319.486271 -0.401583999 0.048876580 -0.114546768 0.097555600 -0.094359748 0.057196792 0.989094436
1341846319.554083 -0.396408767 0.042523392 -0.105205208 0.091528878 -0.102785222 0.058650285 0.988745570
1341846319.586296 -0.422177434 0.038449693 -0.114630498 0.091535807 -0.099296778 0.055320542 0.989293218
1341846319.622031 -0.435977370 0.034559704 -0.118887484 0.089615941 -0.102270886 0.054375745 0.989218354
1341846319.653962 -0.456617504 0.024455745 -0.111228913 0.087931417 -0.104891106 0.052255921 0.989209414
1341846319.686352 -0.459664553 0.021054817 -0.112270713 0.089198224 -0.109184183 0.055216122 0.988470376
1341846319.721992 -0.462272942 0.023211105 -0.115908422 0.090176269 -0.113939963 0.056010984 0.987799942
1341846319.754063 -0.485905677 0.058917746 -0.120319873 0.092038661 -0.113193676 0.055085178 0.987766027
1341846319.786397 -0.480525225 0.038966533 -0.119098753 0.084417388 -0.114380494 0.060342006 0.988002896
1341846319.822008 -0.498076111 0.053876359 -0.109650783 0.083871059 -0.113785744 0.064603001 0.987848699
1341846319.853917 -0.507354856 0.042071104 -0.118524507 0.076828711 -0.113420866 0.068419367 0.988206387
1341846319.889942 -0.507058144 0.035108685 -0.101482056 0.073632993 -0.114818409 0.073251568 0.987941921
1341846319.922039 -0.527665377 0.020631386 -0.105325669 0.071730070 -0.116188899 0.074488677 0.987829149
1341846319.953946 -0.500164866 0.008199727 -0.100270443 0.069893479 -0.127110794 0.071513727 0.986835122
1341846319.990054 -0.514310956 0.027184239 -0.093515724 0.076135829 -0.127640113 0.065569609 0.986717820
1341846320.028122 -0.536095798 0.031757124 -0.084534727 0.079442039 -0.128785431 0.063524768 0.986442029
1341846320.090047 -0.497273773 0.044378713 -0.089579813 0.085767940 -0.140734822 0.063446857 0.984282553
1341846320.122011 -0.479850173 0.036912851 -0.100422718 0.084630944 -0.140197977 0.063609786 0.984447062
1341846320.157952 -0.471507370 0.032913499 -0.102555819 0.084583290 -0.137826532 0.062996931 0.984825313
1341846320.190003 -0.445290983 0.014840849 -0.110115804 0.084100895 -0.137199849 0.061151821 0.985070407
1341846320.221941 -0.438740462 0.025231622 -0.102107115 0.089848652 -0.134397179 0.062602624 0.984858155
1341846320.258015 -0.429715008 0.013036810 -0.102464020 0.092103191 -0.133930013 0.063975669 0.984625280
1341846320.289887 -0.373203933 -0.000721349 -0.119148053 0.093604535 -0.141739786 0.065541975 0.983286440
1341846320.321954 -0.312193364 -0.010313220 -0.119857766 0.099276505 -0.150751531 0.067900829 0.981227636
1341846320.357890 -0.328721315 0.011744550 -0.105935901 0.109789230 -0.145564511 0.063714534 0.981171608
1341846320.390064 -0.285937756 0.019697014 -0.130799666 0.111058056 -0.145391628 0.063019089 0.981099367
1341846320.426544 -0.196646482 0.014224347 -0.101350419 0.112446964 -0.149713829 0.057857711 0.980609000
1341846320.458122 -0.141250998 0.012073308 -0.100480728 0.113094836 -0.147976249 0.054285370 0.981002390
1341846320.490186 -0.068828247 0.015990011 -0.082424529 0.116571873 -0.149284318 0.050900847 0.980578542
1341846320.525911 -0.004034602 0.023861183 -0.065587722 0.121294022 -0.149061844 0.047795564 0.980195880
1341846320.558091 0.036111549 0.018440472 -0.077260248 0.120864533 -0.147909492 0.044341158 0.980585754
1341846320.594093 0.097559690 0.030572508 -0.054621778 0.123762839 -0.149980947 0.037225701 0.980205476
1341846320.631955 0.118187204 0.039285459 -0.041464664 0.127768204 -0.145526916 0.036327392 0.980396628
1341846320.664916 0.154293284 0.043199793 -0.028633557 0.128859043 -0.147611529 0.036836144 0.979923129
1341846320.699927 0.194203794 0.039830714 -0.000693922 0.129533052 -0.149241850 0.031420831 0.979775906
1341846320.731822 0.217679992 0.046461310 0.012668081 0.132806614 -0.145518050 0.030002208 0.979942203
1341846320.763877 0.234343991 0.054372311 -0.003354260 0.129839182 -0.145879269 0.035261594 0.980111063
1341846320.799999 0.241401464 0.039698355 -0.000359798 0.121405661 -0.147301659 0.028893488 0.981187105
1341846320.831871 0.233849615 0.043497689 -0.007096382 0.124510303 -0.133455157 0.020347467 0.982991815
1341846320.863887 0.217739075 0.060021542 0.015885625 0.126715109 -0.124500051 0.023313940 0.983818829
1341846320.900014 0.247016206 0.057582699 0.037930854 0.119863540 -0.132928252 0.028816100 0.983428955
1341846320.931889 0.289726108 0.042149037 0.037721399 0.118463561 -0.136523098 0.024919966 0.983212531
1341846320.967866 0.333578765 0.043189548 0.034664351 0.117042892 -0.137562796 0.022543551 0.983295083
1341846321.000017 0.372804016 0.043604888 0.052865095 0.111692443 -0.143008873 0.022171348 0.983148873
1341846321.031860 0.414397478 0.045579534 0.073615611 0.111271121 -0.147194788 0.018084159 0.982662439
1341846321.068047 0.457693338 0.046714582 0.082785614 0.111705333 -0.148958459 0.015770767 0.982387245
1341846321.099840 0.492476076 0.056076758 0.096812665 0.111350060 -0.152548164 0.015798736 0.981876075
1341846321.131821 0.530695796 0.048685040 0.114146218 0.110928528 -0.154855579 0.012525352 0.981609762
1341846321.167887 0.552272856 0.061218638 0.129129305 0.115156196 -0.154515475 0.014550643 0.981148481
1341846321.200042 0.597610891 0.067549489 0.151732638 0.116271175 -0.158895299 0.014688876 0.980315030
1341846321.231950 0.640114725 0.079857923 0.177569345 0.119084582 -0.164210185 0.012673522 0.979128838
1341846321.267939 0.683143735 0.078489318 0.179301202 0.119363919 -0.166225553 0.006231684 0.978816926
1341846321.299948 0.683586895 0.079967320 0.188779473 0.119988374 -0.161430269 -0.001165848 0.979561985
1341846321.331858 0.696866810 0.083892934 0.204155341 0.121836312 -0.160618693 -0.003790806 0.979460657
1341846321.367913 0.719029307 0.068935782 0.217169702 0.122378841 -0.160029918 -0.010944555 0.979435623
1341846321.399897 0.744301379 0.070961624 0.230991825 0.124962233 -0.159155339 -0.011241447 0.979248524
1341846321.435994 0.729809880 0.081471115 0.237915933 0.128999397 -0.153195709 -0.011807937 0.979668736
1341846321.467946 0.749791026 0.097896963 0.245640740 0.133674785 -0.152557284 -0.012017626 0.979138911
1341846321.499882 0.768184304 0.097117297 0.256703615 0.135171756 -0.151434958 -0.012939374 0.979095876
1341846321.536109 0.802984238 0.097573951 0.254937410 0.135279194 -0.149904132 -0.016915672 0.979255915
1341846321.568960 0.799261868 0.104925931 0.259014636 0.133212969 -0.142844632 -0.017281797 0.980587125
1341846321.603938 0.818374395 0.090790510 0.265310973 0.129095629 -0.143293962 -0.019688215 0.981026769
1341846321.637163 0.816645622 0.094166219 0.266178221 0.127486542 -0.136886820 -0.022417048 0.982093036
1341846321.668306 0.788819194 0.103093319 0.268911868 0.124223538 -0.124818005 -0.017273782 0.984220862
1341846321.704411 0.763826370 0.097513318 0.268097878 0.119735397 -0.121249638 -0.010056719 0.985322714
1341846321.736861 0.777170300 0.103749484 0.272799730 0.118699506 -0.124441303 -0.002674747 0.985097766
1341846321.771881 0.789624274 0.129155666 0.280347526 0.118705072 -0.125495479 0.001225636 0.984966278
1341846321.804114 0.808847308 0.124153242 0.287522554 0.114011697 -0.125718325 0.002297020 0.985490203
1341846321.836152 0.814865768 0.132372662 0.293341666 0.112234399 -0.124118499 0.002317084 0.985896885
1341846321.871882 0.804079831 0.165988073 0.301839918 0.112903021 -0.121068172 -0.003260491 0.986197174
1341846321.904074 0.822573900 0.158824533 0.306863308 0.106407098 -0.121668905 -0.006246045 0.986830890
1341846321.939847 0.823555827 0.139801100 0.307327807 0.099727042 -0.118153982 -0.010149426 0.987922668
1341846322.004094 0.808854818 0.136522412 0.307001561 0.093187913 -0.118107751 -0.011953092 0.988546252
1341846322.066178 0.835516989 0.096043006 0.306854308 0.083005637 -0.115374319 -0.015840672 0.989721119
1341846322.107979 0.817761242 0.079506531 0.301490813 0.079716034 -0.110837638 -0.017288934 0.990485489
1341846322.166164 0.824129999 0.038726158 0.305750251 0.078520544 -0.112615481 -0.015476553 0.990410388
1341846322.202932 0.831319809 0.038546830 0.310350865 0.080546685 -0.116078563 -0.015350491 0.989849687
1341846322.234093 0.840323687 0.032059927 0.305948198 0.078681365 -0.118593901 -0.016791042 0.989678144
1341846322.265941 0.829973578 0.024195595 0.306532800 0.076271378 -0.120148703 -0.016754350 0.989679873
1341846322.301996 0.860572040 -0.017874369 0.310143769 0.068559840 -0.126067042 -0.015182087 0.989533305
1341846322.333949 0.842077076 -0.035696719 0.295601368 0.066058449 -0.125334114 -0.016248705 0.989779592
1341846322.369871 0.847971499 -0.077116862 0.305530339 0.062856801 -0.131760150 -0.021112988 0.989061475
1341846322.402292 0.871867776 -0.116209567 0.310329199 0.061344523 -0.133134529 -0.027111476 0.988826096
1341846322.433955 0.804219723 -0.169855475 0.290340960 0.059170686 -0.121572450 -0.029921472 0.990365446
1341846322.470030 0.815065920 -0.179787830 0.300315976 0.066475868 -0.128319800 -0.025729144 0.989167809
1341846322.502433 0.840041041 -0.219597861 0.301862657 0.067121156 -0.134890467 -0.021086799 0.988359571
1341846322.534002 0.847711563 -0.256088436 0.306939691 0.071110211 -0.136038706 -0.017676370 0.987990081
1341846322.570196 0.865188956 -0.264180690 0.306765676 0.080081217 -0.139539585 -0.012474032 0.986894190
1341846322.601920 0.835599482 -0.257129997 0.308175951 0.087475143 -0.138439953 -0.010523448 0.986443996
1341846322.638119 0.880252659 -0.275700688 0.316964775 0.091860928 -0.147834614 -0.008351126 0.984701395
1341846322.669947 0.895561039 -0.287436366 0.308409214 0.094452091 -0.146441549 -0.009398578 0.984654963
1341846322.702026 0.903583169 -0.303816766 0.311783254 0.095764942 -0.147378653 -0.003740250 0.984426081
1341846322.738006 0.919971287 -0.284191608 0.319175869 0.100830548 -0.152363285 -0.000610189 0.983167470
1341846322.770087 0.900227726 -0.345953256 0.315493494 0.093172468 -0.148140728 -0.003889682 0.984559834
1341846322.806047 0.882127106 -0.350993097 0.311501890 0.096993715 -0.146410465 -0.001174571 0.984456658
1341846322.838063 0.838308394 -0.354238987 0.301065087 0.098865315 -0.143875465 0.001165629 0.984644175
1341846322.870081 0.828550935 -0.374368072 0.307393193 0.098858491 -0.147308677 0.001352379 0.984136879
1341846322.906018 0.857428074 -0.371944368 0.321807534 0.104999498 -0.152777195 0.000752114 0.982666612
1341846322.938349 0.833768606 -0.367595553 0.321963996 0.106160931 -0.149003193 0.000037845 0.983121514
1341846322.970069 0.846953094 -0.351702511 0.323504180 0.104507782 -0.151017427 0.002442676 0.982988238
1341846323.011820 0.851732433 -0.392223924 0.325890481 0.097264200 -0.151194528 0.001998148 0.983705223
1341846323.073951 0.843400776 -0.374231607 0.331169128 0.096940935 -0.150515407 0.006267994 0.983823299
1341846323.105962 0.832819343 -0.406997949 0.329146653 0.091660418 -0.148774609 0.003872964 0.984606266
1341846323.138158 0.824254036 -0.399419308 0.329684585 0.093846932 -0.147485375 0.000642638 0.984601676
1341846323.174092 0.837255657 -0.406339198 0.334995449 0.091491185 -0.150269955 -0.000294263 0.984402478
1341846323.206059 0.840117753 -0.399420381 0.329294115 0.090487897 -0.149727285 -0.001576389 0.984576643
1341846323.238053 0.855900168 -0.383093953 0.337068737 0.091688827 -0.148898840 -0.001968720 0.984590530
1341846323.273997 0.842967629 -0.402863264 0.335502625 0.084490538 -0.148047671 -0.002482817 0.985361397
1341846323.305946 0.840862632 -0.418266147 0.335085630 0.078490540 -0.151155621 -0.002930320 0.985384524
1341846323.342027 0.870180607 -0.423914909 0.351540536 0.077954672 -0.151725113 -0.002495093 0.985340774
1341846323.374048 0.870533884 -0.439454824 0.355851561 0.076577865 -0.151080340 -0.000479991 0.985550821
1341846323.405987 0.882049918 -0.431972265 0.346281677 0.078811713 -0.158300266 0.004965005 0.984228194
1341846323.441956 0.890783250 -0.501979828 0.354651153 0.068819761 -0.162539169 0.005305383 0.984284878
1341846323.473878 0.901927888 -0.560606837 0.357115954 0.063780434 -0.162550464 0.003159070 0.984631598
1341846323.506129 0.910539508 -0.511294603 0.347965360 0.074908562 -0.164539203 0.004753032 0.983510554
1341846323.541972 0.909248710 -0.528518975 0.356323421 0.071350671 -0.163880184 0.000568627 0.983896375
1341846323.573913 0.920816660 -0.560039818 0.353450149 0.068752147 -0.159847572 -0.007384061 0.984716892
1341846323.609927 0.905774355 -0.546798646 0.358165771 0.071920060 -0.152664542 -0.008526834 0.985620797
1341846323.642014 0.906394601 -0.579808950 0.356998891 0.066582166 -0.152674213 -0.006981456 0.986006439
1341846323.674081 0.882299185 -0.502377331 0.342005938 0.081454650 -0.150042236 -0.003278282 0.985312998
1341846323.710069 0.883244932 -0.520761549 0.349042803 0.082100913 -0.151074663 0.001539874 0.985105813
1341846323.742111 0.851161003 -0.548581660 0.338154554 0.084217586 -0.148721397 -0.001340562 0.985285521
1341846323.774928 0.847855866 -0.554631412 0.330161482 0.085442096 -0.149524614 -0.001044247 0.985058904
1341846323.810012 0.841290116 -0.559446216 0.337963015 0.087089971 -0.150226414 -0.004471710 0.984798133
1341846323.842207 0.869089961 -0.501563966 0.360947102 0.097746596 -0.154785141 -0.004193704 0.983091891
1341846323.878019 0.882746518 -0.506501496 0.363344908 0.098978207 -0.158386663 -0.006713306 0.982380748
1341846323.909826 0.871202111 -0.506415784 0.338338912 0.105838597 -0.156359375 -0.010327047 0.981958926
1341846323.942459 0.859456003 -0.547108591 0.326402158 0.103424065 -0.154706582 -0.012251507 0.982455730
1341846323.978055 0.850682557 -0.579003453 0.336398125 0.100793324 -0.157664105 -0.010124064 0.982283175
1341846324.015934 0.852914691 -0.558756113 0.328549147 0.108161144 -0.158705786 -0.009058332 0.981341720
1341846324.047722 0.873617709 -0.535946250 0.323413223 0.114634112 -0.159577310 -0.007594956 0.980477691
1341846324.083904 0.867318392 -0.524548471 0.332412243 0.114951991 -0.157482177 -0.008464047 0.980772018
1341846324.115968 0.860287368 -0.520091772 0.330035061 0.113723308 -0.154878169 -0.012989450 0.981280327
1341846324.151967 0.856111050 -0.539392591 0.322038323 0.110409260 -0.150757492 -0.017644748 0.982227445
1341846324.183941 0.858416855 -0.525682330 0.334181249 0.108263984 -0.148034513 -0.022363367 0.982784092
1341846324.219984 0.856057525 -0.504124880 0.330692738 0.107534528 -0.145997703 -0.022856489 0.983157456
1341846324.251968 0.858039021 -0.519307852 0.334374845 0.104465999 -0.146794826 -0.023542382 0.983353376
1341846324.284052 0.848492622 -0.504583776 0.330334365 0.105721191 -0.146221027 -0.024802983 0.983273745
1341846324.319880 0.823442996 -0.501192629 0.335397482 0.103766106 -0.147861198 -0.030935379 0.983062923
1341846324.351917 0.836027861 -0.468864262 0.340511858 0.101689741 -0.151741862 -0.030370366 0.982706130
1341846324.388001 0.841877282 -0.457006186 0.333568096 0.099828020 -0.151186511 -0.034748312 0.982837498
1341846324.419908 0.832013011 -0.475958765 0.342151880 0.090545870 -0.148763478 -0.038351055 0.983971596
1341846324.452027 0.830296338 -0.464113444 0.334819585 0.088154458 -0.148114428 -0.038077876 0.984297216
1341846324.487928 0.824307799 -0.446244180 0.336527616 0.088193588 -0.147820249 -0.036014087 0.984415591
1341846324.519985 0.808757246 -0.446103454 0.321001828 0.084472679 -0.147547990 -0.031857856 0.984925985
1341846324.556001 0.825562298 -0.452015549 0.335789174 0.078582965 -0.155538186 -0.028416568 0.984289110
1341846324.587888 0.828345299 -0.436002940 0.338155866 0.075920232 -0.158747688 -0.027668182 0.984007001
1341846324.620086 0.818758845 -0.428084999 0.340901524 0.074245214 -0.159884125 -0.031227475 0.983844280
1341846324.655955 0.828649879 -0.397519946 0.336649865 0.076284997 -0.161476284 -0.030978696 0.983435988
1341846324.688082 0.823501527 -0.408372045 0.340790093 0.073211335 -0.161364481 -0.030963071 0.983688414
1341846324.755922 0.826673687 -0.365676343 0.326049745 0.075174227 -0.164770156 -0.025959264 0.983120441
1341846324.814016 0.867920518 -0.304141790 0.327203602 0.075585000 -0.174059510 -0.029341830 0.981391490
1341846324.849979 0.870470881 -0.298774898 0.331743300 0.070246838 -0.172807366 -0.032249771 0.981918037
1341846324.881924 0.850850463 -0.290298939 0.343648851 0.067929812 -0.172086895 -0.031876124 0.982219696
1341846324.913902 0.854562521 -0.283911198 0.341680497 0.065665431 -0.173503265 -0.029249331 0.982206285
1341846324.949999 0.852537394 -0.285345286 0.353283346 0.065654293 -0.174316034 -0.027440069 0.982115328
1341846324.981922 0.849035501 -0.277544945 0.341235191 0.069577031 -0.176741138 -0.023166807 0.981521785
1341846325.018013 0.838116288 -0.259851724 0.338875592 0.074407943 -0.179940283 -0.020258443 0.980650067
1341846325.050079 0.841621578 -0.235447705 0.336014420 0.078596957 -0.185385227 -0.019905658 0.979315400
1341846325.081901 0.841331363 -0.218663737 0.329537839 0.077987224 -0.189968482 -0.023939285 0.978395045
1341846325.118531 0.865521312 -0.199744523 0.319430351 0.075390011 -0.193573833 -0.027334986 0.977802873
1341846325.149933 0.853980243 -0.171779826 0.343456179 0.074909911 -0.190726325 -0.028701328 0.978359938
1341846325.181925 0.844197929 -0.164263994 0.338133633 0.071823210 -0.188120022 -0.025483837 0.979184866
1341846325.218055 0.849489748 -0.154311866 0.342480898 0.068874337 -0.188607767 -0.021557644 0.979397118
1341846325.249811 0.825496376 -0.142611995 0.336190283 0.067282319 -0.185178563 -0.019893829 0.980197072
1341846325.285925 0.843394518 -0.130480409 0.339458197 0.064892516 -0.188017190 -0.016534565 0.979880154
1341846325.317988 0.829465568 -0.123636357 0.341480076 0.063939840 -0.182161584 -0.015480395 0.981065392
1341846325.349844 0.834737539 -0.120192394 0.350621104 0.067605607 -0.179354325 -0.012610369 0.981377840
1341846325.387302 0.857128620 -0.111600742 0.351390868 0.071738295 -0.180668473 -0.009120760 0.980881989
1341846325.417931 0.869240105 -0.087242290 0.353510320 0.077085562 -0.177036926 -0.005732953 0.981164038
1341846325.450747 0.863609970 -0.102753341 0.359158516 0.079513155 -0.168162078 -0.003127881 0.982542336
1341846325.485954 0.833056867 -0.068279892 0.361058205 0.091534853 -0.157406762 -0.000069889 0.983282506
1341846325.517875 0.838248014 -0.024519756 0.365136683 0.101767965 -0.155846193 0.003070868 0.982520163
1341846325.553859 0.833961666 -0.015855812 0.365142494 0.106106520 -0.151303455 0.001853750 0.982774317
1341846325.585855 0.811916471 0.025700316 0.356446475 0.113395862 -0.144915015 -0.000030511 0.982924700
1341846325.617990 0.803523719 0.067547336 0.357904851 0.116159409 -0.141965404 -0.003616979 0.983025849
1341846325.653982 0.803907812 0.050236888 0.354954541 0.111406937 -0.140331015 -0.006322452 0.983796597
1341846325.685819 0.802133203 0.038182817 0.357998222 0.114228666 -0.139017418 -0.003937381 0.983671963
1341846325.717857 0.774554253 0.091759562 0.362478614 0.125323653 -0.134121820 0.002116786 0.983006060
1341846325.754083 0.779418707 0.077734001 0.353895366 0.124765791 -0.135091349 0.007004065 0.982921600
1341846325.786087 0.790967822 0.077728100 0.352582455 0.129935145 -0.136202201 0.010451836 0.982067525
1341846325.821856 0.786180019 0.126947999 0.355921507 0.139864489 -0.133739367 0.011668374 0.981027842
1341846325.853827 0.764179945 0.148207918 0.364322335 0.143617675 -0.130924180 0.015450445 0.980813026
1341846325.885958 0.723128736 0.188227147 0.347385228 0.147652343 -0.127688244 0.020656612 0.980544686
1341846325.921984 0.733007252 0.206767648 0.365846455 0.149071172 -0.133990526 0.025434759 0.979376018
1341846325.953899 0.770710468 0.205954939 0.385478765 0.150586024 -0.138788760 0.027749304 0.978412807
1341846325.985823 0.772728324 0.219461665 0.388965011 0.153435454 -0.136847019 0.032445781 0.978099108
1341846326.021991 0.764627337 0.213564947 0.378828794 0.153882965 -0.135255635 0.038084902 0.978046775
1341846326.054055 0.773599863 0.232768461 0.384374052 0.160173208 -0.137600422 0.041611489 0.976565003
1341846326.089984 0.755059123 0.286624789 0.389571548 0.170034647 -0.132626668 0.041413739 0.975593805
1341846326.121822 0.758283079 0.288586825 0.387570888 0.168499768 -0.129162908 0.040328257 0.976370096
1341846326.154079 0.753520429 0.279642999 0.387096256 0.168263078 -0.126082569 0.036850419 0.976950765
1341846326.190178 0.746388435 0.326522410 0.401195675 0.176402807 -0.126409337 0.041863736 0.975269258
1341846326.222162 0.701511085 0.411488742 0.410847187 0.187649414 -0.122100607 0.048532929 0.973408341
1341846326.259181 0.696815491 0.409617394 0.403724670 0.181687325 -0.123360880 0.050974481 0.974255323
1341846326.322766 0.690220416 0.398294389 0.401437789 0.168272555 -0.121562839 0.050643314 0.976904333
1341846326.359773 0.697902620 0.394484669 0.404939950 0.163129836 -0.121094927 0.047447193 0.977994621
1341846326.392109 0.703493714 0.415674567 0.424068451 0.166344240 -0.121048152 0.048512813 0.977406502
1341846326.423985 0.684708178 0.420101643 0.422486126 0.169697776 -0.118068635 0.054228198 0.976893961
1341846326.459869 0.687087655 0.443587244 0.422687501 0.173706129 -0.121463820 0.057631794 0.975577414
1341846326.526163 0.714329839 0.461071849 0.442546904 0.171291798 -0.123291776 0.057562113 0.975779116
1341846326.560211 0.712868094 0.436211884 0.433700502 0.158498213 -0.118773095 0.059636321 0.978373528
1341846326.591828 0.701525986 0.412439823 0.439096242 0.151255369 -0.115351923 0.056130137 0.980135322
1341846326.627027 0.698383391 0.422669828 0.432355225 0.150906086 -0.112715587 0.056353673 0.980482936
1341846326.658442 0.732211173 0.405117810 0.435385078 0.142492831 -0.114165932 0.056289844 0.981577039
1341846326.694856 0.768091500 0.367332578 0.448773384 0.129781500 -0.117254555 0.057438854 0.982908428
1341846326.726206 0.766906857 0.368905008 0.445014268 0.122717574 -0.115782723 0.054251142 0.984170496
1341846326.762753 0.778522253 0.364427119 0.441146672 0.113557070 -0.114119947 0.049827520 0.985697031
1341846326.826821 0.778020322 0.353524625 0.452468067 0.091419831 -0.108707123 0.044629075 0.988854647
1341846326.858887 0.771878421 0.352208704 0.462086558 0.083805576 -0.106985427 0.041185714 0.989865899
1341846326.895360 0.785504162 0.360472381 0.470736802 0.084056966 -0.110760972 0.041216034 0.989427984
1341846326.926897 0.788416147 0.363472164 0.470241070 0.084698349 -0.115192220 0.042789835 0.988800347
1341846326.958888 0.794339299 0.382703155 0.473499209 0.087592386 -0.117323518 0.047147736 0.988099158
1341846326.994594 0.793611884 0.386037439 0.469427705 0.085730545 -0.116280012 0.050116498 0.988239646
1341846327.026301 0.738627732 0.393161714 0.446486682 0.083492234 -0.104615189 0.045666773 0.989949167
1341846327.063945 0.764141858 0.398444474 0.473616570 0.081615783 -0.107080668 0.042013574 0.990003824
1341846327.094662 0.769039810 0.393459350 0.473199993 0.078822806 -0.105968893 0.041134123 0.990386665
1341846327.128901 0.768640935 0.404191792 0.477257550 0.078118600 -0.106236771 0.040026970 0.990459025
1341846327.161940 0.730596662 0.415243328 0.455277145 0.077229284 -0.099402495 0.037103605 0.991351724
1341846327.193867 0.703821480 0.435918689 0.431709528 0.079136297 -0.092153274 0.034668464 0.991989553
1341846327.229885 0.680891037 0.445656687 0.410867363 0.079532780 -0.084587045 0.030442731 0.992770314
1341846327.262014 0.642564952 0.463872492 0.392870456 0.081508353 -0.071923457 0.027228203 0.993701160
1341846327.294023 0.585785270 0.476990014 0.375564456 0.087719016 -0.048851714 0.022315493 0.994696379
1341846327.330015 0.558948457 0.488191187 0.356116593 0.089454509 -0.034356143 0.019101633 0.995214880
1341846327.361939 0.525170147 0.510720134 0.320086688 0.087501004 -0.022216052 0.015650047 0.995793700
1341846327.393887 0.488409758 0.524536908 0.320004374 0.088170849 -0.013737857 0.009541497 0.995964944
1341846327.429966 0.454498827 0.518899083 0.290415138 0.081339270 -0.007502552 0.004786395 0.996646762
1341846327.461965 0.437669039 0.519562244 0.277873486 0.071779869 -0.009358447 0.000904576 0.997376204
1341846327.497931 0.405845135 0.506170273 0.281756967 0.064217582 -0.003811800 -0.003674037 0.997921884
1341846327.530068 0.364295989 0.512556434 0.275752604 0.061438162 0.003531440 -0.000922044 0.998104274
1341846327.561895 0.301850051 0.521530509 0.294861227 0.059680589 0.012284395 0.002563238 0.998138666
1341846327.598010 0.270029098 0.520285368 0.281682968 0.059594419 0.014297727 0.005357120 0.998105884
1341846327.629945 0.258245051 0.535342753 0.281091541 0.059925266 0.011422829 0.003356942 0.998131871
1341846327.662003 0.215795085 0.521207511 0.290388167 0.056817289 0.016836822 -0.001191130 0.998241901
1341846327.697919 0.182390079 0.524629354 0.267068326 0.056082245 0.021993548 -0.002078446 0.998181760
1341846327.730075 0.142143175 0.523025393 0.250952691 0.048234250 0.027991505 -0.002724009 0.998440087
1341846327.766017 0.119313791 0.522425473 0.249865934 0.042390782 0.031607490 -0.001300203 0.998600185
1341846327.797917 0.071693711 0.529078722 0.243542686 0.034653727 0.039217632 -0.002832881 0.998625576
1341846327.830054 0.062415548 0.529391348 0.251500994 0.027164582 0.040833198 -0.002470135 0.998793602
1341846327.865944 0.059111752 0.537849486 0.251177192 0.024191428 0.043652050 -0.002245891 0.998751342
1341846327.898010 0.074699521 0.555444360 0.256180435 0.022062184 0.041634526 -0.000548178 0.998889148
1341846327.929991 0.070062801 0.559019446 0.258665204 0.016742034 0.041130062 -0.003497278 0.999007463
1341846327.966065 0.072742164 0.569105446 0.252355784 0.011944760 0.041304592 -0.005863788 0.999058008
1341846327.998073 0.064977452 0.560699582 0.257929027 0.001733448 0.044286363 -0.008704846 0.998979449
1341846328.034045 0.058679856 0.571996212 0.255874604 -0.002706719 0.046695661 -0.010414153 0.998851240
1341846328.065993 0.065938681 0.573326886 0.257707536 -0.006864977 0.045937307 -0.009593452 0.998874664
1341846328.098045 0.057663865 0.563982189 0.263110518 -0.007876747 0.048016727 -0.007316585 0.998788714
1341846328.133967 0.056553546 0.561091125 0.257839799 -0.005828125 0.046543766 -0.003839764 0.998891890
1341846328.166023 0.059497289 0.550502300 0.252582014 -0.008269682 0.042173102 -0.002783695 0.999072254
1341846328.198018 0.042309958 0.544268429 0.256237239 -0.007258242 0.042502888 -0.005569824 0.999054492
1341846328.234044 0.053823531 0.537691116 0.252939582 -0.003666436 0.038733087 -0.004836365 0.999231160
1341846328.265899 0.030928591 0.531245887 0.255960196 -0.000809050 0.040950127 -0.006030113 0.999142706
1341846328.302051 0.048119135 0.529145718 0.245937228 0.005599440 0.037980545 -0.003586604 0.999256372
1341846328.333917 0.025042515 0.513301551 0.252864718 0.008136987 0.041022204 -0.001538845 0.999123991
1341846328.366008 0.025835531 0.522879541 0.255209655 0.018559143 0.040084392 -0.002983291 0.999019504
1341846328.402010 0.030205103 0.504418075 0.248743087 0.031653043 0.040607169 0.001565718 0.998672485
1341846328.433920 0.039483007 0.466023713 0.238009706 0.029020516 0.036022004 -0.001326225 0.998928666
1341846328.470003 0.050669145 0.429150462 0.231642514 0.026580755 0.033594191 -0.010449575 0.999027371
1341846328.502194 0.003402870 0.433336347 0.230631560 0.033871595 0.044329949 -0.020179641 0.998238623
1341846328.534033 -0.038310293 0.419615984 0.236319110 0.036116906 0.055045225 -0.024785630 0.997522593
1341846328.570125 -0.045674633 0.391987920 0.242761940 0.035793584 0.055782158 -0.020443184 0.997591734
1341846328.602804 -0.046803694 0.389684558 0.251772702 0.044360228 0.048706140 -0.011808902 0.997757792
1341846328.672663 -0.004406341 0.400989920 0.248276919 0.063241065 0.027733518 -0.015934594 0.997485638
1341846328.702975 -0.032383040 0.380844414 0.252173811 0.064458862 0.030092284 -0.019543262 0.997275054
1341846328.770129 -0.030233284 0.371133387 0.244429782 0.076458126 0.026602976 -0.022187235 0.996470869
1341846328.802331 -0.027650543 0.375298470 0.259143949 0.081364654 0.023092031 -0.022747578 0.996157169
1341846328.838051 -0.052227780 0.368843138 0.250475049 0.086183727 0.025298398 -0.026428444 0.995607316
1341846328.869939 -0.055419024 0.361569285 0.239453733 0.084967420 0.024953470 -0.028044926 0.995676339
1341846328.904486 -0.055691760 0.353601664 0.247295961 0.082025342 0.021694049 -0.026987020 0.996028543
1341846328.939814 -0.039372675 0.340315700 0.253082573 0.087133057 0.016519094 -0.026813755 0.995698750
1341846328.970217 -0.054883379 0.336071074 0.246074945 0.090607867 0.016997537 -0.023418605 0.995466173
1341846329.006232 -0.034109049 0.341023952 0.236341521 0.094393820 0.011359703 -0.018517362 0.995297909
1341846329.038243 -0.026638621 0.347409219 0.233869389 0.102820322 0.009445557 -0.018833170 0.994476795
1341846329.106125 -0.034872316 0.314491183 0.221924126 0.100350797 0.010510334 -0.022308331 0.994646490
1341846329.138340 -0.035047490 0.304957032 0.220244810 0.102314331 0.009687566 -0.023180671 0.994434834
1341846329.169991 -0.029517705 0.302230209 0.215384021 0.104257762 0.007747097 -0.024758650 0.994211912
1341846329.208656 -0.027584549 0.305000842 0.211430088 0.106921293 0.006400549 -0.025457671 0.993920982
1341846329.238169 -0.029643582 0.302259892 0.212077752 0.106145866 0.006339613 -0.024489840 0.994028747
1341846329.273827 -0.015588927 0.288221717 0.207644135 0.104027294 0.002479139 -0.021854829 0.994331241
1341846329.306052 -0.013192544 0.297285140 0.203394294 0.106768288 -0.000004637 -0.023497686 0.994006276
1341846329.338104 -0.016524434 0.278811097 0.197503626 0.099312328 -0.000515804 -0.027583390 0.994673848
1341846329.373907 -0.012475058 0.290573061 0.196465641 0.101551950 -0.001830290 -0.026599484 0.994472921
1341846329.405985 -0.010971321 0.264803916 0.193998203 0.099322990 -0.003721306 -0.029408114 0.994613647
1341846329.442057 -0.005749491 0.267807871 0.192073286 0.099754535 -0.004735020 -0.033682756 0.994430542
1341846329.473950 -0.001996551 0.257367253 0.189798117 0.099465802 -0.006881374 -0.039675921 0.994225860
1341846329.506147 -0.011325134 0.269727141 0.183956757 0.103227973 -0.006947148 -0.042508036 0.993724763
1341846329.542121 -0.003807365 0.213618129 0.176249802 0.092066765 -0.012161708 -0.041871347 0.994797826
1341846329.574086 -0.006534615 0.221042618 0.179016948 0.098853275 -0.013654543 -0.043092307 0.994074821
1341846329.606387 -0.003201768 0.224557638 0.167415723 0.103030570 -0.014294527 -0.045367423 0.993540227
1341846329.641955 -0.009724621 0.219287649 0.167714730 0.102470286 -0.014886239 -0.044759270 0.993617117
1341846329.681570 0.004700840 0.224812031 0.162357971 0.104858160 -0.020259807 -0.042707428 0.993363202
1341846329.748113 -0.001612402 0.226572230 0.167872325 0.108162917 -0.018333130 -0.044568256 0.992964447
1341846329.810175 -0.014179670 0.220810294 0.162889883 0.109248348 -0.013565393 -0.039388761 0.993141174
1341846329.842255 -0.013141599 0.176981390 0.158285856 0.103957079 -0.014231575 -0.036588058 0.993806660
1341846329.874044 -0.022632251 0.149243146 0.159069777 0.101466797 -0.013181634 -0.032919101 0.994206786
1341846329.910073 -0.027577618 0.162449449 0.156077459 0.103786193 -0.013348781 -0.032196373 0.993988752
1341846329.942009 -0.035164438 0.156886011 0.157659978 0.098457314 -0.012341282 -0.027134916 0.994694710
1341846329.978087 -0.009964325 0.145994410 0.155047789 0.099005885 -0.017157383 -0.025143728 0.994621217
1341846330.016305 -0.011906373 0.159767389 0.146750689 0.102479458 -0.015124520 -0.029437035 0.994184434
1341846330.048192 -0.024806049 0.171206713 0.148390889 0.099351533 -0.011915419 -0.025001043 0.994666934
1341846330.080418 -0.020072412 0.140860602 0.150312677 0.092913330 -0.012666710 -0.022747137 0.995333731
1341846330.115886 -0.028091118 0.141361877 0.151753187 0.098223791 -0.010208953 -0.022543330 0.994856656
1341846330.147839 -0.020773623 0.142678678 0.145136312 0.098351553 -0.012451734 -0.021945067 0.994831860
1341846330.181257 -0.009063028 0.157605320 0.140220135 0.095169447 -0.014500386 -0.018306196 0.995187104
1341846330.215852 0.022794256 0.119660214 0.135483101 0.083571911 -0.018349515 -0.019261366 0.996146619
1341846330.247833 0.022004444 0.124754116 0.131405011 0.084143728 -0.018180514 -0.016965378 0.996143341
1341846330.283913 0.017379813 0.106803894 0.118532754 0.074003495 -0.017711904 -0.014922747 0.996989071
1341846330.316011 0.037059423 0.097142823 0.113703340 0.068550237 -0.021910742 -0.017109344 0.997260273
1341846330.347868 0.033836741 0.094402589 0.114796214 0.066732265 -0.022995129 -0.017517081 0.997352123
1341846330.383835 0.035626456 0.095264308 0.117371686 0.065856680 -0.023608096 -0.017385690 0.997398257
1341846330.415934 0.033666048 0.099027470 0.115560532 0.068128943 -0.022365361 -0.018230990 0.997259259
1341846330.452561 0.029208459 0.101396173 0.112228252 0.071769491 -0.022460256 -0.019510925 0.996977508
1341846330.483903 0.031642344 0.094965376 0.103695042 0.069622062 -0.025023438 -0.016798235 0.997118115
1341846330.515970 0.037117928 0.094924971 0.102133051 0.070056237 -0.028195158 -0.013144679 0.997057915
1341846330.552099 0.048515487 0.084220938 0.102542646 0.069219507 -0.031183248 -0.009972486 0.997064114
1341846330.583876 0.044095192 0.078527056 0.097967453 0.066683307 -0.031375460 -0.009184307 0.997238457
1341846330.619992 0.049157739 0.096270405 0.102809712 0.064556219 -0.033817701 -0.009584404 0.997294903
1341846330.652136 0.043714173 0.115608342 0.096285269 0.062261391 -0.033841431 -0.013085760 0.997400165
1341846330.683796 0.026250284 0.100465551 0.090244181 0.055465974 -0.031234914 -0.013846823 0.997875869
1341846330.719991 0.029998649 0.106674641 0.093343392 0.055749446 -0.034752376 -0.012528046 0.997761190
1341846330.752103 0.028038401 0.116272822 0.081911750 0.059576754 -0.038965452 -0.007989479 0.997430921
1341846330.787952 0.023426002 0.118482225 0.073106676 0.059858337 -0.043579184 -0.003738806 0.997248173
1341846330.819823 0.021188863 0.116651841 0.078530356 0.058020860 -0.046704881 -0.002324019 0.997219563
1341846330.852208 0.021897972 0.115746714 0.064359613 0.056644790 -0.048313510 -0.002461049 0.997221708
1341846330.914111 0.011047168 0.113732196 0.060557086 0.045818791 -0.049776904 -0.003089386 0.997704029
1341846330.949903 0.000985623 0.136613965 0.051836923 0.047908664 -0.049598090 -0.000670396 0.997619390
1341846330.981986 0.012580059 0.144742057 0.050171364 0.049753655 -0.056872617 -0.001384026 0.997139990
1341846331.014111 0.023727963 0.138319716 0.061188813 0.047778804 -0.062615149 -0.001307267 0.996892571
1341846331.082139 0.010040686 0.170370251 0.044156894 0.055441078 -0.063183181 -0.005877045 0.996443510
1341846331.114334 0.019996179 0.151968107 0.045752008 0.051156770 -0.066868283 -0.004402015 0.996439815
1341846331.149989 -0.014423209 0.179579109 0.038470667 0.057797920 -0.061331175 -0.004816723 0.996430993
1341846331.181954 -0.030262405 0.181566700 0.024810804 0.060396768 -0.058962326 -0.005374106 0.996417046
1341846331.218151 -0.041891769 0.184030145 0.009463748 0.058790691 -0.060558293 -0.003794664 0.996424615
1341846331.249914 -0.065685719 0.209396437 0.005415216 0.062994853 -0.056673113 -0.005422171 0.996388733
1341846331.318141 -0.068273723 0.227094278 -0.011276003 0.075825341 -0.046068802 -0.007714605 0.996026456
1341846331.349926 -0.083530851 0.219615877 -0.016416205 0.073393293 -0.040781692 -0.008335688 0.996434093
1341846331.382003 -0.124018483 0.202424929 -0.025819780 0.073773451 -0.026192481 -0.008543667 0.996894419
1341846331.418008 -0.095428564 0.200906187 -0.015197098 0.080823749 -0.021786844 -0.006144980 0.996471345
1341846331.450327 -0.092154644 0.213671669 -0.015576047 0.085036300 -0.018380042 -0.004746786 0.996197045
1341846331.486219 -0.079881735 0.205401808 -0.023103068 0.081997119 -0.019250127 -0.005626475 0.996430755
1341846331.518344 -0.093959093 0.214577407 -0.015399810 0.083010659 -0.015439031 -0.004640489 0.996418297
1341846331.550202 -0.112970330 0.233504638 -0.007322540 0.089975312 -0.007127251 -0.005478431 0.995903492
1341846331.586139 -0.099017322 0.221593693 -0.012182368 0.088501953 -0.009115390 -0.007718679 0.996004403
1341846331.617931 -0.098293267 0.215678170 -0.000601681 0.086456798 -0.008390602 -0.006497619 0.996199131
1341846331.654027 -0.093458101 0.198268592 0.018873325 0.085364819 -0.005108696 -0.004234585 0.996327698
1341846331.686123 -0.073761240 0.190435022 0.011116759 0.085228592 -0.006118408 -0.004633287 0.996331871
1341846331.717954 -0.061766259 0.178901196 0.006773930 0.078314155 -0.009983537 -0.006678949 0.996856451
1341846331.754076 -0.084380455 0.189260885 0.022946879 0.080064818 -0.004934607 -0.004408123 0.996767759
1341846331.785920 -0.070849486 0.187231973 0.023441473 0.082585350 -0.004624133 -0.005888987 0.996555865
1341846331.818053 -0.069581240 0.184497997 0.024293410 0.081497356 -0.003948336 -0.006649411 0.996643603
1341846331.853849 -0.069613047 0.181551784 0.029327612 0.080229633 -0.003335392 -0.007012522 0.996746182
1341846331.885987 -0.076236218 0.172389850 0.038926676 0.082265027 0.001773303 -0.006760115 0.996585965
1341846331.922014 -0.090005532 0.168435141 0.043171450 0.081988446 0.007090729 -0.007385257 0.996580720
1341846331.954037 -0.083094433 0.166405424 0.053423986 0.082262188 0.009116083 -0.007114259 0.996543646
1341846331.986135 -0.102223404 0.179018527 0.056998760 0.088588923 0.018846041 -0.004872070 0.995878041
1341846332.022364 -0.109345548 0.172860667 0.067581505 0.094756007 0.024216976 -0.007325334 0.995179057
1341846332.054175 -0.090132475 0.168950543 0.062201113 0.099859439 0.021293974 -0.003624497 0.994767129
1341846332.086502 -0.103451900 0.177029744 0.055152409 0.103982851 0.024609791 -0.002606751 0.994271219
1341846332.122051 -0.114105292 0.189384118 0.050767224 0.107643634 0.028041353 -0.003263899 0.993788660
1341846332.153983 -0.093127474 0.159512624 0.046669904 0.098410092 0.024009086 -0.006273646 0.994836509
1341846332.190165 -0.097443290 0.163745716 0.048663333 0.092679508 0.022942865 -0.009232843 0.995388865
1341846332.254145 -0.094514228 0.174256936 0.064980797 0.097879618 0.023620386 -0.010946597 0.994857728
1341846332.289948 -0.112817690 0.177125379 0.068127781 0.099634103 0.025873007 -0.007709435 0.994657874
1341846332.322172 -0.092515729 0.164902210 0.078074709 0.098584630 0.021832656 -0.006599849 0.994867265
1341846332.354003 -0.086937897 0.150669426 0.086930014 0.099227458 0.023695057 -0.007964732 0.994750738
1341846332.390180 -0.097269051 0.156026289 0.074173756 0.100103594 0.029267590 -0.012057223 0.994473398
1341846332.422055 -0.103188202 0.162132218 0.064378895 0.097739413 0.031857435 -0.015768195 0.994577110
1341846332.458114 -0.090819158 0.149824157 0.096117824 0.096581072 0.033610057 -0.018297629 0.994589210
1341846332.489993 -0.097977474 0.155752987 0.103258759 0.098294526 0.035783064 -0.015958603 0.994385779
1341846332.522130 -0.094375886 0.127204776 0.109768972 0.092653051 0.031323358 -0.008502459 0.995169342
1341846332.558114 -0.102102518 0.130474314 0.123241849 0.093032829 0.027588582 -0.002297631 0.995278120
1341846332.589874 -0.092368037 0.133729771 0.111648180 0.092438832 0.023553267 -0.000965264 0.995439351
1341846332.621889 -0.093058944 0.148077533 0.112941690 0.089554235 0.023312509 0.001507363 0.995707989
1341846332.658202 -0.099873431 0.134936988 0.118402451 0.083252147 0.025522154 -0.000545982 0.996201515
1341846332.690001 -0.107767321 0.137365386 0.125151977 0.081638791 0.027639918 0.000220667 0.996278703
1341846332.726000 -0.125147864 0.142751679 0.136514723 0.082657732 0.030394094 0.004672816 0.996103466
1341846332.758386 -0.115759149 0.133754939 0.140365437 0.081142604 0.025983697 0.004331774 0.996354342
1341846332.789937 -0.121876925 0.126315564 0.135283470 0.077747852 0.028582159 0.002506964 0.996560156
1341846332.825925 -0.128086627 0.120686986 0.142773077 0.075336345 0.032447830 0.002786022 0.996626258
1341846332.857898 -0.122261129 0.137351230 0.147224262 0.079951070 0.032402359 0.002270984 0.996269464
1341846332.894069 -0.128351256 0.137191772 0.140000716 0.077645943 0.032458670 0.001627691 0.996451199
1341846332.926029 -0.158891454 0.133846790 0.146134987 0.072899722 0.040168826 -0.001600800 0.996528745
1341846332.958015 -0.177994475 0.138508946 0.150438860 0.071604043 0.046812303 -0.000595675 0.996333897
1341846332.994073 -0.194519356 0.136761948 0.150064975 0.068209678 0.051078826 -0.002373552 0.996359766
1341846333.026545 -0.225661159 0.113123506 0.152838767 0.058718320 0.057998061 -0.008667195 0.996550739
1341846333.057998 -0.244967028 0.102292836 0.138954565 0.053012595 0.062494095 -0.013249538 0.996548355
1341846333.094024 -0.283629298 0.096122004 0.142928615 0.052550163 0.071066871 -0.009984149 0.996036291
1341846333.126095 -0.314486712 0.094722793 0.142244637 0.053243250 0.078909680 -0.008056669 0.995426357
1341846333.161973 -0.341557056 0.099029951 0.137181088 0.052449629 0.086031489 -0.007548471 0.994882286
1341846333.195660 -0.364707887 0.089031786 0.140004873 0.047091246 0.092544593 -0.007182166 0.994568467
1341846333.226331 -0.370260745 0.081311084 0.134064004 0.044869121 0.094411567 -0.008253230 0.994487405
1341846333.262056 -0.378815949 0.067444295 0.126474202 0.037437212 0.095650032 -0.010738844 0.994652808
1341846333.294147 -0.411656171 0.064092875 0.132485852 0.033966582 0.102376781 -0.013484797 0.994074225
1341846333.326100 -0.435321599 0.054622188 0.132995933 0.029770605 0.105331056 -0.013597373 0.993898511
1341846333.362100 -0.366097361 0.070051260 0.139353603 0.028349787 0.093056574 -0.013469582 0.995166004
1341846333.394119 -0.382864296 0.062534891 0.146483883 0.024367321 0.095166095 -0.013905482 0.995065987
1341846333.429974 -0.372797072 0.056503106 0.143254042 0.022005303 0.091630206 -0.013227004 0.995462120
1341846333.462115 -0.392733604 0.052696329 0.144654945 0.021008963 0.095817730 -0.015356133 0.995058715
1341846333.494040 -0.371523529 0.054909304 0.146977708 0.022527015 0.093071178 -0.016381163 0.995269835
1341846333.529953 -0.351508945 0.069273241 0.148521766 0.026537631 0.091042966 -0.016639290 0.995354295
1341846333.562063 -0.365318298 0.060526256 0.148292810 0.025263878 0.095545791 -0.014729193 0.994995415
1341846333.594090 -0.377616048 0.070310511 0.151093572 0.025013015 0.096783452 -0.013762222 0.994895995
1341846333.629994 -0.373508394 0.065428697 0.150222316 0.020042852 0.093643956 -0.014589773 0.995297074
1341846333.662127 -0.395728290 0.068325579 0.150064200 0.017776545 0.097161204 -0.015884038 0.994983196
1341846333.697964 -0.418981493 0.064444706 0.153384134 0.015733058 0.100935794 -0.013951148 0.994670749
1341846333.730092 -0.449509263 0.067289561 0.150930852 0.019258102 0.106733471 -0.014130413 0.994000733
1341846333.762089 -0.481699497 0.066402458 0.151596725 0.020568743 0.112724565 -0.011419488 0.993347764
1341846333.798006 -0.505881310 0.065081105 0.152983218 0.021970879 0.116955109 -0.011128571 0.992831826
1341846333.830055 -0.525047719 0.064039469 0.146843135 0.024422668 0.121369034 -0.013386449 0.992216706
1341846333.866045 -0.538335919 0.066708744 0.145411491 0.025887713 0.124609105 -0.014765970 0.991758287
1341846333.897987 -0.529288292 0.069317207 0.142550007 0.028404802 0.122440755 -0.016118402 0.991938353
1341846333.930099 -0.547975481 0.069413275 0.141013354 0.031609576 0.126425907 -0.018269375 0.991303980
1341846333.965889 -0.560376346 0.072286040 0.138927132 0.034467418 0.129104897 -0.018965226 0.990850270
1341846333.997985 -0.587153912 0.073751971 0.135927126 0.037894443 0.134562477 -0.019225072 0.989993691
1341846334.030076 -0.609604061 0.071495645 0.139365822 0.040590528 0.138963729 -0.017589454 0.989308894
1341846334.066000 -0.621116102 0.071738064 0.137336344 0.042613912 0.140242189 -0.016768057 0.989057660
1341846334.097932 -0.640466809 0.077955455 0.136600345 0.045922939 0.143663198 -0.017565839 0.988404512
1341846334.133884 -0.657181263 0.087315179 0.135993794 0.049752541 0.147224844 -0.018553741 0.987676740
1341846334.166115 -0.670076311 0.086950764 0.134705827 0.049808644 0.147447705 -0.017659403 0.987657011
1341846334.198072 -0.685607493 0.093081534 0.130534381 0.051395603 0.148169219 -0.020279141 0.987417400
1341846334.234097 -0.702278376 0.099608965 0.126043156 0.052868716 0.151577741 -0.022656580 0.986770451
1341846334.266045 -0.698415399 0.090292513 0.125179976 0.051398359 0.151294440 -0.020066299 0.986947596
1341846334.297946 -0.708677351 0.091873981 0.125076592 0.052965082 0.150848284 -0.018459972 0.986964405
1341846334.334036 -0.711583853 0.094179839 0.115086988 0.053512577 0.148978427 -0.018448004 0.987219095
1341846334.365871 -0.722571254 0.092747696 0.114302643 0.052135982 0.150490686 -0.020130202 0.987030506
1341846334.401845 -0.729742944 0.093897104 0.117819741 0.051148802 0.151885554 -0.021740669 0.986834347
1341846334.433864 -0.745220840 0.095364474 0.111546025 0.052177515 0.152870730 -0.020560544 0.986653626
1341846334.466105 -0.757280529 0.097536281 0.109337337 0.052735355 0.152931571 -0.019745877 0.986631155
1341846334.502142 -0.769840717 0.099523731 0.106350273 0.051486872 0.153273433 -0.018913122 0.986660361
1341846334.540153 -0.774819613 0.103663772 0.104887135 0.052158024 0.152349189 -0.020054623 0.986745715
1341846334.602351 -0.794535458 0.111573011 0.090030447 0.046888348 0.150274277 -0.027541624 0.987147748
1341846334.670161 -0.802632630 0.113112517 0.073463969 0.041834835 0.147807777 -0.032211583 0.987605751
1341846334.702085 -0.809379995 0.115924791 0.064694300 0.041636568 0.146141410 -0.031202724 0.987894475
1341846334.734751 -0.808984339 0.117104165 0.053941362 0.042049877 0.142344236 -0.029691573 0.988477826
1341846334.770889 -0.812117934 0.121654488 0.042359736 0.043359350 0.140706658 -0.026772752 0.988739014
1341846334.802194 -0.808832824 0.123258270 0.031207949 0.042923223 0.136497855 -0.026155056 0.989364386
1341846334.833908 -0.802165806 0.130753472 0.021664867 0.043775007 0.133276716 -0.028439976 0.989703119
1341846334.869874 -0.799524546 0.131190374 0.009317477 0.041966960 0.131767467 -0.027218509 0.990017831
1341846334.902006 -0.788046777 0.114704698 -0.011734317 0.036968339 0.126578346 -0.024075232 0.990975142
1341846334.938010 -0.781634510 0.120083191 -0.026191685 0.037635650 0.121598445 -0.024670983 0.991558731
1341846334.970032 -0.768335879 0.122365445 -0.036244251 0.037737466 0.118227154 -0.025960697 0.991929591
1341846335.002203 -0.770133793 0.120657586 -0.053444244 0.039167613 0.117674299 -0.024016980 0.991988838
1341846335.037880 -0.782108128 0.106888451 -0.077891529 0.038340770 0.115798354 -0.020890020 0.992312670
1341846335.069990 -0.772033393 0.123193190 -0.087378651 0.041946474 0.111244433 -0.023183022 0.992636740
1341846335.106038 -0.763401568 0.131697074 -0.080003642 0.044174038 0.110002525 -0.025878699 0.992611885
1341846335.138045 -0.775257409 0.123373874 -0.089270510 0.043796673 0.111748502 -0.024997519 0.992456198
1341846335.169900 -0.805195212 0.114978559 -0.110062815 0.041430764 0.113548346 -0.025204232 0.992348254
1341846335.206091 -0.802889585 0.119011648 -0.116183951 0.041164104 0.111189015 -0.027090762 0.992576718
1341846335.239365 -0.793863118 0.121685162 -0.117005825 0.042290814 0.110236906 -0.030494597 0.992536843
1341846335.269948 -0.802686155 0.118575454 -0.127932608 0.043547448 0.111828789 -0.030836577 0.992293894
1341846335.305972 -0.824986339 0.099178344 -0.133166149 0.041193653 0.112828575 -0.030755412 0.992283702
1341846335.338012 -0.825202048 0.110698313 -0.135742292 0.045073193 0.111530624 -0.029959057 0.992286146
1341846335.374005 -0.837093532 0.120611079 -0.145467952 0.053423990 0.115055397 -0.030771347 0.991444051
1341846335.406025 -0.850937009 0.116004132 -0.144944668 0.058847487 0.118904538 -0.029009148 0.990735710
1341846335.438079 -0.863644063 0.108224355 -0.153675184 0.061386883 0.120905794 -0.025738619 0.990429699
1341846335.473998 -0.857403219 0.100673616 -0.163118914 0.061812263 0.121028885 -0.025655199 0.990390360
1341846335.507038 -0.851871133 0.122133084 -0.176503673 0.065977469 0.122037224 -0.028171023 0.989929497
1341846335.538040 -0.831949174 0.126895785 -0.194496021 0.065377906 0.120177127 -0.028466776 0.990188301
1341846335.574119 -0.842213571 0.093626373 -0.204412684 0.056327268 0.120505810 -0.027867973 0.990721524
1341846335.605970 -0.842689335 0.122514844 -0.208302513 0.060680881 0.119792752 -0.028993312 0.990518510
1341846335.641978 -0.836297274 0.126992300 -0.219331741 0.061983671 0.119474985 -0.031597923 0.990396619
1341846335.673993 -0.847210705 0.127769113 -0.232479662 0.061084069 0.121285327 -0.030483512 0.990267336
1341846335.706178 -0.866197884 0.116027489 -0.232843101 0.058606286 0.122085668 -0.029800180 0.990339518
1341846335.741982 -0.849746108 0.130894810 -0.251273125 0.061932914 0.119102843 -0.030939726 0.990465343
1341846335.773960 -0.873125672 0.131787464 -0.256013989 0.061235033 0.122905307 -0.031740200 0.990018785
1341846335.806271 -0.862392306 0.141268477 -0.270942301 0.060851846 0.119844891 -0.031612877 0.990421593
1341846335.842031 -0.885191977 0.120111853 -0.270184577 0.055731453 0.124332860 -0.031958330 0.990158617
1341846335.873966 -0.876180589 0.135112211 -0.281707942 0.059104953 0.123735614 -0.032327924 0.990025818
1341846335.910005 -0.887039065 0.130501255 -0.293465763 0.057282053 0.124203153 -0.029324206 0.990167916
1341846335.941936 -0.890350401 0.126002491 -0.304459661 0.055439949 0.121778868 -0.029261298 0.990575671
1341846335.974198 -0.883926332 0.139878407 -0.313286185 0.057422396 0.119505309 -0.031331338 0.990676343
1341846336.010032 -0.908490121 0.136527643 -0.317393661 0.055985726 0.123012692 -0.032129724 0.990303636
1341846336.042129 -0.926879227 0.128205791 -0.323192298 0.053231757 0.123673566 -0.030914096 0.990411818
1341846336.078076 -0.923652887 0.141036361 -0.330155253 0.055762667 0.120798059 -0.032284640 0.990583718
1341846336.110739 -0.935812473 0.146654502 -0.329101831 0.056936949 0.122336440 -0.034399576 0.990256846
1341846336.142002 -0.917033851 0.141905189 -0.360988557 0.055780292 0.118008189 -0.031738248 0.990936637
1341846336.183953 -0.904657423 0.142313004 -0.373673469 0.055113845 0.112490244 -0.031234350 0.991631448
1341846336.241891 -0.921873510 0.153889239 -0.364992738 0.055188935 0.113951556 -0.032098845 0.991432786
1341846336.277946 -0.907995641 0.141675785 -0.371449888 0.054129004 0.110540926 -0.027053349 0.992027700
1341846336.309977 -0.929139972 0.147257000 -0.386039436 0.057341065 0.111193649 -0.024164073 0.991848826
1341846336.346143 -0.944000006 0.151320234 -0.393641353 0.059571870 0.111695029 -0.025312185 0.991632342
1341846336.377975 -0.897644699 0.157607630 -0.420496166 0.061291210 0.104175270 -0.025539540 0.992339969
1341846336.410032 -0.854338050 0.157785967 -0.443877548 0.061698891 0.097226627 -0.024285667 0.993051112
1341846336.446041 -0.804916382 0.158072576 -0.465526700 0.060456567 0.088428907 -0.022605967 0.993989110
1341846336.477990 -0.759946823 0.167498052 -0.489427119 0.061407551 0.080749616 -0.021818405 0.994601727
1341846336.510056 -0.705103219 0.149553925 -0.499215931 0.057971604 0.072037995 -0.015550058 0.995594323
1341846336.546024 -0.663598001 0.160638601 -0.525055051 0.062125850 0.065328471 -0.014317171 0.995825112
1341846336.578003 -0.609107375 0.157359228 -0.548331916 0.060001519 0.055747818 -0.011001355 0.996579647
1341846336.614020 -0.567236483 0.161598831 -0.566755235 0.060518656 0.050641779 -0.011269039 0.996817946
1341846336.645982 -0.524150848 0.147699937 -0.578561425 0.055645827 0.044390857 -0.009864761 0.997414529
1341846336.678036 -0.508199632 0.156345233 -0.605229557 0.055093609 0.040312544 -0.006163946 0.997648060
1341846336.714024 -0.461109102 0.151810795 -0.615311623 0.056336075 0.031753909 -0.004461941 0.997896850
1341846336.746016 -0.394091338 0.152845338 -0.624948084 0.060815565 0.017671777 -0.002451544 0.997989595
1341846336.778014 -0.348968685 0.144154668 -0.644021988 0.060673423 0.007801834 0.004139740 0.998118639
1341846336.820006 -0.298584938 0.135471433 -0.653500676 0.058992840 -0.002972510 0.007082913 0.998228848
1341846336.882056 -0.215584129 0.131024227 -0.673162758 0.060098108 -0.017472630 0.012192928 0.997965097
1341846336.914273 -0.147277042 0.133129030 -0.667421937 0.063281611 -0.034768503 0.014787629 0.997280300
1341846336.945998 -0.086056545 0.141390890 -0.657359123 0.070615537 -0.050497521 0.012266757 0.996149123
1341846336.981980 -0.038897388 0.130841225 -0.646652937 0.068641655 -0.062774710 0.014216159 0.995562971
1341846337.014238 0.020494934 0.133766770 -0.609226406 0.065134041 -0.074965253 0.014712888 0.994947970
1341846337.046017 0.061148196 0.112981044 -0.566853106 0.058828119 -0.082229324 0.014364715 0.994771957
1341846337.082104 0.088034600 0.091401391 -0.548712313 0.051656161 -0.086946391 0.023029855 0.994606256
1341846337.114317 0.139807582 0.097030871 -0.527165174 0.050486267 -0.099298060 0.025152745 0.993457794
1341846337.150037 0.182504371 0.095017865 -0.503796756 0.047705278 -0.108754285 0.022645753 0.992665052
1341846337.181873 0.209379181 0.082256287 -0.473111987 0.044321325 -0.112810522 0.023045123 0.992359996
1341846337.214073 0.242551893 0.093081921 -0.467224419 0.042958643 -0.117073715 0.026625479 0.991836369
1341846337.250087 0.279218525 0.088778198 -0.445349187 0.039690282 -0.125787631 0.027163206 0.990890741
1341846337.282028 0.323407590 0.097819127 -0.444870770 0.043048561 -0.137048572 0.024780661 0.989318192
1341846337.317920 0.351763755 0.103764988 -0.442798644 0.043401327 -0.142344788 0.025798462 0.988528609
1341846337.350018 0.378135175 0.107971534 -0.447697401 0.042301323 -0.146317035 0.028749567 0.987914681
1341846337.382159 0.400588363 0.116048299 -0.451232076 0.043305628 -0.148180127 0.019456504 0.987820208
1341846337.417941 0.422066301 0.122173935 -0.455624640 0.046462856 -0.151559666 0.020045925 0.987152040
1341846337.450137 0.453367203 0.131827310 -0.482900590 0.049355842 -0.157871485 0.016532756 0.986086845
1341846337.482096 0.458812952 0.139358938 -0.476204067 0.050362717 -0.158642158 0.012797288 0.985967815
1341846337.518008 0.469921350 0.155362993 -0.470659971 0.055738769 -0.161387146 0.010204273 0.985263109
1341846337.549978 0.465537280 0.151672527 -0.482226342 0.053783268 -0.160423368 0.012459375 0.985503137
1341846337.585971 0.475014985 0.149509892 -0.473632872 0.051112007 -0.163046435 0.011557375 0.985225797
1341846337.617903 0.473579973 0.158104047 -0.467419118 0.055994201 -0.162951142 0.012554302 0.984963953
1341846337.650141 0.476585150 0.152291358 -0.469978958 0.055387858 -0.163497761 0.012368619 0.984910011
1341846337.686352 0.490536630 0.148257822 -0.463685364 0.051598538 -0.166052982 0.013721680 0.984670341
1341846337.718002 0.495560050 0.162076086 -0.452299148 0.053335190 -0.166463137 0.013162955 0.984516203
1341846337.749920 0.500163913 0.143014178 -0.435884237 0.047877628 -0.165203705 0.012930550 0.985011816
1341846337.786157 0.511124432 0.134911776 -0.419726312 0.041848868 -0.164833784 0.014592995 0.985325098
1341846337.817945 0.526732862 0.145662919 -0.406913787 0.042201530 -0.165737659 0.015942654 0.985137582
1341846337.854071 0.511130869 0.144796774 -0.416660041 0.040846609 -0.159310415 0.011988381 0.986310303
1341846337.885951 0.529769838 0.159760714 -0.409917593 0.040401708 -0.160850167 0.011812892 0.986080825
1341846337.918223 0.519406617 0.161954865 -0.404091358 0.036942210 -0.157892376 0.007437802 0.986737072
1341846337.954120 0.502257824 0.153562039 -0.395466805 0.033195123 -0.153849319 0.005136300 0.987523198
1341846337.985994 0.508385599 0.149293661 -0.389268905 0.028473387 -0.153539374 0.007600803 0.987702966
1341846338.018107 0.495629221 0.174295187 -0.387556165 0.030605512 -0.149949953 0.003809748 0.988212466
1341846338.054055 0.510760128 0.182030290 -0.383805901 0.029373864 -0.151380613 0.003298222 0.988033533
1341846338.085986 0.504784167 0.174923375 -0.371878743 0.024864752 -0.146596402 0.003608052 0.988877296
1341846338.121875 0.495946586 0.157898158 -0.361950815 0.020038363 -0.142796338 0.007545891 0.989520490
1341846338.154089 0.501604438 0.149597242 -0.347694725 0.016516034 -0.144045174 0.010914594 0.989373088
1341846338.186029 0.525208116 0.147429675 -0.324012041 0.014089851 -0.148901090 0.014036725 0.988652050
1341846338.222071 0.540385246 0.157410771 -0.313338876 0.014436061 -0.150226846 0.013088069 0.988459527
1341846338.254107 0.532139301 0.150995791 -0.299919039 0.011784059 -0.147377864 0.014746363 0.988900185
1341846338.290130 0.541068494 0.161094055 -0.283802181 0.014136194 -0.149531007 0.016107092 0.988524795
1341846338.321952 0.514782727 0.162315041 -0.300796628 0.014377957 -0.143502399 0.016285259 0.989411533
1341846338.354022 0.521735132 0.165111020 -0.285293818 0.014488294 -0.144559041 0.016067693 0.989259660
1341846338.389969 0.510851145 0.147608787 -0.280243635 0.009426173 -0.141805440 0.016995091 0.989703834
1341846338.422377 0.496443391 0.139801383 -0.270842522 0.006636389 -0.138863966 0.015859513 0.990162253
1341846338.454010 0.500806034 0.137710273 -0.259669304 0.004983550 -0.140646070 0.014495629 0.989941359
1341846338.489894 0.499579638 0.141801998 -0.250720918 0.004605958 -0.140888661 0.015184576 0.989898324
1341846338.522066 0.490724504 0.138380229 -0.241295710 0.004861156 -0.138898000 0.014916785 0.990182400
1341846338.558058 0.491847605 0.136575013 -0.239797965 0.003074747 -0.139537185 0.014573866 0.990104795
1341846338.589842 0.481704473 0.136695847 -0.231616676 0.001581093 -0.137526378 0.013362430 0.990406752
1341846338.622019 0.468332350 0.136643946 -0.225138858 0.003231857 -0.134220123 0.014034539 0.990846872
1341846338.657984 0.467443556 0.140625939 -0.231622458 0.003516344 -0.134167761 0.016988009 0.990806818
1341846338.690198 0.454580069 0.132017210 -0.229921669 -0.000026610 -0.131483763 0.015275762 0.991200626
1341846338.722454 0.444242388 0.122600898 -0.216183558 -0.002216387 -0.128444239 0.014755874 0.991604507
1341846338.757945 0.447533756 0.126482680 -0.215263903 -0.002639475 -0.129651487 0.017057378 0.991409421
1341846338.790039 0.445645124 0.136751622 -0.203839421 -0.001763763 -0.131760895 0.015881080 0.991152763
1341846338.826048 0.435362816 0.125116482 -0.195144296 -0.002884870 -0.127943069 0.013961374 0.991679072
1341846338.858027 0.439972937 0.126989007 -0.194039449 -0.003312025 -0.127720654 0.013681740 0.991710305
1341846338.889902 0.436101586 0.135287523 -0.187278241 -0.003457800 -0.128011987 0.013245728 0.991678178
1341846338.925948 0.429384559 0.127436981 -0.175419971 -0.005452676 -0.125572130 0.010870647 0.992009997
1341846338.958108 0.424817026 0.126315594 -0.163061827 -0.005522531 -0.123338081 0.010027988 0.992298722
1341846338.990057 0.417828858 0.129441395 -0.154790938 -0.004137294 -0.121684015 0.011389669 0.992494941
1341846339.025928 0.419225037 0.127431318 -0.144639835 -0.002207187 -0.121098936 0.010946895 0.992577672
1341846339.057939 0.415457547 0.124887757 -0.134187877 -0.001186708 -0.117799975 0.011959861 0.992964625
1341846339.093927 0.417519897 0.137391493 -0.133450463 -0.000602434 -0.119697876 0.013820168 0.992713988
1341846339.126562 0.417690456 0.130881116 -0.125614107 -0.005295215 -0.119927771 0.011311865 0.992704093
1341846339.157969 0.414203286 0.131854728 -0.105642766 -0.007484226 -0.116535209 0.008644078 0.993120790
1341846339.194113 0.417451143 0.143902361 -0.098592415 -0.007470241 -0.116840646 0.010829777 0.993063569
1341846339.228165 0.423402131 0.143047720 -0.085761264 -0.011957061 -0.120168217 0.013248513 0.992593169
1341846339.257998 0.418808192 0.140536666 -0.071704991 -0.014459155 -0.117552891 0.011675094 0.992892802
1341846339.294132 0.418332815 0.149274603 -0.066336855 -0.013499332 -0.115401089 0.013962607 0.993129134
1341846339.326577 0.427420229 0.151333392 -0.068094082 -0.017946396 -0.119184509 0.016933706 0.992565513
1341846339.362269 0.420263112 0.142641127 -0.050502367 -0.023466351 -0.119404972 0.012992663 0.992483258
1341846339.394725 0.419435501 0.152335882 -0.037602659 -0.022859573 -0.117010139 0.012753239 0.992785692
1341846339.462186 0.428606361 0.145824492 -0.019811485 -0.027438385 -0.119292907 0.011938636 0.992408097
1341846339.496743 0.423614532 0.154988512 -0.016122332 -0.021867560 -0.113216393 0.009082125 0.993288159
1341846339.562052 0.416025877 0.142136171 -0.001012659 -0.023171999 -0.109424502 0.011848972 0.993654370
1341846339.595122 0.425901353 0.162273943 0.014980158 -0.017318383 -0.109909549 0.010270369 0.993737698
1341846339.632085 0.436032295 0.158769757 0.032595016 -0.017158585 -0.108517036 0.008340792 0.993911505
1341846339.664568 0.440142244 0.152108222 0.037940249 -0.017855948 -0.106705554 0.007287507 0.994103670
1341846339.698896 0.433829308 0.145274997 0.043937698 -0.019070752 -0.104195543 0.006884038 0.994350195
1341846339.731977 0.439151257 0.159652904 0.060087826 -0.015636019 -0.105185479 0.004298707 0.994320393
1341846339.762241 0.436643034 0.148701563 0.064200029 -0.017241780 -0.102925956 0.004867358 0.994527757
1341846339.797873 0.432027876 0.153409749 0.070395373 -0.016344085 -0.101716079 0.005742002 0.994662642
1341846339.830245 0.433961362 0.149763733 0.080713354 -0.017086087 -0.102383435 0.005909565 0.994580686
1341846339.862015 0.434350252 0.149568170 0.084927298 -0.017794607 -0.102021895 0.005461928 0.994607985
1341846339.897797 0.439206898 0.150283307 0.097284183 -0.018468948 -0.101606853 0.005058850 0.994640350
1341846339.929916 0.433459103 0.152255908 0.104814671 -0.017874751 -0.099522397 0.006596139 0.994852960
1341846339.961960 0.436151505 0.144262925 0.113600537 -0.018300969 -0.100560553 0.007428051 0.994734883
1341846339.997845 0.445061803 0.148653150 0.122172885 -0.016313564 -0.100570902 0.006904176 0.994772196
1341846340.029925 0.440963238 0.149518251 0.130437195 -0.014839019 -0.097461790 0.007170091 0.995102823
1341846340.066044 0.438915789 0.159008428 0.139100462 -0.010827499 -0.095435403 0.008556386 0.995339990
1341846340.098009 0.438815922 0.157006189 0.140446052 -0.010566887 -0.094772235 0.008203537 0.995409131
1341846340.130102 0.450079143 0.172559947 0.160527408 -0.008106376 -0.097187676 0.007493819 0.995204926
1341846340.166041 0.465037137 0.181573346 0.181930318 -0.004347975 -0.098406039 0.005475602 0.995121837
1341846340.197867 0.446472019 0.160641566 0.166165426 -0.008139614 -0.091439240 0.006275460 0.995757639
1341846340.229904 0.452455044 0.170025975 0.182155430 -0.007879963 -0.092781849 0.005100233 0.995642245
1341846340.265859 0.449863553 0.162456930 0.182872772 -0.009376147 -0.090865724 0.003886587 0.995811462
1341846340.298061 0.448117614 0.165234089 0.187123060 -0.006520994 -0.088139951 0.005456552 0.996071815
1341846340.334063 0.447333366 0.175039485 0.199580401 -0.006466906 -0.089130647 0.006448596 0.995978117
1341846340.366064 0.452418745 0.158435524 0.202393711 -0.010825938 -0.091741569 0.006607953 0.995702088
1341846340.397995 0.457452267 0.165074438 0.210160255 -0.007238544 -0.091842435 0.006154437 0.995728254
1341846340.433895 0.454924226 0.158902436 0.209529608 -0.008459594 -0.091577210 0.007830490 0.995731294
1341846340.465959 0.453882486 0.158279702 0.212150291 -0.007962106 -0.093626596 0.010066018 0.995524645
1341846340.501858 0.463291258 0.163547635 0.225113317 -0.006195058 -0.098441549 0.009010123 0.995082736
1341846340.534329 0.467840225 0.170438632 0.226460084 -0.004298146 -0.100217417 0.008584460 0.994919300
1341846340.566041 0.468532503 0.164587244 0.222121492 -0.003860862 -0.100669198 0.008789884 0.994873643
1341846340.601909 0.470753044 0.161280021 0.217547089 -0.002265705 -0.100845695 0.010401446 0.994845152
1341846340.634005 0.475205481 0.168059126 0.221368939 -0.000145929 -0.101574920 0.008865561 0.994788408
1341846340.666028 0.484730035 0.170388147 0.229054138 0.000458939 -0.102912381 0.006550787 0.994668782
1341846340.701946 0.486414313 0.167907134 0.222482800 0.002330459 -0.101119198 0.004723286 0.994860411
1341846340.733954 0.487637728 0.171741590 0.219749823 0.003807225 -0.099039011 0.003597228 0.995069802
1341846340.770081 0.482459396 0.166083202 0.211445361 0.002267073 -0.097440168 0.000116849 0.995238841
1341846340.801980 0.484953821 0.170773953 0.208861694 0.004165451 -0.096253753 -0.005505263 0.995332897
1341846340.833999 0.486306340 0.167308688 0.206831872 0.003154172 -0.094257869 -0.008101541 0.995509863
1341846340.870013 0.487405330 0.165443420 0.210778654 0.001836607 -0.094891340 -0.009779823 0.995437980
1341846340.901955 0.490910828 0.166045606 0.211596116 0.003256085 -0.095531344 -0.008917677 0.995381176
1341846340.933918 0.495417625 0.162423089 0.212274328 0.003822304 -0.097171776 -0.005752780 0.995243669
1341846340.970122 0.493011981 0.163551763 0.210379913 0.004641307 -0.099524096 -0.000724688 0.995024085
1341846341.001922 0.496401757 0.163943008 0.209719062 0.005644579 -0.104001723 0.004857518 0.994549274
1341846341.037923 0.498588502 0.167242378 0.202299282 0.007272484 -0.106489606 0.007026999 0.994262457
1341846341.070300 0.502313316 0.157667458 0.197974458 0.005538177 -0.107991539 0.007245018 0.994110048
1341846341.102028 0.500962019 0.161568001 0.194768861 0.006502998 -0.109157681 0.007739005 0.993973076
1341846341.137982 0.498805374 0.161226124 0.190824270 0.006595399 -0.110207349 0.007418324 0.993859053
1341846341.170048 0.500338852 0.158952579 0.194455832 0.006639807 -0.110846564 0.008375305 0.993780077
1341846341.202110 0.499517977 0.159711972 0.191998094 0.008391341 -0.110969163 0.009848543 0.993739665
1341846341.237996 0.497841924 0.162497848 0.184982076 0.010639340 -0.109942071 0.010254447 0.993828177
1341846341.269883 0.499218494 0.160220236 0.183535337 0.011007763 -0.109925233 0.011679901 0.993810356
1341846341.306107 0.500135720 0.153890193 0.179192021 0.010431085 -0.110707022 0.010339192 0.993744552
1341846341.338109 0.504919589 0.155716956 0.179478794 0.011807810 -0.110974729 0.008633187 0.993715584
1341846341.370120 0.504102826 0.154791296 0.177497461 0.012552600 -0.109455332 0.006221293 0.993892968
1341846341.406074 0.501764297 0.158339113 0.179685473 0.013052044 -0.109415963 0.006630243 0.993888259
1341846341.438113 0.499472827 0.152682602 0.178305626 0.013611804 -0.110870086 0.006676390 0.993719280
1341846341.470024 0.500349104 0.159823343 0.177683562 0.018130042 -0.110626139 0.004571020 0.993686199
1341846341.506077 0.496294171 0.161301851 0.176294103 0.017571762 -0.109225214 0.003240790 0.993856430
1341846341.538156 0.485949963 0.161238894 0.175848573 0.017150244 -0.109489977 0.004049028 0.993831754
1341846341.574016 0.498762816 0.163384259 0.177394480 0.018345419 -0.114108726 0.005101584 0.993285775
1341846341.612466 0.498856843 0.165990055 0.176866204 0.019061577 -0.114605069 0.004823998 0.993216574
1341846341.643972 0.495370150 0.164347574 0.170551926 0.017875548 -0.115460992 0.003348446 0.993145525
1341846341.679982 0.490803778 0.163233221 0.168440893 0.017742325 -0.115967900 0.003872651 0.993086994
1341846341.712332 0.494921356 0.161346942 0.165150553 0.017429674 -0.119185910 0.007653451 0.992689431
1341846341.744185 0.498792052 0.159421071 0.163345024 0.017364841 -0.121728532 0.009136740 0.992369473
1341846341.780061 0.498041928 0.166314825 0.162902832 0.019010076 -0.122072779 0.010880571 0.992279470
1341846341.842595 0.503262699 0.159984514 0.159963608 0.020075437 -0.123490475 0.016303511 0.992008746
1341846341.906227 0.509172976 0.157436728 0.156553924 0.022773428 -0.125027314 0.022130931 0.991644979
1341846341.942069 0.514775574 0.152676642 0.152424276 0.025510984 -0.125605240 0.023820609 0.991466105
1341846341.974775 0.516595125 0.146299392 0.151676849 0.026985222 -0.125866935 0.026328316 0.991330504
1341846342.010161 0.520864129 0.140574068 0.145232037 0.025870278 -0.128085166 0.028555265 0.991014361
1341846342.042024 0.533829749 0.134727299 0.147882551 0.027231649 -0.130761340 0.028262131 0.990636766
1341846342.080032 0.542305171 0.140238509 0.147132859 0.030011963 -0.129574552 0.029647171 0.990671873
1341846342.112265 0.541153133 0.128316239 0.142333820 0.027675146 -0.128652915 0.031889372 0.990790427
1341846342.147954 0.551517427 0.128853396 0.145056859 0.030620791 -0.131893381 0.034430966 0.990192473
1341846342.179852 0.555151999 0.131396621 0.143930361 0.033562649 -0.131388009 0.036063973 0.990106165
1341846342.211848 0.558762491 0.131394282 0.143681839 0.034042042 -0.131577551 0.035646509 0.990079701
1341846342.247920 0.560052037 0.129271388 0.142335370 0.035263032 -0.131145760 0.033754855 0.990160584
1341846342.279870 0.562587798 0.131241605 0.144609287 0.037036844 -0.131220877 0.035736874 0.990016341
1341846342.316068 0.568607807 0.131228819 0.144525379 0.038300831 -0.132282034 0.036167596 0.989811301
1341846342.347894 0.570009887 0.132741809 0.146992862 0.038857747 -0.132290825 0.035980023 0.989795268
1341846342.379953 0.569188297 0.129201740 0.147759855 0.038233142 -0.131155372 0.036988340 0.989933550
1341846342.416195 0.569375098 0.126299486 0.146275178 0.038062401 -0.131272495 0.038563263 0.989864469
