1341845688.561749 0.000000000 0.000000000 0.000000000 -0.000000000 -0.000000000 -0.000000000 1.000000000
1341845688.593654 -0.004578094 -0.004459762 -0.003552216 0.000058397 -0.002574491 0.003835759 0.999989331
1341845688.629688 -0.011273725 0.001380262 -0.010348613 0.002414155 -0.006667862 0.007703037 0.999945223
1341845688.663680 -0.012411023 -0.002975284 -0.014242651 0.003515599 -0.011709647 0.012642212 0.999845386
1341845688.697719 -0.015995957 -0.005192535 -0.018783361 0.006535718 -0.016709965 0.018504115 0.999667764
1341845688.729899 -0.014248515 0.001665971 -0.019831851 0.011911632 -0.023805117 0.020771541 0.999429882
1341845688.761762 -0.005767852 0.004644336 -0.015190313 0.014488097 -0.027996611 0.022007246 0.999260724
1341845688.797687 -0.003087559 0.013774536 -0.018046452 0.017116763 -0.027433900 0.020426223 0.999268353
1341845688.829892 -0.007300657 0.019019289 -0.018819034 0.017629895 -0.024625717 0.018462965 0.999370813
1341845688.865774 -0.010508155 0.018095408 -0.021322094 0.016825493 -0.024005516 0.019527018 0.999379516
1341845688.929779 -0.020879561 0.021681199 -0.031809825 0.017269270 -0.029077418 0.021767700 0.999190927
1341845688.965631 -0.011125684 0.027521087 -0.024724532 0.017872261 -0.033771224 0.021028847 0.999048531
1341845688.997750 -0.012565676 0.043871649 -0.031692363 0.018944748 -0.032732211 0.016382596 0.999150336
1341845689.029751 -0.012847680 0.048874494 -0.031137465 0.015620725 -0.030356165 0.011656333 0.999349177
1341845689.065755 -0.013602416 0.053694762 -0.030062927 0.012355406 -0.028974380 0.010618407 0.999447465
1341845689.097725 -0.016911671 0.058019113 -0.030862166 0.009376388 -0.027656982 0.013275975 0.999485373
1341845689.133718 -0.014954311 0.058013104 -0.026852278 0.006613217 -0.027092135 0.016058255 0.999482095
1341845689.165884 -0.016609974 0.065872297 -0.029905563 0.005297152 -0.026131777 0.019469272 0.999454916
1341845689.198264 -0.024828948 0.071792118 -0.032002989 0.002906593 -0.024234977 0.021349913 0.999474108
1341845689.234322 -0.022935063 0.066245317 -0.033765413 -0.000501066 -0.023697302 0.023047404 0.999453366
1341845689.265745 -0.025297692 0.065134883 -0.030968931 -0.002213737 -0.022918554 0.024437590 0.999436200
1341845689.297769 -0.024873201 0.070763014 -0.031721473 -0.002587764 -0.023377221 0.024705784 0.999418080
1341845689.333650 -0.017683139 0.070028447 -0.028627807 -0.003808873 -0.023767674 0.024998510 0.999397755
1341845689.365881 -0.021813301 0.067784056 -0.031038975 -0.003630692 -0.022739479 0.024950596 0.999423444
1341845689.401592 -0.022162303 0.066822894 -0.032055002 -0.002896253 -0.023580827 0.024282053 0.999422789
1341845689.433744 -0.019429209 0.065213159 -0.030889221 -0.002561082 -0.024915734 0.024225635 0.999392748
1341845689.465651 -0.021499146 0.053562969 -0.036179621 -0.001577824 -0.025985584 0.024253288 0.999366879
1341845689.501840 -0.019320367 0.056921359 -0.035412826 0.002675015 -0.029842366 0.021245211 0.999325275
1341845689.533687 -0.020843897 0.064174801 -0.032983173 0.005946560 -0.031139519 0.016536582 0.999360621
1341845689.565814 -0.017587416 0.053322710 -0.038618788 0.006382783 -0.031567849 0.013550344 0.999389410
1341845689.601682 -0.037241019 0.055828843 -0.047035486 0.009828985 -0.029899001 0.009029192 0.999463797
1341845689.633591 -0.037510816 0.057483532 -0.048665658 0.011870211 -0.032567769 0.004560480 0.999388695
1341845689.669672 -0.032261670 0.056786578 -0.049311351 0.012653314 -0.035360806 0.003788278 0.999287307
1341845689.701700 -0.033565264 0.058482762 -0.051681120 0.014041621 -0.037606791 0.003465432 0.999188006
1341845689.733773 -0.037016276 0.058532931 -0.052202016 0.014221522 -0.039679881 0.001517862 0.999110103
1341845689.769822 -0.036842015 0.059456300 -0.053352274 0.014692032 -0.041183367 -0.000006136 0.999043643
1341845689.802003 -0.038339451 0.058282427 -0.053231180 0.014860368 -0.042907111 -0.000457373 0.998968482
1341845689.833757 -0.039186988 0.058316290 -0.052577455 0.015679097 -0.045715019 -0.001504110 0.998830378
1341845689.869861 -0.042780511 0.062155981 -0.053318616 0.017144382 -0.047190301 -0.003111353 0.998733938
1341845689.901825 -0.044794559 0.062093012 -0.051768836 0.017335230 -0.048404519 -0.002715880 0.998673677
1341845689.937674 -0.044455905 0.064169668 -0.051483143 0.018764909 -0.050959859 -0.002368934 0.998521626
1341845689.969679 -0.041846171 0.066780135 -0.052832291 0.019262347 -0.052549712 -0.001942915 0.998430669
1341845690.003830 -0.041008871 0.070228800 -0.053353470 0.019578181 -0.052757040 -0.002396374 0.998412609
1341845690.037686 -0.045619827 0.065833844 -0.053580429 0.019121902 -0.052289851 -0.004426153 0.998439074
1341845690.069636 -0.044858385 0.070527829 -0.053120457 0.020245006 -0.052060448 -0.003446260 0.998432755
1341845690.106587 -0.049122471 0.066074528 -0.056829941 0.019324718 -0.051720139 -0.003623626 0.998468041
1341845690.138859 -0.043228921 0.071855269 -0.053626228 0.020204512 -0.053191818 -0.004836572 0.998368204
1341845690.169919 -0.046143342 0.069776446 -0.055969499 0.019885095 -0.051903419 -0.003761531 0.998447061
1341845690.206103 -0.045471802 0.070167981 -0.056077853 0.019410603 -0.052193478 -0.003712611 0.998441458
1341845690.237700 -0.040790673 0.068643175 -0.053442046 0.018586634 -0.053700771 -0.004102266 0.998375654
1341845690.269981 -0.045195922 0.067048885 -0.055098396 0.018998018 -0.054179363 -0.004684353 0.998339534
1341845690.306143 -0.041443773 0.067590781 -0.058462765 0.019376686 -0.055950455 -0.005419456 0.998230815
1341845690.338646 -0.045877453 0.072603196 -0.059269235 0.019460840 -0.055304665 -0.004911960 0.998267770
1341845690.373833 -0.043626133 0.069838375 -0.057701223 0.017900877 -0.056195598 -0.004831699 0.998247564
1341845690.405976 -0.045416109 0.069638588 -0.059751857 0.017919660 -0.055929366 -0.006272041 0.998254240
1341845690.437908 -0.045390293 0.071271949 -0.058708455 0.018455956 -0.055518601 -0.005949600 0.998269320
1341845690.473654 -0.048799735 0.071072489 -0.058203083 0.018334322 -0.055715822 -0.005152278 0.998265028
1341845690.505978 -0.042357400 0.069459841 -0.054601502 0.018642752 -0.058465689 -0.004950793 0.998103142
1341845690.537884 -0.041932628 0.070637949 -0.058510691 0.018969605 -0.058394752 -0.006975244 0.998089015
1341845690.573708 -0.041682582 0.069576591 -0.056339324 0.018130323 -0.057100423 -0.006163779 0.998184860
1341845690.605848 -0.042321704 0.071089976 -0.052462880 0.018380340 -0.056617256 -0.004869591 0.998214900
1341845690.641747 -0.041692935 0.070426859 -0.052789826 0.019198999 -0.057318099 -0.004913655 0.998159289
1341845690.673751 -0.037104119 0.072536945 -0.048790246 0.019514557 -0.057217743 -0.005347022 0.998156667
1341845690.706003 -0.040085185 0.069719993 -0.053407039 0.019303193 -0.055385366 -0.005622142 0.998262644
1341845690.741684 -0.039529439 0.068598062 -0.053893127 0.019962551 -0.054937635 -0.006380579 0.998269856
1341845690.773770 -0.033757117 0.070399411 -0.050812200 0.020495472 -0.055189043 -0.005607976 0.998249829
1341845690.805715 -0.034917228 0.070213050 -0.049004711 0.020996163 -0.053962670 -0.005026281 0.998309553
1341845690.841674 -0.031187309 0.072128072 -0.047511239 0.021349985 -0.053931225 -0.004967981 0.998304069
1341845690.873770 -0.033661757 0.074514665 -0.049775887 0.021478750 -0.052771654 -0.005174277 0.998362184
1341845690.909837 -0.034019828 0.069906339 -0.047912631 0.020209795 -0.051863376 -0.003869660 0.998442173
1341845690.941576 -0.035421073 0.069225319 -0.049270224 0.019966025 -0.051457405 -0.003572898 0.998469234
1341845690.973879 -0.034261759 0.073198572 -0.049566090 0.020897681 -0.051125433 -0.003756616 0.998466551
1341845691.011558 -0.035105366 0.077787384 -0.049116962 0.021404443 -0.050062291 -0.003034578 0.998512149
1341845691.077986 -0.032944530 0.073933631 -0.048417192 0.021428023 -0.050516952 -0.004509385 0.998483121
1341845691.109685 -0.029939383 0.075255387 -0.046600461 0.022065228 -0.050255902 -0.004780462 0.998481154
1341845691.141759 -0.032424089 0.072238237 -0.047308419 0.022045335 -0.048786417 -0.003986912 0.998557985
1341845691.177729 -0.034284875 0.071145855 -0.049263060 0.022535458 -0.048823625 -0.005431870 0.998538375
1341845691.209644 -0.031331994 0.076372206 -0.049810410 0.023391688 -0.049410407 -0.007101791 0.998479366
1341845691.241757 -0.027662100 0.075515278 -0.048502654 0.023126705 -0.048695378 -0.006890332 0.998522103
1341845691.277595 -0.034244686 0.068614572 -0.050264884 0.022843534 -0.047933508 -0.005933732 0.998571634
1341845691.310138 -0.030350193 0.071531691 -0.052918088 0.023569066 -0.050398767 -0.007103783 0.998425782
1341845691.345620 -0.026783353 0.074685097 -0.050712701 0.024061950 -0.050315931 -0.008577811 0.998406649
1341845691.378062 -0.031723145 0.068307780 -0.052006844 0.023538301 -0.047304925 -0.009479847 0.998558164
1341845691.451922 -0.030456696 0.076109350 -0.056380525 0.025096478 -0.047041729 -0.010753951 0.998519719
1341845691.509739 -0.029424448 0.068936452 -0.052182164 0.023375496 -0.045839693 -0.010482815 0.998620331
1341845691.545833 -0.031915668 0.073448315 -0.055384785 0.024204183 -0.045651168 -0.012819499 0.998581946
1341845691.578399 -0.025790008 0.073163569 -0.055502601 0.023067286 -0.045346178 -0.014739080 0.998596191
1341845691.613857 -0.014896641 0.068489298 -0.054867186 0.022552826 -0.044167500 -0.017854270 0.998609960
1341845691.645632 -0.024050929 0.068979725 -0.052685697 0.024013702 -0.039491631 -0.021161677 0.998707116
1341845691.677793 -0.027638707 0.068778142 -0.053739067 0.024768818 -0.038992342 -0.018438177 0.998762310
1341845691.713727 -0.028191678 0.066765033 -0.054800231 0.024726041 -0.040602606 -0.016458103 0.998733819
1341845691.746050 -0.020664232 0.071405031 -0.052170325 0.025953040 -0.041952226 -0.017581798 0.998627722
1341845691.778411 -0.017919267 0.077043705 -0.053132650 0.025711350 -0.039612755 -0.018811675 0.998707116
1341845691.813646 -0.019214891 0.074833721 -0.049449805 0.024218637 -0.038487360 -0.017269121 0.998816311
1341845691.845603 -0.024844361 0.069553524 -0.051827405 0.023443233 -0.038572714 -0.016502425 0.998844504
1341845691.881595 -0.025225567 0.075513177 -0.050275952 0.024741294 -0.039279312 -0.018442685 0.998751700
1341845691.913600 -0.027424507 0.076204792 -0.053856872 0.024888508 -0.037679039 -0.018253652 0.998813152
1341845691.945997 -0.026814017 0.074764661 -0.051691640 0.025492813 -0.038838644 -0.014946978 0.998808444
1341845691.981657 -0.029588042 0.070168570 -0.051073201 0.026499439 -0.043122515 -0.012634390 0.998638451
1341845692.013904 -0.022536056 0.074159876 -0.050602853 0.029008450 -0.047947329 -0.010919350 0.998368859
1341845692.049676 -0.021885496 0.071445771 -0.057311803 0.028648382 -0.048764188 -0.009577516 0.998353481
1341845692.081862 -0.020778334 0.067052111 -0.053876206 0.028522335 -0.049952015 -0.009363158 0.998300433
1341845692.113695 -0.016853411 0.071077809 -0.051706374 0.029917989 -0.051564910 -0.010247135 0.998168826
1341845692.149736 -0.010664813 0.072821915 -0.053974107 0.029871432 -0.051631451 -0.010685857 0.998162210
1341845692.182123 -0.011971694 0.066445962 -0.054848634 0.029796181 -0.050514091 -0.010340514 0.998225272
1341845692.213661 -0.015286243 0.069598675 -0.055845216 0.031210734 -0.050218459 -0.009413054 0.998206139
1341845692.249828 -0.008530471 0.069532268 -0.056073289 0.030909745 -0.051147025 -0.009580796 0.998166740
1341845692.282146 -0.011875362 0.069951773 -0.055826686 0.030507924 -0.049734306 -0.010318187 0.998243153
1341845692.317711 -0.014741976 0.063093863 -0.060233600 0.029045064 -0.050065253 -0.010618707 0.998267114
1341845692.349688 -0.008498787 0.062310882 -0.056701422 0.029481227 -0.052356735 -0.010198590 0.998141110
1341845692.381560 -0.004430572 0.058104347 -0.063605554 0.029992549 -0.052813176 -0.011812943 0.998084009
1341845692.417776 -0.007294440 0.058204625 -0.064786315 0.030877400 -0.052036919 -0.013313125 0.998078942
1341845692.449672 -0.010652255 0.062932052 -0.064329073 0.032533191 -0.051425636 -0.014562516 0.998040617
1341845692.481594 -0.011177736 0.062848821 -0.065427057 0.033521872 -0.051733527 -0.015248414 0.997981668
1341845692.517778 -0.008978222 0.062714025 -0.060994688 0.034771230 -0.052541435 -0.015685506 0.997889996
1341845692.549744 -0.002706179 0.059392728 -0.062588520 0.035514154 -0.053609595 -0.015266199 0.997813463
1341845692.585822 -0.001356855 0.061837669 -0.061998237 0.036125463 -0.053873494 -0.016178383 0.997762978
1341845692.617836 -0.001509507 0.055665676 -0.065100513 0.035403207 -0.052832451 -0.015464788 0.997855842
1341845692.649770 -0.006956319 0.057063170 -0.070969202 0.036354870 -0.051832270 -0.015185691 0.997878373
1341845692.685749 -0.003804470 0.059823722 -0.067951664 0.037146471 -0.053329222 -0.015363481 0.997767568
1341845692.717676 0.003276549 0.059908718 -0.066134885 0.037246123 -0.054284129 -0.015545884 0.997709572
1341845692.749897 -0.000404432 0.055800665 -0.065342896 0.036733832 -0.052226838 -0.014253729 0.997857630
1341845692.785833 -0.011248217 0.051640280 -0.072360322 0.037160929 -0.051269900 -0.016425584 0.997858047
1341845692.817657 -0.001929101 0.054349940 -0.071447581 0.038666613 -0.053653594 -0.019311562 0.997623861
1341845692.853833 -0.000628719 0.055118386 -0.068500169 0.039826937 -0.052289799 -0.020495260 0.997626960
1341845692.885614 -0.007906365 0.049998853 -0.073184915 0.040289707 -0.050985567 -0.020703735 0.997671604
1341845692.917728 -0.001557130 0.054659285 -0.074197814 0.042105339 -0.052974734 -0.021875972 0.997467935
1341845692.953573 0.004751789 0.056579679 -0.066342764 0.043354318 -0.052880734 -0.021937996 0.997418046
1341845692.985667 0.000073348 0.053586543 -0.070546880 0.043883551 -0.051609989 -0.021817904 0.997464120
1341845693.017585 0.000209817 0.056758650 -0.071270578 0.044260927 -0.051773358 -0.022180509 0.997430980
1341845693.053684 0.001466140 0.054124840 -0.069664598 0.043907467 -0.051256042 -0.022199607 0.997472882
1341845693.086059 -0.003679720 0.055821627 -0.070853055 0.045134425 -0.050499763 -0.021357184 0.997475147
1341845693.121690 -0.003815610 0.055965729 -0.072623685 0.045175947 -0.051571116 -0.019491425 0.997456670
1341845693.153852 0.001121725 0.059690375 -0.073006295 0.044911481 -0.053257264 -0.020157475 0.997366726
1341845693.185655 0.003619422 0.058933865 -0.071294203 0.044164106 -0.051807344 -0.020849418 0.997462213
1341845693.221687 -0.005782075 0.056440353 -0.072816625 0.043624967 -0.049971350 -0.018208202 0.997631311
1341845693.254518 -0.009732857 0.056441847 -0.074508049 0.044387564 -0.052423734 -0.016827287 0.997496068
1341845693.289735 0.004996918 0.064244188 -0.069832526 0.045844469 -0.055089906 -0.017242605 0.997279406
1341845693.321741 0.005918747 0.064898327 -0.068503477 0.045426402 -0.050267994 -0.017667409 0.997545779
1341845693.353715 0.004585050 0.060780559 -0.070306443 0.044890691 -0.046978179 -0.015952874 0.997759223
1341845693.421993 0.008907245 0.062185209 -0.069191352 0.045475282 -0.044796664 -0.016247781 0.997828305
1341845693.453700 0.006009676 0.063717209 -0.068766013 0.046113938 -0.042501096 -0.019095330 0.997848988
1341845693.489783 0.007344496 0.060468048 -0.067042619 0.046713408 -0.041148543 -0.019004514 0.997879505
1341845693.522084 0.001228054 0.058684152 -0.069584616 0.048207723 -0.041087415 -0.018132225 0.997827172
1341845693.557666 0.004311914 0.058908623 -0.069235280 0.049989074 -0.042991847 -0.019256303 0.997638226
1341845693.589792 0.005107294 0.062509857 -0.068293646 0.051462099 -0.043516498 -0.020646865 0.997512758
1341845693.622158 0.010263908 0.064354964 -0.068106018 0.051761739 -0.043217424 -0.020821894 0.997506678
1341845693.689929 0.009727296 0.067209914 -0.070801802 0.050970666 -0.041874386 -0.019301990 0.997635245
1341845693.721602 0.011148391 0.066063769 -0.073361747 0.048661977 -0.040468454 -0.021095052 0.997772217
1341845693.757636 0.005889731 0.062821791 -0.069595605 0.046117753 -0.039037317 -0.020919589 0.997953713
1341845693.789776 0.001379026 0.065016381 -0.068542451 0.045754522 -0.039246738 -0.020626647 0.997968376
1341845693.825637 0.003863404 0.067447491 -0.068001822 0.044593807 -0.039987635 -0.020420646 0.997995734
1341845693.857724 0.004787364 0.063342109 -0.065105930 0.043295581 -0.040165801 -0.019511418 0.998063922
1341845693.889741 0.005408907 0.065771811 -0.065529980 0.044115938 -0.040028416 -0.018078709 0.998060465
1341845693.925573 0.004616226 0.066249400 -0.064300701 0.043637339 -0.039644685 -0.017054653 0.998114884
1341845693.957722 0.006423257 0.062591210 -0.066926114 0.043706246 -0.039325636 -0.016421137 0.998135149
1341845693.990410 0.010770966 0.063115954 -0.066774905 0.044571415 -0.039160032 -0.016465083 0.998102665
1341845694.025740 0.011526875 0.063827679 -0.067291684 0.045079142 -0.037756134 -0.017410399 0.998117864
1341845694.057728 0.008189973 0.062243335 -0.066610865 0.045566931 -0.036378033 -0.017515406 0.998145044
1341845694.093631 0.005518711 0.057894051 -0.067906678 0.046339441 -0.036059316 -0.017292598 0.998124957
1341845694.125598 0.007482592 0.060749095 -0.067417182 0.048221145 -0.036562912 -0.017040191 0.998021841
1341845694.157890 0.009015749 0.058895566 -0.069557920 0.048418123 -0.035987180 -0.017835930 0.998019338
1341845694.193528 0.008637913 0.057434604 -0.068534635 0.049055543 -0.035598535 -0.017566418 0.998006880
1341845694.226254 0.009521844 0.060009629 -0.068127476 0.050920285 -0.035868526 -0.018063659 0.997894943
1341845694.261793 0.011076987 0.061338238 -0.067089640 0.051523868 -0.035688251 -0.016631221 0.997895360
1341845694.293655 0.007770817 0.060765702 -0.068280339 0.051985148 -0.035300601 -0.015266748 0.997907043
1341845694.325844 0.005231110 0.058435544 -0.067472503 0.052968618 -0.036636222 -0.013316826 0.997835040
1341845694.361761 0.007651771 0.059257694 -0.068958789 0.054410338 -0.039317526 -0.010720050 0.997686744
1341845694.393754 0.008794825 0.060007688 -0.068290830 0.055465516 -0.041276492 -0.010331591 0.997553647
1341845694.425809 0.006987874 0.059350986 -0.070567526 0.055139486 -0.042432010 -0.010350035 0.997523010
1341845694.461731 0.007059449 0.064672947 -0.069951907 0.055856582 -0.043653779 -0.011692102 0.997415543
1341845694.493931 0.010144177 0.064946517 -0.070436984 0.054452073 -0.043982301 -0.012964759 0.997463048
1341845694.529694 0.007410197 0.065467469 -0.068273894 0.053219683 -0.043162271 -0.013268787 0.997561336
1341845694.561652 0.005563340 0.060085971 -0.068710782 0.052317075 -0.044091366 -0.013609531 0.997563899
1341845694.595586 0.006510810 0.062853307 -0.070493855 0.053766813 -0.045585889 -0.012765812 0.997430742
1341845694.629850 0.008553843 0.059314910 -0.067959368 0.054487959 -0.047835920 -0.011149585 0.997305632
1341845694.661659 0.016001320 0.066627830 -0.068682268 0.057149850 -0.049414981 -0.010151402 0.997090280
1341845694.693720 0.031636324 0.073133834 -0.064288162 0.057657424 -0.047940940 -0.009013126 0.997143924
1341845694.735664 0.025692709 0.071060278 -0.067253381 0.055336840 -0.039796878 -0.008214776 0.997640491
1341845694.767988 0.020766294 0.073736385 -0.069188237 0.054012101 -0.033313502 -0.007042787 0.997959614
1341845694.803611 0.022318669 0.071259439 -0.064316832 0.051701184 -0.028252767 -0.005665670 0.998246849
1341845694.835585 0.015024095 0.069819637 -0.065378018 0.050653271 -0.023079887 -0.005349574 0.998435259
1341845694.867728 0.014757106 0.072419003 -0.065388389 0.050079692 -0.020200348 -0.004397251 0.998531282
1341845694.903566 0.033035032 0.076841094 -0.052706677 0.049312629 -0.021213319 -0.002301676 0.998555422
1341845694.935679 0.028995303 0.070771456 -0.055042069 0.048107896 -0.018636044 -0.001245928 0.998667479
1341845694.967669 0.029272446 0.072664566 -0.052330136 0.048937742 -0.017450688 -0.000807570 0.998649061
1341845695.003730 0.035777956 0.078264415 -0.048487186 0.050092276 -0.016455278 0.000188983 0.998609006
1341845695.035689 0.037580289 0.076851159 -0.046505135 0.049869701 -0.013347750 0.000340831 0.998666525
1341845695.072465 0.016961694 0.068301730 -0.059152473 0.048251387 -0.007701749 -0.000064096 0.998805523
1341845695.103895 0.023180727 0.069755547 -0.051410001 0.048862536 -0.010823815 0.001628538 0.998745561
1341845695.135680 0.007951600 0.058660626 -0.061382558 0.048014659 -0.011363832 0.001077839 0.998781443
1341845695.172193 0.006377759 0.054400437 -0.065972805 0.050237183 -0.016860690 0.001988981 0.998593032
1341845695.203618 0.009694161 0.055808306 -0.065763660 0.053384159 -0.025786478 0.002601174 0.998237669
1341845695.235612 0.004264863 0.051878639 -0.065654241 0.056492120 -0.031848557 0.002811103 0.997890949
1341845695.271738 0.006565508 0.063300684 -0.057813566 0.061193511 -0.037687153 0.001869703 0.997412443
1341845695.303569 0.007212907 0.067892723 -0.060035571 0.063437991 -0.041979406 0.000821536 0.997102201
1341845695.335657 0.009545407 0.066422842 -0.060397282 0.063778110 -0.045545708 -0.001129982 0.996923625
1341845695.371706 0.010518136 0.068627954 -0.060726337 0.064536572 -0.048657589 -0.005022943 0.996715724
1341845695.403745 0.022062451 0.068604939 -0.054266751 0.065048918 -0.053868823 -0.006229817 0.996407509
1341845695.435657 0.016044522 0.064729057 -0.058282316 0.065836504 -0.056346942 -0.006689366 0.996215820
1341845695.471720 0.011197872 0.064095095 -0.064068064 0.067251876 -0.059698790 -0.007682918 0.995918810
1341845695.503710 0.011427347 0.065301664 -0.065846048 0.067371294 -0.063005537 -0.008554448 0.995699883
1341845695.539693 0.016430972 0.061098397 -0.064022407 0.066290200 -0.066081695 -0.009603768 0.995563507
1341845695.603908 0.019223239 0.058352228 -0.061778057 0.066538982 -0.069107324 -0.011854295 0.995317161
1341845695.665980 0.019586200 0.056840375 -0.064960375 0.065465063 -0.072018981 -0.013272877 0.995164096
1341845695.701693 0.021664260 0.058450487 -0.063986987 0.065871537 -0.073388748 -0.013032251 0.995040298
1341845695.733686 0.024463329 0.061139036 -0.065711275 0.065953128 -0.074544758 -0.012256723 0.994958878
1341845695.769679 0.025554540 0.060456164 -0.065798171 0.065327659 -0.074965477 -0.011685441 0.994975328
1341845695.801697 0.023079189 0.061808113 -0.067219734 0.064127915 -0.074140444 -0.011821824 0.995113611
1341845695.833635 0.021314364 0.060315173 -0.067563236 0.063188493 -0.073741622 -0.010868511 0.995214224
1341845695.869766 0.021288717 0.059072062 -0.066533394 0.062538370 -0.073294342 -0.009552686 0.995301843
1341845695.901827 0.017634630 0.061498046 -0.069387063 0.061868005 -0.072570562 -0.009517225 0.995397091
1341845695.933900 0.020775821 0.061478827 -0.067102075 0.060519766 -0.073208205 -0.008653542 0.995441139
1341845695.969774 0.026864192 0.061460707 -0.063623652 0.059720557 -0.073473632 -0.007504002 0.995479167
1341845696.001940 0.025955681 0.061828379 -0.063256472 0.059137139 -0.072509825 -0.006967696 0.995588601
1341845696.037778 0.023675827 0.060964152 -0.062906705 0.057982408 -0.071321391 -0.005297202 0.995752633
1341845696.069962 0.022648903 0.059037697 -0.064439625 0.056547645 -0.071453370 -0.002997474 0.995835304
1341845696.102048 0.025243754 0.058652595 -0.061790958 0.056564961 -0.072527349 -0.001747237 0.995759547
1341845696.137759 0.022427561 0.065137833 -0.062258631 0.057161655 -0.072475046 -0.001577625 0.995729566
1341845696.169934 0.024510527 0.064062007 -0.060799588 0.056241542 -0.073273845 -0.001550373 0.995723605
1341845696.201602 0.020447388 0.065367982 -0.066228166 0.055523399 -0.072544023 -0.002728217 0.995814800
1341845696.237582 0.020121535 0.065214619 -0.068444908 0.053644743 -0.072259381 -0.004018892 0.995934069
1341845696.269654 0.020326717 0.061217315 -0.066368319 0.051677614 -0.073151097 -0.004512175 0.995970905
1341845696.305713 0.022840131 0.065005541 -0.062569700 0.052116681 -0.074552745 -0.003738794 0.995847285
1341845696.337790 0.023195380 0.061207972 -0.063586481 0.051068533 -0.074990757 -0.002347639 0.995872974
1341845696.369780 0.025496796 0.063435748 -0.062847793 0.051102765 -0.076112941 -0.001728028 0.995787382
1341845696.406019 0.026900424 0.067592114 -0.062036842 0.050426055 -0.076848224 -0.001850910 0.995765150
1341845696.437910 0.028113071 0.066957325 -0.062562495 0.048588637 -0.077136487 -0.001245394 0.995835125
1341845696.473667 0.025972726 0.067896985 -0.064011738 0.047438197 -0.075833656 -0.002466824 0.995988429
1341845696.505801 0.024172757 0.066420421 -0.060985066 0.045492206 -0.074905254 -0.002047961 0.996150315
1341845696.537879 0.025763584 0.063509047 -0.063137800 0.044241298 -0.075126581 -0.000250785 0.996192098
1341845696.573790 0.021707159 0.065786272 -0.062048551 0.044556264 -0.075301729 0.000413228 0.996164799
1341845696.611644 0.024997093 0.067161821 -0.063187413 0.044447903 -0.076597854 0.000293050 0.996070862
1341845696.648592 0.024676174 0.066664711 -0.065845847 0.043865006 -0.076877818 0.000937834 0.996074736
1341845696.705640 0.027605716 0.069951318 -0.065757625 0.041895062 -0.076254204 0.000883480 0.996207476
1341845696.741801 0.029806273 0.067265309 -0.060901981 0.040960722 -0.075671680 0.001354519 0.996290267
1341845696.773765 0.027217196 0.069106929 -0.062633500 0.041037314 -0.074160591 0.002049318 0.996399522
1341845696.805698 0.028393144 0.069660388 -0.063721605 0.039771132 -0.074026167 0.003143430 0.996458054
1341845696.841908 0.034055658 0.067371644 -0.060287554 0.038958117 -0.074780397 0.004242649 0.996429741
1341845696.873637 0.032620199 0.071800716 -0.059609633 0.038929835 -0.073227614 0.004369880 0.996545672
1341845696.905693 0.030661419 0.072367489 -0.060556486 0.037673347 -0.071961917 0.003562175 0.996689320
1341845696.941841 0.031855512 0.076590091 -0.053007741 0.037086640 -0.071737707 0.005684923 0.996717632
1341845696.973560 0.031109972 0.071793132 -0.055389985 0.035436802 -0.071215533 0.007775970 0.996801019
1341845697.009723 0.032998465 0.074175619 -0.056262393 0.034760226 -0.071192786 0.007780217 0.996826351
1341845697.041678 0.030031789 0.072021037 -0.058744293 0.033256192 -0.069233857 0.007201591 0.997020006
1341845697.073636 0.032009505 0.069539197 -0.055730876 0.033154447 -0.068576112 0.007020737 0.997070193
1341845697.109770 0.032413807 0.073812671 -0.057389967 0.034077223 -0.067990020 0.006084988 0.997085273
1341845697.141787 0.035546407 0.073305503 -0.055236414 0.033366106 -0.068370879 0.006529655 0.997080564
1341845697.173791 0.037057783 0.069515556 -0.055275664 0.032740895 -0.068268180 0.007540168 0.997101188
1341845697.209803 0.038550764 0.071262129 -0.055902079 0.033334434 -0.068158112 0.007828247 0.997086763
1341845697.241685 0.040807743 0.073976792 -0.055111591 0.033369876 -0.068261243 0.007681271 0.997079730
1341845697.277780 0.037201658 0.072545595 -0.057083175 0.032631095 -0.067290448 0.008016140 0.997167528
1341845697.309575 0.038882624 0.075556852 -0.052555911 0.033101570 -0.068114646 0.009033801 0.997087300
1341845697.342252 0.034930274 0.074395895 -0.054657146 0.032540914 -0.067662559 0.008209132 0.997143686
1341845697.377604 0.036659561 0.072147891 -0.055317085 0.032608274 -0.067918077 0.008208468 0.997124135
1341845697.409528 0.034538053 0.073402829 -0.053234797 0.032611620 -0.067409806 0.007476435 0.997164309
1341845697.441666 0.032485135 0.072683789 -0.048699595 0.032744832 -0.066893786 0.007411804 0.997195125
1341845697.477718 0.032383714 0.075696222 -0.048246209 0.034213129 -0.067114793 0.007268628 0.997132003
1341845697.509822 0.036250196 0.074006282 -0.051291894 0.033765733 -0.067574285 0.006938530 0.997118592
1341845697.545892 0.031948078 0.071029373 -0.056878384 0.033243082 -0.067076974 0.006824424 0.997170568
1341845697.577742 0.037441663 0.073826246 -0.052417103 0.034372017 -0.069016524 0.007443743 0.996995449
1341845697.609653 0.036538932 0.076308988 -0.051511481 0.034754425 -0.069530189 0.008215250 0.996940494
1341845697.645769 0.037985045 0.077927768 -0.049190260 0.034583610 -0.070152797 0.008830349 0.996897519
1341845697.677795 0.035864122 0.075160660 -0.050867483 0.033894334 -0.069484532 0.008371896 0.996971905
1341845697.713520 0.032408532 0.077758729 -0.052747902 0.033689946 -0.068678230 0.008332490 0.997035086
1341845697.745975 0.035836887 0.073992223 -0.050695140 0.032640673 -0.069625005 0.008741684 0.997000813
1341845697.777683 0.038158283 0.078959040 -0.051920343 0.033241987 -0.070592642 0.009562691 0.996905327
1341845697.813673 0.038848288 0.079111852 -0.050431553 0.032585897 -0.070231080 0.009170207 0.996956289
1341845697.845793 0.035056159 0.081838384 -0.050874829 0.031640250 -0.069236755 0.008405139 0.997062981
1341845697.877887 0.035803776 0.076789394 -0.052338265 0.029825019 -0.069643810 0.008704636 0.997088015
1341845697.913637 0.035952196 0.077936709 -0.052198883 0.029834500 -0.069728725 0.008445241 0.997084022
1341845697.945734 0.033160847 0.083270870 -0.048978239 0.029996507 -0.069229178 0.007391751 0.997122347
1341845697.981763 0.034633987 0.079486199 -0.047430910 0.028955333 -0.069505624 0.007816290 0.997130692
1341845698.013639 0.038546436 0.078814380 -0.045058955 0.029198330 -0.070050418 0.007952338 0.997084379
1341845698.045700 0.030827826 0.078384489 -0.051521998 0.029474169 -0.068509184 0.006811358 0.997191787
1341845698.081804 0.033348877 0.081130952 -0.049348392 0.029851861 -0.069749251 0.006356942 0.997097552
1341845698.113733 0.033641107 0.083343595 -0.049321804 0.030419942 -0.070234224 0.006438761 0.997045875
1341845698.145605 0.033637267 0.081529476 -0.050321758 0.030327260 -0.070522100 0.005630162 0.997033179
1341845698.181637 0.035749491 0.082250245 -0.050224669 0.030561106 -0.070953108 0.005447258 0.996996522
1341845698.213981 0.033629395 0.075182691 -0.053137030 0.029792139 -0.071201131 0.005268210 0.997003019
1341845698.249641 0.030474212 0.081070602 -0.054374516 0.031239703 -0.071717732 0.004940093 0.996923447
1341845698.281737 0.035857342 0.080511145 -0.051483452 0.029786333 -0.073106244 0.005052153 0.996866465
1341845698.313940 0.033661898 0.077050105 -0.051107563 0.029120510 -0.072877035 0.004498667 0.996905625
1341845698.349629 0.034871385 0.078354545 -0.049450252 0.029696673 -0.072980575 0.003554698 0.996884882
1341845698.381667 0.032569636 0.079934053 -0.050807662 0.030008163 -0.073220327 0.003008990 0.996859729
1341845698.413724 0.034479182 0.079853587 -0.050702002 0.030103901 -0.074988499 0.004208013 0.996721029
1341845698.449543 0.034771387 0.080640487 -0.050904967 0.030678941 -0.076485455 0.005358978 0.996584237
1341845698.481693 0.034734670 0.078397132 -0.052164678 0.030224355 -0.077578530 0.004603415 0.996517420
1341845698.517644 0.039429907 0.076894619 -0.052129462 0.030058708 -0.078884639 0.004197089 0.996421695
1341845698.549633 0.038820010 0.079279631 -0.049670774 0.031183608 -0.079621598 0.002988784 0.996332824
1341845698.581773 0.040877663 0.080040984 -0.049631882 0.032014489 -0.080497272 0.001553906 0.996239424
1341845698.617608 0.037841436 0.080606312 -0.055572797 0.032445021 -0.080125995 -0.000020029 0.996256590
1341845698.649887 0.044491835 0.076504342 -0.047276251 0.032356378 -0.081707619 0.000951843 0.996130526
1341845698.685838 0.044736616 0.079850458 -0.047325369 0.033886340 -0.081898756 0.000633530 0.996064246
1341845698.717744 0.044571541 0.081285700 -0.049501803 0.033625796 -0.081667610 0.000465797 0.996092141
1341845698.749680 0.043597098 0.077772938 -0.049310688 0.032568783 -0.081226230 0.001034077 0.996162951
1341845698.785826 0.045014039 0.078859925 -0.048954897 0.032736860 -0.081414610 0.001494639 0.996141434
1341845698.817603 0.045200702 0.079360984 -0.050526943 0.032077156 -0.081332430 0.001310281 0.996169865
1341845698.849705 0.044917978 0.079443611 -0.048900284 0.031162279 -0.081248112 0.000898793 0.996206224
1341845698.885714 0.045243792 0.077885292 -0.049354021 0.030642398 -0.081338525 0.000727276 0.996215165
1341845698.917723 0.045167975 0.081846006 -0.048108358 0.030570662 -0.081128471 0.000537583 0.996234596
1341845698.953706 0.044448879 0.079325765 -0.048077807 0.029559581 -0.080462813 0.000049618 0.996319234
1341845698.985694 0.047236536 0.078087330 -0.049225956 0.028809672 -0.080827616 0.000615300 0.996311486
1341845699.017571 0.043645382 0.080937713 -0.050008014 0.028389947 -0.080676034 0.001056936 0.996335447
1341845699.053593 0.044154663 0.080460429 -0.050991837 0.026966495 -0.080876648 0.001147814 0.996358633
1341845699.086340 0.042168323 0.081417695 -0.050636888 0.025245357 -0.080351308 0.001240112 0.996446133
1341845699.117688 0.046722572 0.080138460 -0.052146431 0.023276713 -0.080895774 0.000780478 0.996450484
1341845699.153695 0.043067802 0.081354365 -0.050019592 0.022056838 -0.080161870 0.000515081 0.996537685
1341845699.185845 0.045181036 0.082516812 -0.052348711 0.021163404 -0.079806209 -0.000406691 0.996585667
1341845699.221973 0.042076074 0.082256444 -0.050297268 0.020070497 -0.078973718 -0.000301262 0.996674657
1341845699.253571 0.038014233 0.080474287 -0.049796179 0.019674830 -0.078950152 0.000139414 0.996684432
1341845699.285622 0.041668776 0.078707762 -0.050830770 0.020303546 -0.080656014 0.000996363 0.996534705
1341845699.321906 0.043551397 0.082004786 -0.049815767 0.021399844 -0.082105696 0.002169395 0.996391535
1341845699.354916 0.044447307 0.081059530 -0.050535645 0.021223377 -0.082902931 0.002402698 0.996328771
1341845699.385859 0.046256185 0.082023039 -0.049495898 0.021714462 -0.083227664 0.002088530 0.996291816
1341845699.421535 0.046523809 0.081861295 -0.047854498 0.022387901 -0.082783766 0.001096221 0.996315479
1341845699.454093 0.045646135 0.085987054 -0.048596282 0.022975015 -0.081856713 -0.000400187 0.996379197
1341845699.489836 0.047159627 0.081596106 -0.048385564 0.021867279 -0.081547074 -0.000400506 0.996429503
1341845699.522001 0.044540428 0.080621555 -0.049447946 0.021983897 -0.081715420 0.000319835 0.996413231
1341845699.556281 0.045198258 0.078207634 -0.049715154 0.022359757 -0.082193404 0.001052176 0.996365011
1341845699.595416 0.047964375 0.080175035 -0.048765223 0.023097554 -0.082314767 0.001327963 0.996337831
1341845699.628631 0.048663288 0.083702460 -0.048145350 0.023344863 -0.081316635 0.000648787 0.996414661
1341845699.663810 0.047674272 0.077921979 -0.047004998 0.022311637 -0.080384187 0.001296070 0.996513367
1341845699.696113 0.046280693 0.079230890 -0.049303371 0.023337822 -0.079809099 0.002417415 0.996533990
1341845699.727683 0.045256473 0.085372284 -0.052207381 0.022923665 -0.079292640 0.002261395 0.996585250
1341845699.789808 0.043639667 0.081407376 -0.050043728 0.020751873 -0.077908739 0.000775776 0.996744215
1341845699.821737 0.044134527 0.079837747 -0.050819919 0.020516152 -0.077272803 0.000738328 0.996798635
1341845699.857825 0.043983806 0.081991196 -0.051347703 0.020569539 -0.077504978 0.001044290 0.996779203
1341845699.889686 0.045077384 0.080071740 -0.052055579 0.020412538 -0.077937968 0.001065479 0.996748686
1341845699.925749 0.046483256 0.080361634 -0.048476636 0.020904807 -0.077788517 0.000798779 0.996750414
1341845699.957536 0.048447210 0.079078451 -0.049524855 0.021272480 -0.077811033 0.001662279 0.996739805
1341845699.989671 0.050650347 0.077252731 -0.047402371 0.022095023 -0.078522362 0.003323247 0.996661961
1341845700.025810 0.051496297 0.079944275 -0.047005199 0.023467537 -0.078703873 0.003415897 0.996615946
1341845700.058133 0.054992139 0.079670370 -0.045085825 0.024205526 -0.078811906 0.002523685 0.996592402
1341845700.090754 0.053722348 0.082649149 -0.045395400 0.024947587 -0.078104995 0.001825438 0.996631324
1341845700.125852 0.055480048 0.079881027 -0.044413306 0.024587123 -0.078454964 0.001558705 0.996613204
1341845700.157773 0.056167226 0.081641629 -0.043144386 0.025468605 -0.078675508 0.001569753 0.996573687
1341845700.193533 0.058155019 0.083267383 -0.044047877 0.026066527 -0.078296386 0.000981360 0.996588826
1341845700.225771 0.057124011 0.080017723 -0.045144357 0.025462858 -0.077278696 0.000730451 0.996684074
1341845700.257669 0.056388833 0.081390522 -0.044510487 0.025924595 -0.076652579 0.001170871 0.996720076
1341845700.293641 0.056267675 0.078284279 -0.048131566 0.025168426 -0.076217636 0.002267079 0.996770978
1341845700.325714 0.055216786 0.078184225 -0.048742909 0.025433037 -0.076023974 0.002525827 0.996778429
1341845700.357742 0.054610863 0.082959548 -0.046648938 0.026350666 -0.075298637 0.002247125 0.996810257
1341845700.393681 0.055117112 0.083285145 -0.047783095 0.025879472 -0.074377529 0.000812318 0.996894002
1341845700.425997 0.058469705 0.080298007 -0.045688398 0.025149018 -0.074739791 0.000930431 0.996885538
1341845700.461682 0.056730825 0.078662820 -0.047315490 0.024733823 -0.074275360 0.000209163 0.996931016
1341845700.493808 0.055284690 0.082913108 -0.046366721 0.025335632 -0.073683172 -0.000146788 0.996959805
1341845700.526106 0.055608526 0.080812395 -0.045675267 0.024622528 -0.073750742 0.000005728 0.996972740
1341845700.562458 0.054611616 0.082150325 -0.044587150 0.024632422 -0.073514327 0.000658007 0.996989727
1341845700.626137 0.055652689 0.080624171 -0.047487319 0.023847938 -0.073787652 0.000514061 0.996988714
1341845700.661872 0.056027222 0.084256895 -0.045419216 0.024191454 -0.073158078 -0.000389327 0.997026861
1341845700.693861 0.052414030 0.082743727 -0.047998641 0.023332410 -0.071941808 -0.001162124 0.997135222
1341845700.732394 0.052430380 0.079158850 -0.046192016 0.022915494 -0.072847739 -0.000023022 0.997079849
1341845700.767794 0.055917684 0.082166173 -0.043426972 0.023769064 -0.073706679 0.000731496 0.996996462
1341845700.799058 0.054569144 0.081299819 -0.045103036 0.023982320 -0.073041588 0.000102322 0.997040510
1341845700.867749 0.055666525 0.083245605 -0.041850563 0.024526596 -0.072925143 -0.000531650 0.997035682
1341845700.930007 0.053913940 0.082693763 -0.041377742 0.025377082 -0.073539868 0.000481650 0.996969283
1341845700.961797 0.056127205 0.083217591 -0.041925900 0.025547775 -0.073506482 -0.000839747 0.996967137
1341845700.997752 0.056494117 0.081037723 -0.043579329 0.024914669 -0.073567644 -0.000902662 0.996978581
1341845701.029597 0.056259420 0.081196450 -0.042199362 0.025168451 -0.074095249 -0.001317994 0.996932626
1341845701.061618 0.054258306 0.080668986 -0.044438325 0.025361180 -0.074066021 -0.001596109 0.996929526
1341845701.097561 0.056279488 0.081881858 -0.043928493 0.025823377 -0.074569091 -0.001614203 0.996880114
1341845701.129741 0.055209693 0.082026735 -0.043539256 0.025791928 -0.074083820 -0.001448993 0.996917486
1341845701.165734 0.051645223 0.082480796 -0.044227261 0.025585048 -0.073319428 -0.001313915 0.996979475
1341845701.197714 0.053478099 0.081358805 -0.045335021 0.026185712 -0.074061595 -0.001522891 0.996908665
1341845701.230497 0.056140982 0.083944440 -0.045269024 0.026723946 -0.074876450 -0.001311304 0.996833861
1341845701.265852 0.059396941 0.080590673 -0.042775866 0.026404148 -0.075848706 -0.000469818 0.996769607
1341845701.297730 0.058940206 0.081371650 -0.043655317 0.027509505 -0.076628216 -0.000993322 0.996679723
1341845701.329611 0.059569523 0.084556349 -0.042724643 0.027959853 -0.076469161 -0.001840139 0.996678174
1341845701.365791 0.059340380 0.082957074 -0.040756404 0.027125567 -0.076204926 -0.001950406 0.996721268
1341845701.397757 0.058953349 0.084205642 -0.041624121 0.027091961 -0.075860448 -0.002479550 0.996747255
1341845701.433542 0.057366930 0.082153693 -0.040994652 0.026441049 -0.075205527 -0.001897075 0.996815681
1341845701.465617 0.055958178 0.082842931 -0.043669347 0.026783038 -0.075000361 -0.000852884 0.996823430
1341845701.497704 0.056280237 0.082193904 -0.046142597 0.026374759 -0.075116910 -0.000373055 0.996825874
1341845701.533597 0.057832960 0.084776089 -0.044465121 0.026446862 -0.075457990 -0.000555363 0.996798098
1341845701.597762 0.056186348 0.087187693 -0.043897413 0.026582032 -0.074293099 -0.001303655 0.996881306
1341845701.633825 0.058988605 0.082534909 -0.045535136 0.026511602 -0.075002536 -0.001121957 0.996830285
1341845701.665709 0.062325034 0.082383163 -0.047248736 0.026949069 -0.075195387 -0.000894563 0.996804237
1341845701.701676 0.063004188 0.082140818 -0.043983791 0.027617786 -0.075002365 -0.000620635 0.996800661
1341845701.733527 0.063178502 0.081861630 -0.043176331 0.028169833 -0.075232320 -0.001146120 0.996767461
1341845701.765764 0.062852710 0.083091326 -0.042038321 0.028425723 -0.075181134 -0.001359187 0.996763766
1341845701.801701 0.059946507 0.085230485 -0.041883007 0.028804313 -0.074369125 -0.001448714 0.996813655
1341845701.833700 0.061252721 0.082087465 -0.038371343 0.028517485 -0.074610978 -0.001043852 0.996804357
1341845701.865775 0.061250586 0.084852956 -0.040705685 0.029272787 -0.074628539 -0.000881870 0.996781290
1341845701.901711 0.062385660 0.086328901 -0.040976964 0.029251236 -0.074555337 -0.000758142 0.996787488
1341845701.933585 0.062082548 0.086414658 -0.043438856 0.028884532 -0.074027866 -0.001044588 0.996837258
1341845701.969726 0.062220950 0.086147457 -0.042802598 0.028558031 -0.074152380 -0.001339401 0.996837020
1341845702.002544 0.064565800 0.087201580 -0.038964242 0.028753774 -0.074506491 -0.000960843 0.996805429
1341845702.034379 0.064608358 0.085436180 -0.038208239 0.028715195 -0.074278496 -0.001343045 0.996823132
1341845702.101809 0.061136965 0.085119233 -0.037171874 0.029195687 -0.074007101 -0.002251935 0.996827722
1341845702.137663 0.061570752 0.084105380 -0.038837712 0.029285612 -0.074435115 -0.001984029 0.996793807
1341845702.169629 0.062880047 0.081976019 -0.040804464 0.029527485 -0.074853040 -0.002823629 0.996753335
1341845702.201769 0.064038925 0.081154279 -0.043672957 0.029586691 -0.074341975 -0.004015714 0.996785820
1341845702.237691 0.063317120 0.078485817 -0.041745938 0.029271312 -0.073899843 -0.004197724 0.996827185
1341845702.269760 0.062263370 0.081162043 -0.041657049 0.030018626 -0.073918372 -0.003967791 0.996804535
1341845702.301761 0.063042082 0.083464131 -0.039575007 0.030499591 -0.073723674 -0.004576234 0.996801734
1341845702.337713 0.059182107 0.084432468 -0.041848261 0.030281221 -0.072516255 -0.004934489 0.996895254
1341845702.369720 0.056669783 0.081975959 -0.041848879 0.029704319 -0.072587587 -0.004805226 0.996908069
1341845702.405655 0.060451459 0.083589204 -0.041394193 0.029950010 -0.073176272 -0.004277727 0.996860087
1341845702.469691 0.062801316 0.080888219 -0.039512936 0.029671693 -0.072646044 -0.004147461 0.996907711
1341845702.506265 0.061990324 0.082414106 -0.035847191 0.030050796 -0.072656900 -0.003534493 0.996897936
1341845702.569753 0.063468479 0.076810181 -0.039260443 0.029109154 -0.073170975 -0.002696636 0.996890903
1341845702.605685 0.067674331 0.080304652 -0.040431175 0.029040717 -0.073822357 -0.001993206 0.996846557
1341845702.637718 0.068141408 0.077631064 -0.039668299 0.028165918 -0.073962823 -0.002715156 0.996859491
1341845702.673733 0.067100622 0.080405526 -0.040326990 0.028484860 -0.073474668 -0.002903662 0.996886015
1341845702.705735 0.067445792 0.082292885 -0.040634178 0.028212901 -0.072969794 -0.003573063 0.996928632
1341845702.737648 0.065310463 0.084294058 -0.044717029 0.027592067 -0.071857519 -0.005038024 0.997020483
1341845702.773644 0.064421013 0.085383907 -0.043290071 0.025988098 -0.071138255 -0.005974790 0.997109950
1341845702.805893 0.064968541 0.080073647 -0.043667667 0.023964090 -0.070513085 -0.006708298 0.997200429
1341845702.837969 0.063792147 0.084572271 -0.046298079 0.023533696 -0.069535829 -0.007616659 0.997272730
1341845702.874009 0.062955722 0.081822522 -0.044910509 0.021206219 -0.068578705 -0.007857547 0.997389376
1341845702.908704 0.064651363 0.078974545 -0.039887417 0.020303492 -0.068786040 -0.007398811 0.997397363
1341845702.941673 0.060917474 0.074663199 -0.039956439 0.020672221 -0.068617769 -0.007016604 0.997404158
1341845702.973595 0.060298018 0.073503383 -0.037515949 0.022554355 -0.069846541 -0.004663154 0.997291923
1341845703.005769 0.058703549 0.077102371 -0.039394274 0.024772419 -0.070951939 -0.003529554 0.997165859
1341845703.041648 0.066039376 0.076511666 -0.040479664 0.025927974 -0.072850689 -0.003504345 0.996999621
1341845703.073714 0.070864633 0.083661810 -0.044918861 0.025980197 -0.073150076 -0.004241990 0.996973515
1341845703.109699 0.065900445 0.082816511 -0.042271335 0.023809694 -0.070764326 -0.006761343 0.997186005
1341845703.142006 0.066141330 0.082768895 -0.042618886 0.022437522 -0.069244914 -0.007631387 0.997318149
1341845703.173706 0.063012712 0.079009302 -0.040925395 0.020536402 -0.068394154 -0.008655051 0.997409463
1341845703.209732 0.061425488 0.081746131 -0.039321955 0.020858685 -0.068352580 -0.008202231 0.997409463
1341845703.242050 0.063138761 0.074649878 -0.041199010 0.020699143 -0.068735413 -0.007891650 0.997388959
1341845703.273874 0.060000453 0.077283449 -0.044271138 0.021812011 -0.068889223 -0.007263235 0.997359455
1341845703.309758 0.061702240 0.076749489 -0.044719078 0.022730313 -0.070001327 -0.006309952 0.997267962
1341845703.341850 0.062526539 0.077198103 -0.039964836 0.023287352 -0.070261925 -0.006246439 0.997237146
1341845703.377702 0.065322436 0.078966260 -0.040792193 0.024156049 -0.070114575 -0.006384045 0.997226059
1341845703.409585 0.063080616 0.078076601 -0.045596942 0.024275575 -0.069369301 -0.006961551 0.997271359
1341845703.441629 0.061671492 0.081783339 -0.039808329 0.024650266 -0.069641091 -0.007234174 0.997241318
1341845703.477741 0.064752214 0.079772577 -0.040153373 0.024308179 -0.070218846 -0.007999421 0.997203350
1341845703.509995 0.062047206 0.076487049 -0.039796371 0.024198100 -0.069620237 -0.008203133 0.997246325
1341845703.541800 0.063788310 0.079191551 -0.041777432 0.025288561 -0.069761634 -0.008504800 0.997206867
1341845703.577765 0.063088633 0.079170182 -0.037013210 0.025391443 -0.069990732 -0.009605749 0.997178137
1341845703.609650 0.062333334 0.079384401 -0.038505372 0.025932673 -0.069993608 -0.009199809 0.997167885
1341845703.651761 0.063934818 0.077466175 -0.043133739 0.025883902 -0.070489414 -0.009668588 0.997129798
1341845703.709916 0.065186612 0.082650445 -0.042886589 0.026700588 -0.071770087 -0.008906754 0.997023940
1341845703.745719 0.069422387 0.084010944 -0.041887596 0.025750518 -0.072161295 -0.009835731 0.997012019
1341845703.777733 0.069531873 0.083610885 -0.039325513 0.024430485 -0.071219854 -0.010200131 0.997109234
1341845703.809711 0.064770795 0.079815663 -0.041420180 0.023515707 -0.069826394 -0.010456196 0.997227132
1341845703.845769 0.063844234 0.080243021 -0.043469045 0.023632718 -0.069813348 -0.010428627 0.997225583
1341845703.877728 0.063040473 0.081032045 -0.040994596 0.023578543 -0.069681026 -0.010796960 0.997232199
1341845703.913808 0.067212708 0.079491846 -0.044320855 0.022698246 -0.070031993 -0.009973492 0.997236609
1341845703.945653 0.067017198 0.076504767 -0.041153971 0.022534890 -0.069723308 -0.010952050 0.997251689
1341845703.977870 0.063430339 0.079854697 -0.042241465 0.023604147 -0.068864025 -0.011067815 0.997285366
1341845704.013637 0.060839761 0.075826310 -0.039878007 0.023724042 -0.068833351 -0.011245780 0.997282684
1341845704.045703 0.063888535 0.080157019 -0.036328189 0.025382441 -0.069854021 -0.009885640 0.997185230
1341845704.077666 0.069942616 0.078252070 -0.039260466 0.025520595 -0.070766874 -0.009248507 0.997123480
1341845704.113706 0.070511945 0.079490639 -0.038845032 0.025767874 -0.070567757 -0.009253315 0.997131228
1341845704.145681 0.070149973 0.080333054 -0.039361417 0.025423916 -0.070132382 -0.009631789 0.997167170
1341845704.181785 0.068350419 0.078453325 -0.039493505 0.024850687 -0.069358803 -0.010492220 0.997227073
1341845704.213778 0.068039849 0.079509497 -0.038310077 0.024875199 -0.069352433 -0.010200136 0.997229934
1341845704.245863 0.064744160 0.079403602 -0.037612006 0.024882430 -0.068727106 -0.010182898 0.997273207
1341845704.281578 0.067765944 0.083242416 -0.041014910 0.025091711 -0.068792872 -0.009282871 0.997272193
1341845704.313707 0.071611382 0.081214696 -0.042062808 0.023972664 -0.068809651 -0.009700643 0.997294605
1341845704.349873 0.072701573 0.082759313 -0.039463967 0.023514008 -0.067593247 -0.008935787 0.997395813
1341845704.381729 0.070998162 0.085957073 -0.036900271 0.023356600 -0.065677673 -0.009652761 0.997520804
1341845704.413817 0.069505438 0.080784574 -0.036200222 0.022622379 -0.063982099 -0.009879979 0.997645736
1341845704.449837 0.069990881 0.083467826 -0.039413217 0.022860225 -0.062471461 -0.009926602 0.997735560
1341845704.481600 0.067222156 0.082721412 -0.034951016 0.021758700 -0.060500704 -0.010131922 0.997879565
1341845704.513671 0.062204074 0.075519226 -0.031617664 0.021666160 -0.059503838 -0.008938258 0.997952938
1341845704.549869 0.058410998 0.075913660 -0.032152954 0.026100738 -0.059821781 -0.005971520 0.997849882
1341845704.581901 0.059781611 0.077791356 -0.034183584 0.030485375 -0.062020127 -0.004845405 0.997597456
1341845704.617838 0.064875834 0.080047615 -0.034832150 0.032640491 -0.063731439 -0.005794181 0.997416317
1341845704.650477 0.067150421 0.076535605 -0.038917676 0.032547139 -0.063757077 -0.007600897 0.997405648
1341845704.681708 0.058820955 0.075790435 -0.036401585 0.033567823 -0.063097022 -0.007783032 0.997412384
1341845704.717704 0.062102612 0.080033958 -0.034915827 0.035400491 -0.065009221 -0.007395425 0.997229099
1341845704.749702 0.066384636 0.082265109 -0.039173014 0.036030099 -0.065750800 -0.008918455 0.997145474
1341845704.781791 0.064480893 0.082393266 -0.037128165 0.035239346 -0.065045930 -0.011371902 0.997195005
1341845704.817744 0.056357749 0.075673804 -0.039476994 0.034725096 -0.064266987 -0.012108598 0.997254908
1341845704.849705 0.058514610 0.077737130 -0.040653422 0.036604002 -0.066406868 -0.012339436 0.997044683
1341845704.885675 0.059577748 0.081813440 -0.038512476 0.037348188 -0.067622371 -0.012448279 0.996933997
1341845704.917742 0.061744988 0.080056727 -0.041473027 0.036475278 -0.068348080 -0.012476011 0.996916473
1341845704.949746 0.058597516 0.078620836 -0.040081225 0.035753950 -0.068472251 -0.014122351 0.996912181
1341845704.985761 0.059449062 0.078450590 -0.042525344 0.034771211 -0.068866238 -0.014627308 0.996912539
1341845705.017537 0.059395373 0.079791635 -0.039725594 0.034390628 -0.069363207 -0.015274735 0.996881545
1341845705.049660 0.059466302 0.084511243 -0.041096244 0.034239285 -0.069554396 -0.015430748 0.996870995
1341845705.085710 0.057307683 0.081183478 -0.039072789 0.033428930 -0.069841735 -0.016281163 0.996864915
1341845705.117831 0.060828265 0.082476281 -0.045674182 0.033480939 -0.071056277 -0.016280215 0.996777296
1341845705.154005 0.063844688 0.082213454 -0.043363985 0.032132693 -0.071695656 -0.016842904 0.996766567
1341845705.185648 0.064118698 0.081719443 -0.039049171 0.031320255 -0.071503021 -0.016435770 0.996813059
1341845705.217695 0.064907715 0.081467308 -0.040505022 0.031151481 -0.071139663 -0.016505310 0.996843219
1341845705.253735 0.062510751 0.084006824 -0.041199792 0.031035306 -0.070320301 -0.017386224 0.996890008
1341845705.285554 0.060712796 0.078481190 -0.040344112 0.029864751 -0.070252664 -0.017102212 0.996935427
1341845705.321646 0.064692639 0.081933931 -0.039941408 0.030833093 -0.071326472 -0.015837733 0.996850550
1341845705.353674 0.059617743 0.083597153 -0.040355589 0.031204317 -0.070954718 -0.015207313 0.996875405
1341845705.385774 0.060530774 0.079063155 -0.039577994 0.031023921 -0.071295753 -0.015709739 0.996848881
1341845705.421801 0.064446680 0.075935178 -0.038128573 0.031617809 -0.071467139 -0.015673243 0.996818542
1341845705.453568 0.055509202 0.076065801 -0.036518048 0.033787787 -0.070176832 -0.015330699 0.996844351
1341845705.485749 0.058304176 0.077094764 -0.038826358 0.035724789 -0.071681112 -0.014121321 0.996687591
1341845705.521655 0.063698933 0.075786918 -0.041447733 0.036933791 -0.072846405 -0.012985867 0.996574521
1341845705.553548 0.062905163 0.082257122 -0.041407749 0.038512543 -0.072934873 -0.011908777 0.996521711
1341845705.589775 0.067555435 0.082528524 -0.041766196 0.038228411 -0.073264509 -0.012052991 0.996506751
1341845705.621894 0.062079467 0.084174976 -0.040715035 0.038516674 -0.072709881 -0.011133721 0.996546924
1341845705.653569 0.053781670 0.079596110 -0.042731296 0.037762079 -0.073882543 -0.010624559 0.996495128
1341845705.689868 0.066500328 0.081065558 -0.036888532 0.038672946 -0.077528618 -0.011094831 0.996178031
1341845705.721810 0.062942363 0.086858936 -0.037845980 0.039533377 -0.075954013 -0.011768584 0.996257842
1341845705.753738 0.064306125 0.082524382 -0.036004163 0.038705237 -0.075687461 -0.012519630 0.996301532
1341845705.789861 0.062451515 0.084853023 -0.034775794 0.039228514 -0.074314058 -0.012550481 0.996384025
1341845705.821704 0.055211518 0.082908906 -0.035650235 0.038503166 -0.072472483 -0.012218344 0.996552050
1341845705.863629 0.051638771 0.078431673 -0.038035020 0.038321171 -0.072834544 -0.012428602 0.996530056
1341845705.895623 0.053486802 0.077974342 -0.039167169 0.039936062 -0.074790359 -0.010000557 0.996349096
1341845705.931726 0.055224735 0.084244765 -0.039207842 0.042218849 -0.077626765 -0.007965306 0.996056378
1341845705.963641 0.059247412 0.085623540 -0.039630637 0.042416193 -0.079776362 -0.010305094 0.995856643
1341845705.995677 0.066871762 0.089523494 -0.036774706 0.041567139 -0.080359928 -0.014574197 0.995792210
1341845706.031837 0.064276189 0.092707857 -0.033242952 0.039538737 -0.077969685 -0.015307991 0.996053815
1341845706.063631 0.055166677 0.084987752 -0.031131661 0.037556302 -0.077575371 -0.014858127 0.996168077
1341845706.095737 0.053674899 0.088490479 -0.026694812 0.038374126 -0.079107799 -0.016149445 0.995996296
1341845706.131716 0.066839136 0.092849866 -0.027640896 0.037944570 -0.080319829 -0.016975390 0.995902002
1341845706.163718 0.058323041 0.087005317 -0.023464333 0.036470018 -0.077753820 -0.016708324 0.996165216
1341845706.195662 0.060079511 0.088312976 -0.027243281 0.037197355 -0.078419976 -0.015099231 0.996111810
1341845706.231610 0.063905865 0.090194091 -0.021340206 0.036609437 -0.078644298 -0.015465935 0.996110260
1341845706.263724 0.067959264 0.091377281 -0.023946851 0.035649795 -0.077232651 -0.014372341 0.996271968
1341845706.299838 0.059718385 0.089918889 -0.023342291 0.034462191 -0.075628601 -0.013148866 0.996453643
1341845706.331753 0.064187586 0.090960488 -0.023905208 0.034060445 -0.076896824 -0.014136221 0.996356845
1341845706.363574 0.064664453 0.085850641 -0.022203719 0.032942928 -0.076811716 -0.013722477 0.996406734
1341845706.399690 0.062509313 0.087420173 -0.021193914 0.033355616 -0.076798342 -0.013544580 0.996396482
1341845706.431735 0.074021503 0.084523931 -0.023703616 0.033185355 -0.078299209 -0.013146823 0.996290743
1341845706.463612 0.067574538 0.082656771 -0.018257856 0.032885414 -0.076496616 -0.012003140 0.996455133
1341845706.499655 0.059849340 0.082309455 -0.017302915 0.033604048 -0.076116718 -0.010727220 0.996474802
1341845706.531782 0.069613978 0.086919330 -0.018452948 0.035088014 -0.078156814 -0.010410365 0.996269107
1341845706.563559 0.074931249 0.088230535 -0.012857329 0.035662949 -0.076946557 -0.010254181 0.996344447
1341845706.599529 0.057822425 0.081949472 -0.015497170 0.035802875 -0.072780453 -0.011348422 0.996640563
1341845706.631786 0.067227811 0.083761230 -0.015010776 0.037805151 -0.075709894 -0.011584680 0.996345639
1341845706.667647 0.081022158 0.084397420 -0.016948441 0.038664818 -0.076783322 -0.010682483 0.996240556
1341845706.700732 0.073998235 0.082499973 -0.018819479 0.038355485 -0.073333055 -0.010666740 0.996512592
1341845706.732115 0.072259381 0.078569800 -0.019829025 0.038505059 -0.072576895 -0.010277096 0.996566296
1341845706.768143 0.074852072 0.081710361 -0.013138109 0.039725617 -0.072975807 -0.008607961 0.996505082
1341845706.800357 0.068551935 0.084143482 -0.013922077 0.040702410 -0.071205467 -0.007413184 0.996603310
1341845706.832602 0.072875664 0.084541753 -0.018667402 0.040719964 -0.071754806 -0.007503316 0.996562541
1341845706.869449 0.074568048 0.085750096 -0.021864818 0.040146898 -0.071678199 -0.007463835 0.996591628
1341845706.933651 0.073553115 0.084214866 -0.015328176 0.039223339 -0.072416589 -0.006444921 0.996582091
1341845706.994021 0.071497433 0.086536534 -0.017377017 0.038397405 -0.071731016 -0.004598059 0.996674061
1341845707.029674 0.068761334 0.079397187 -0.020498818 0.037854992 -0.071573742 -0.004077213 0.996708393
1341845707.061864 0.078823797 0.079012148 -0.022249486 0.038352564 -0.072749995 -0.003253564 0.996607244
1341845707.097704 0.076688752 0.076671004 -0.019428261 0.038369518 -0.071196064 -0.003072190 0.996719360
1341845707.129770 0.070493408 0.069057383 -0.022506965 0.039317738 -0.070178419 -0.002253544 0.996756792
1341845707.161817 0.076079257 0.071331002 -0.019873397 0.042165201 -0.071706086 -0.002162646 0.996531844
1341845707.197721 0.081373058 0.074924842 -0.019075369 0.043588739 -0.071280129 -0.002003673 0.996501446
1341845707.229795 0.078640223 0.075054392 -0.016404903 0.044339601 -0.070128568 -0.002806305 0.996548116
1341845707.261851 0.078895457 0.074408330 -0.020465530 0.044537265 -0.069803715 -0.001503461 0.996564925
1341845707.297710 0.080318958 0.079131648 -0.016044864 0.045427572 -0.069251016 -0.001475459 0.996563375
1341845707.329761 0.082660176 0.080070361 -0.014262699 0.045188759 -0.068043873 -0.002691776 0.996654809
1341845707.365850 0.080736555 0.069591254 -0.016852302 0.043878343 -0.065974548 -0.001268323 0.996855319
1341845707.397796 0.071558110 0.072891012 -0.016171815 0.045630988 -0.064456291 0.001131321 0.996876061
1341845707.429752 0.074206717 0.072469570 -0.016132854 0.046659831 -0.064884350 0.001626992 0.996800005
1341845707.465767 0.089529566 0.069917902 -0.015992589 0.047142327 -0.065571062 0.001270057 0.996732891
1341845707.497642 0.088209838 0.066593505 -0.019742759 0.047107488 -0.063692801 0.001306839 0.996856332
1341845707.533665 0.091563702 0.065802641 -0.019218374 0.047838386 -0.062967874 0.002973912 0.996863961
1341845707.565754 0.092656948 0.069774985 -0.014857730 0.049457829 -0.061030712 0.001795543 0.996908247
1341845707.597603 0.097214229 0.069132306 -0.016505057 0.049839083 -0.059830606 0.001339423 0.996962726
1341845707.633748 0.090556718 0.070391618 -0.015714740 0.050379943 -0.058564033 0.002983118 0.997007132
1341845707.665870 0.098052591 0.068857253 -0.015233905 0.050568357 -0.059994563 0.004092314 0.996908605
1341845707.698455 0.109286219 0.078219391 -0.003759926 0.051521469 -0.061483189 0.004626203 0.996766746
1341845707.734303 0.106534250 0.077846423 -0.003987978 0.050828319 -0.060559556 0.003503412 0.996863484
1341845707.766259 0.104770914 0.074902676 -0.005479050 0.050581485 -0.060430076 0.003836605 0.996882677
1341845707.836344 0.102974236 0.074378401 -0.008069233 0.051968668 -0.059936780 0.002881586 0.996844292
1341845707.866230 0.102321200 0.076579347 -0.008742257 0.052142855 -0.060333598 0.002645124 0.996811926
1341845707.901694 0.102746777 0.075990386 -0.009807089 0.051539138 -0.060768910 0.004121865 0.996811867
1341845707.933640 0.101612590 0.073288560 -0.008945091 0.051463645 -0.061172623 0.003644770 0.996792912
1341845707.965831 0.106969133 0.074910395 -0.006599765 0.052065950 -0.062224023 0.003621473 0.996696651
1341845708.001954 0.104450978 0.073269486 -0.006215667 0.051658243 -0.061154846 0.004217539 0.996781707
1341845708.034393 0.102869190 0.073120818 -0.006768365 0.052006032 -0.061669622 0.003134204 0.996735871
1341845708.069946 0.106544137 0.075369306 -0.002977691 0.051913965 -0.062460620 0.003466178 0.996690392
1341845708.101700 0.103129014 0.072330788 -0.004673802 0.051072344 -0.061750498 0.002894465 0.996779919
1341845708.133697 0.102462523 0.071867444 -0.006210776 0.051438600 -0.062541150 0.002745497 0.996712208
1341845708.169675 0.105812773 0.072593443 -0.005006010 0.051483341 -0.063517012 0.002606492 0.996648550
1341845708.201793 0.101355150 0.068506286 -0.006209911 0.050575912 -0.062458370 0.001229735 0.996764541
1341845708.233744 0.100773804 0.069157496 -0.009048767 0.051107615 -0.063287586 0.001151087 0.996685207
1341845708.269711 0.100124560 0.069422983 -0.008001537 0.051707525 -0.063930601 0.001110946 0.996613264
1341845708.301629 0.101578631 0.071887352 -0.008539461 0.052272938 -0.064696826 0.000491463 0.996534884
1341845708.337612 0.104494654 0.074038066 -0.009170800 0.052171066 -0.064814299 -0.001191787 0.996531963
1341845708.369900 0.101689070 0.071125567 -0.010488468 0.051136415 -0.063971922 -0.001737543 0.996639192
1341845708.401883 0.104352273 0.073693305 -0.006405332 0.051900513 -0.065378189 -0.001742345 0.996508420
1341845708.443610 0.104614377 0.074747883 -0.008242109 0.052311342 -0.065297574 -0.002331837 0.996491075
1341845708.501776 0.101902038 0.072576433 -0.010403774 0.051264655 -0.066447951 -0.001160961 0.996471405
1341845708.543852 0.102636054 0.075193532 -0.010103269 0.052019507 -0.068407133 -0.000842026 0.996299982
1341845708.605675 0.099224649 0.077926427 -0.010720974 0.051432379 -0.069132395 -0.003761974 0.996273756
1341845708.637641 0.094746932 0.075138293 -0.014528012 0.051079020 -0.070250034 -0.004514858 0.996210635
1341845708.669692 0.101706572 0.077165358 -0.014365408 0.051424887 -0.072894253 -0.005180812 0.995999515
1341845708.705736 0.101559855 0.082017340 -0.013044998 0.051126365 -0.072532617 -0.005934346 0.996037185
1341845708.738027 0.094278455 0.077306062 -0.016968597 0.050025072 -0.072204731 -0.007004475 0.996109962
1341845708.773829 0.096754901 0.081335135 -0.015179224 0.050776832 -0.074636586 -0.007296445 0.995890498
1341845708.805763 0.098451465 0.083714746 -0.012974627 0.050351400 -0.074965969 -0.008017326 0.995881855
1341845708.838653 0.095622897 0.078984782 -0.013863130 0.049282551 -0.075352080 -0.009314288 0.995894849
1341845708.873912 0.096746951 0.082781561 -0.013556177 0.050044265 -0.076767191 -0.010539845 0.995736599
1341845708.905735 0.097344376 0.081249058 -0.013586596 0.049383953 -0.077088490 -0.011566372 0.995733321
1341845708.938426 0.095873185 0.082706138 -0.015783623 0.049625598 -0.077461332 -0.013068428 0.995673835
1341845708.973642 0.090752825 0.082038492 -0.016942494 0.049546987 -0.077647552 -0.012878185 0.995665669
1341845709.005742 0.091941610 0.082446367 -0.017156603 0.049140923 -0.078752555 -0.013384161 0.995592356
1341845709.041686 0.088735506 0.083235748 -0.018571598 0.049264811 -0.078644574 -0.014417281 0.995580316
1341845709.073656 0.088120058 0.083231457 -0.021042163 0.048791971 -0.079122439 -0.015357050 0.995551765
1341845709.105658 0.088162452 0.084100895 -0.019971073 0.048875660 -0.080088332 -0.015675709 0.995465398
1341845709.141741 0.091925003 0.084388435 -0.019266848 0.048777796 -0.081951924 -0.016005522 0.995313287
1341845709.173646 0.091750666 0.084805369 -0.019874390 0.048396878 -0.081697419 -0.016069943 0.995351732
1341845709.205765 0.090037808 0.088053599 -0.018347297 0.048446003 -0.081661910 -0.016168082 0.995350659
1341845709.241765 0.092522331 0.086967915 -0.018513449 0.047575999 -0.082023732 -0.016000053 0.995365620
1341845709.273754 0.091917239 0.085436098 -0.017041657 0.046930026 -0.081592679 -0.015590440 0.995438218
1341845709.309890 0.092186891 0.085777417 -0.020094132 0.047007639 -0.081732042 -0.014759310 0.995435715
1341845709.341728 0.090355642 0.087288208 -0.018031830 0.046791807 -0.081787296 -0.014231618 0.995449126
1341845709.373776 0.088839173 0.089309514 -0.020094393 0.045807984 -0.081415199 -0.013738448 0.995532274
1341845709.409657 0.089034833 0.089878552 -0.023040459 0.043955319 -0.081362680 -0.012587685 0.995635331
1341845709.442072 0.087204695 0.088591501 -0.023868991 0.041442838 -0.081544034 -0.010080414 0.995756745
1341845709.473660 0.088523276 0.091574222 -0.023434125 0.040369146 -0.082348086 -0.009850972 0.995737016
1341845709.509632 0.087929763 0.093969114 -0.024345139 0.038757723 -0.082034431 -0.009351314 0.995831668
1341845709.541673 0.083858125 0.092679285 -0.023773797 0.036507063 -0.082458407 -0.009291855 0.995882332
1341845709.578645 0.084388815 0.091180019 -0.021980289 0.035373326 -0.083649851 -0.009119079 0.995825469
1341845709.609672 0.084108822 0.092948362 -0.020450572 0.035464909 -0.084961593 -0.010313436 0.995699525
1341845709.642057 0.086329892 0.088061370 -0.022126477 0.034340002 -0.086346805 -0.009680202 0.995626092
1341845709.709730 0.090467460 0.092018105 -0.017564490 0.034009669 -0.088233225 -0.010233315 0.995466530
1341845709.745593 0.090032458 0.092075385 -0.018834136 0.033439592 -0.087900624 -0.009904959 0.995518565
1341845709.777709 0.086542159 0.087372921 -0.022700973 0.032109268 -0.087636299 -0.009105349 0.995593309
1341845709.809687 0.089057170 0.091636702 -0.021353997 0.033019200 -0.088327803 -0.010064653 0.995493233
1341845709.845686 0.090837099 0.092388861 -0.023335235 0.033023275 -0.086679392 -0.012194922 0.995614111
1341845709.878752 0.089346036 0.090360597 -0.024907378 0.032641090 -0.084573038 -0.013567654 0.995790124
1341845709.909693 0.084066682 0.086934432 -0.028440284 0.033029683 -0.083297037 -0.012888189 0.995893836
1341845709.945663 0.087417632 0.086476751 -0.026692599 0.034643941 -0.085130341 -0.012114169 0.995693684
1341845709.977698 0.087499835 0.089958414 -0.024303824 0.036663607 -0.085350595 -0.011575442 0.995608926
1341845710.013739 0.088869728 0.088415161 -0.025070598 0.036988594 -0.084808208 -0.012553513 0.995631397
1341845710.045754 0.085907385 0.086199425 -0.027347926 0.037343550 -0.083765224 -0.012996678 0.995700777
1341845710.077705 0.088255204 0.087440372 -0.026946682 0.037631966 -0.084694564 -0.013115381 0.995609760
1341845710.113730 0.091176569 0.086511724 -0.024547925 0.037412610 -0.084850073 -0.013059825 0.995605469
1341845710.145759 0.084552690 0.086959064 -0.029032582 0.037565455 -0.083643250 -0.013309928 0.995698512
1341845710.177824 0.088100843 0.085157394 -0.027992461 0.037814599 -0.085104786 -0.012520623 0.995575488
1341845710.213581 0.089271247 0.085801981 -0.026637714 0.038336597 -0.085317455 -0.012507176 0.995537460
1341845710.245636 0.082774311 0.082819223 -0.028107353 0.038733132 -0.084539004 -0.013506965 0.995575488
1341845710.281582 0.080418639 0.082549244 -0.034069967 0.040776242 -0.085726663 -0.015351804 0.995365560
1341845710.313617 0.088525347 0.086793862 -0.029984415 0.041756190 -0.087632202 -0.014759422 0.995167911
1341845710.345643 0.085065573 0.085934438 -0.029040087 0.041696236 -0.086683787 -0.014066840 0.995263577
1341845710.381860 0.083447583 0.084113225 -0.031239919 0.042083535 -0.086937398 -0.014070733 0.995225072
1341845710.413817 0.088053726 0.091028094 -0.028387433 0.043502454 -0.087902524 -0.014029285 0.995079875
1341845710.445824 0.083732747 0.085328788 -0.032381848 0.041939653 -0.086386211 -0.013643579 0.995285094
1341845710.481794 0.084337361 0.084042296 -0.031174518 0.041714806 -0.087491296 -0.013993552 0.995193124
1341845710.513650 0.088581160 0.085845716 -0.026532058 0.042104833 -0.088376366 -0.012523819 0.995118141
1341845710.549635 0.084027529 0.081917219 -0.030831434 0.042007722 -0.087666012 -0.012353304 0.995187163
1341845710.581654 0.087315224 0.086210378 -0.029317332 0.043678880 -0.088679045 -0.012012486 0.995029628
1341845710.613694 0.086669870 0.085242242 -0.029576795 0.043465607 -0.088102877 -0.011300861 0.995098472
1341845710.649564 0.085095912 0.083148479 -0.032869503 0.043559305 -0.087632678 -0.011257830 0.995136380
1341845710.681648 0.087962762 0.085552998 -0.033814702 0.044779658 -0.088191539 -0.011736797 0.995027304
1341845710.713728 0.090790533 0.087041959 -0.029104881 0.045149766 -0.088090830 -0.010815166 0.995029926
1341845710.749785 0.086289592 0.084402129 -0.030973474 0.044972554 -0.086735360 -0.010678606 0.995158494
1341845710.781816 0.090530239 0.085905150 -0.029896205 0.045822043 -0.087578200 -0.010811185 0.995044529
1341845710.817567 0.088492312 0.085526899 -0.029338196 0.045844290 -0.086625613 -0.011629754 0.995117605
1341845710.850205 0.091453820 0.084875531 -0.028663471 0.045162141 -0.086391434 -0.009919163 0.995187700
1341845710.882136 0.089583196 0.084838793 -0.028244453 0.045018274 -0.086583719 -0.009353450 0.995183051
1341845710.917631 0.095378496 0.085535049 -0.028824443 0.045101121 -0.087495059 -0.009671455 0.995096505
1341845710.950281 0.090533167 0.085995764 -0.025820687 0.045102526 -0.085781932 -0.009385063 0.995248258
1341845710.985647 0.086788245 0.082750797 -0.025919722 0.045793038 -0.086250581 -0.009254627 0.995177507
1341845711.017722 0.089865625 0.089054339 -0.027852289 0.048139244 -0.088071086 -0.011174968 0.994887531
1341845711.049965 0.100111768 0.091231540 -0.026471397 0.047101941 -0.087746300 -0.012006368 0.994956195
1341845711.085583 0.090600789 0.084110521 -0.026065405 0.045074828 -0.083984286 -0.012406474 0.995369792
1341845711.117670 0.086499512 0.081439629 -0.031117853 0.045455709 -0.084314071 -0.012009452 0.995329440
1341845711.149770 0.094222300 0.089223802 -0.025787808 0.046849258 -0.086022742 -0.010902578 0.995131373
1341845711.191691 0.095090762 0.083061948 -0.026820302 0.044719610 -0.084515847 -0.011272223 0.995354295
1341845711.253627 0.090746246 0.083559267 -0.032120235 0.045789041 -0.086117916 -0.011118986 0.995170057
1341845711.285627 0.094867580 0.085212663 -0.029164413 0.045068718 -0.086967185 -0.011463432 0.995125175
1341845711.317874 0.091537394 0.085791312 -0.029607996 0.044546977 -0.085622318 -0.012532829 0.995252430
1341845711.353756 0.097303703 0.092008799 -0.029267740 0.044196326 -0.085714288 -0.013283108 0.995250404
1341845711.385687 0.096717440 0.090070091 -0.027564183 0.042372830 -0.083800659 -0.013792203 0.995485723
1341845711.417635 0.092204399 0.085134819 -0.024102408 0.041299872 -0.082924739 -0.012476612 0.995621502
1341845711.485895 0.094662286 0.086401589 -0.025790032 0.043295868 -0.085443154 -0.011512456 0.995335340
1341845711.521704 0.094570003 0.084096782 -0.024878137 0.043306373 -0.084716655 -0.010083089 0.995412469
1341845711.553696 0.091688834 0.088395126 -0.024493758 0.044582516 -0.084078543 -0.010851104 0.995402157
1341845711.585708 0.099470139 0.089821421 -0.023991710 0.043701150 -0.084307082 -0.010931319 0.995421052
1341845711.621659 0.096103996 0.085894421 -0.024157636 0.042690057 -0.082573205 -0.011280996 0.995606363
1341845711.653731 0.090412967 0.085376121 -0.025200300 0.042752195 -0.082128040 -0.010875799 0.995644987
1341845711.685758 0.094459377 0.087742530 -0.024412222 0.043086313 -0.082897551 -0.010070051 0.995575368
1341845711.721850 0.092785120 0.084438883 -0.028164053 0.042985853 -0.082380809 -0.009977809 0.995623529
1341845711.754323 0.091240533 0.083935574 -0.027716886 0.043267805 -0.082984142 -0.008876282 0.995571613
1341845711.789716 0.095257968 0.088624738 -0.025307579 0.044241052 -0.084579162 -0.008659591 0.995396495
1341845711.821820 0.094470583 0.085109167 -0.024562869 0.043834664 -0.084240794 -0.009092721 0.995439291
1341845711.854173 0.095290817 0.088016689 -0.026734725 0.044697840 -0.084032349 -0.010120846 0.995408595
1341845711.889875 0.097004190 0.088318177 -0.025528561 0.043890547 -0.082654886 -0.010559945 0.995555282
1341845711.923959 0.094121218 0.087344766 -0.026217801 0.043032542 -0.080169648 -0.011073457 0.995790362
1341845711.957595 0.090710938 0.087030008 -0.024887672 0.042365201 -0.079573214 -0.012721598 0.995847166
1341845711.989820 0.099335968 0.089222401 -0.020603077 0.041922558 -0.080126949 -0.012919055 0.995818913
1341845712.057899 0.094746388 0.088126436 -0.024689153 0.040576767 -0.079124801 -0.011214009 0.995975435
1341845712.090038 0.101679422 0.090658419 -0.026306977 0.040075250 -0.078958362 -0.014488026 0.995966733
1341845712.127587 0.097091712 0.087888859 -0.025174664 0.037984513 -0.076068789 -0.014328214 0.996275783
1341845712.195638 0.092659272 0.089623809 -0.025655789 0.040659584 -0.080405124 -0.012753399 0.995850980
1341845712.257830 0.097343206 0.087256052 -0.023504885 0.038535461 -0.077822611 -0.015067843 0.996108294
1341845712.289935 0.086334065 0.085379124 -0.027820619 0.038703278 -0.076661989 -0.015161656 0.996190310
