1403636763263555584.000000 0.000000000 0.000000000 0.000000000 -0.000000000 -0.000000000 -0.000000000 1.000000000
1403636763313555456.000000 0.001023475 -0.000332345 0.000978848 0.004162158 -0.000673315 0.000626422 0.999990940
1403636763313555456.000000 0.001023475 -0.000332345 0.000978848 0.004162158 -0.000673315 0.000626422 0.999990940
1403636763313555456.000000 0.001023475 -0.000332345 0.000978848 0.004162158 -0.000673315 0.000626422 0.999990940
1403636763313555456.000000 0.001023475 -0.000332345 0.000978848 0.004162158 -0.000673315 0.000626422 0.999990940
1403636763313555456.000000 0.001023475 -0.000332345 0.000978848 0.004162158 -0.000673315 0.000626422 0.999990940
1403636763313555456.000000 0.001023475 -0.000332345 0.000978848 0.004162158 -0.000673315 0.000626422 0.999990940
1403636763313555456.000000 0.001023475 -0.000332345 0.000978848 0.004162158 -0.000673315 0.000626422 0.999990940
1403636763313555456.000000 0.001023475 -0.000332345 0.000978848 0.004162158 -0.000673315 0.000626422 0.999990940
1403636763313555456.000000 0.001023475 -0.000332345 0.000978848 0.004162158 -0.000673315 0.000626422 0.999990940
1403636763313555456.000000 0.001023475 -0.000332345 0.000978848 0.004162158 -0.000673315 0.000626422 0.999990940
1403636763313555456.000000 0.001023475 -0.000332345 0.000978848 0.004162158 -0.000673315 0.000626422 0.999990940
