1341846226.817920 0.000000000 0.000000000 0.000000000 -0.000000000 -0.000000000 -0.000000000 1.000000000
1341846226.850323 0.004231082 0.001367037 0.001949686 0.001128224 -0.000552064 -0.002169140 0.999996901
1341846226.881894 0.007493857 0.001728384 0.003315043 0.001472912 0.000401898 -0.003079668 0.999994099
1341846226.917980 0.004425582 -0.000151152 0.003515693 0.000358509 -0.000496370 -0.002758806 0.999996006
1341846226.950000 0.004804959 -0.003523089 0.006690008 0.000967490 -0.002746511 -0.002181786 0.999993384
1341846226.985981 0.004725490 -0.002579295 0.004485555 0.002717911 -0.003360443 -0.002834196 0.999986649
1341846227.017919 0.001806419 0.000898080 0.002592351 0.002871400 -0.003681894 -0.003492826 0.999983013
1341846227.050040 0.006023987 -0.002817178 0.005783945 0.002303446 -0.004763335 -0.004022281 0.999977946
1341846227.085982 0.006179309 -0.000530036 0.003930343 0.003306316 -0.004613984 -0.005021943 0.999971271
1341846227.118052 0.006861224 0.000345317 0.006509114 0.003834255 -0.004569001 -0.005198138 0.999968708
1341846227.149935 0.005797924 -0.001043607 0.003951840 0.004321678 -0.004823490 -0.004965468 0.999966741
1341846227.186053 0.002074940 0.002304963 0.002571802 0.004354423 -0.005243228 -0.006067948 0.999958396
1341846227.218443 0.007056899 0.000006292 0.006681135 0.003085444 -0.006275326 -0.007365107 0.999948442
1341846227.253944 0.009835993 -0.003253212 0.007513328 0.004042700 -0.006322174 -0.009000251 0.999931335
1341846227.285981 0.006059567 -0.003562657 0.005703365 0.005108573 -0.006457727 -0.010118835 0.999914885
1341846227.320064 0.005209688 -0.002311975 0.004399090 0.005314931 -0.007980224 -0.011223851 0.999891102
1341846227.353969 0.004370691 -0.001897730 0.001980213 0.005836940 -0.009636523 -0.013495924 0.999845505
1341846227.385846 0.001473262 0.002144186 0.000281951 0.005716189 -0.011609852 -0.014888526 0.999805450
1341846227.418015 -0.001800833 0.000608832 0.000165419 0.003956852 -0.014580641 -0.016932460 0.999742508
1341846227.453997 0.001056758 0.000832935 0.001972417 0.002696807 -0.017476965 -0.020676775 0.999629796
1341846227.485981 0.002919057 -0.000070974 0.004376155 0.001867696 -0.018701203 -0.023372989 0.999550164
1341846227.521976 0.004621997 -0.003755526 0.004590429 0.001491905 -0.020772694 -0.023198714 0.999513924
1341846227.553980 0.006619421 -0.006653138 0.007867647 0.002858199 -0.023446202 -0.023990875 0.999433160
1341846227.586047 0.008363077 -0.000839350 0.007750696 0.005199001 -0.023997795 -0.027712293 0.999314308
1341846227.622081 0.008245497 0.000433009 0.008094961 0.004782197 -0.023120129 -0.031133194 0.999236405
1341846227.653945 0.009429310 -0.003882014 0.008213100 0.004396053 -0.023858840 -0.030056978 0.999253809
1341846227.686038 0.006758519 -0.011457436 0.011021736 0.006200191 -0.024123892 -0.030882318 0.999212682
1341846227.721966 0.016176529 -0.007569479 0.007911621 0.009136204 -0.023271546 -0.031717610 0.999184191
1341846227.754130 0.016192593 -0.008947779 0.009519393 0.009949122 -0.020308530 -0.031468477 0.999248862
1341846227.789951 0.016270151 -0.008824525 0.007872832 0.011472142 -0.018342653 -0.030064544 0.999313831
1341846227.821920 0.016059818 -0.008930349 0.005493229 0.011895111 -0.016329978 -0.029563677 0.999358773
1341846227.854275 0.016720066 -0.008992896 0.006175012 0.012135988 -0.014391333 -0.029857080 0.999376893
1341846227.889935 0.018084204 -0.011071102 0.005697663 0.012230273 -0.012970080 -0.029078240 0.999418199
1341846227.921967 0.018097214 -0.012494599 0.005829744 0.012004904 -0.012060493 -0.028054120 0.999461591
1341846227.958123 0.022347424 -0.010276358 0.006690495 0.012471820 -0.011235122 -0.028959421 0.999439657
1341846227.989985 0.018434115 -0.007483155 0.003666271 0.011787095 -0.008308342 -0.030698422 0.999424636
1341846228.021937 0.026253548 -0.018146807 0.009779524 0.010778238 -0.008857344 -0.028377738 0.999499917
1341846228.058222 0.025448745 -0.019319175 0.010237915 0.013021383 -0.008335263 -0.027069040 0.999514043
1341846228.090097 0.035048660 -0.008056789 0.007622978 0.014072937 -0.008516066 -0.027266651 0.999492884
1341846228.121845 0.032683238 -0.008929715 0.010291998 0.010584359 -0.006097714 -0.026332863 0.999578655
1341846228.157875 0.028495824 -0.011219317 0.009600777 0.008069881 -0.005592414 -0.022359880 0.999701798
1341846228.189872 0.027791018 -0.006673901 0.010021730 0.006349169 -0.005999047 -0.021174571 0.999737680
1341846228.225994 0.029958935 -0.013333130 0.013904260 0.003766677 -0.006360684 -0.022221042 0.999725759
1341846228.258336 0.027410572 -0.015800919 0.015836479 0.004256174 -0.006669128 -0.022780854 0.999709249
1341846228.289941 0.028898703 -0.016185995 0.016404821 0.004661191 -0.007221448 -0.021660676 0.999728501
1341846228.326018 0.034981322 -0.014565127 0.016545493 0.005520558 -0.007458519 -0.022020005 0.999714494
1341846228.358243 0.031353701 -0.011545694 0.013002774 0.006307873 -0.005061071 -0.022453826 0.999715209
1341846228.389779 0.031366907 -0.014973281 0.013285603 0.005366946 -0.004754086 -0.020911345 0.999755621
1341846228.426073 0.038315024 -0.016755799 0.015063833 0.005609978 -0.004939707 -0.020970114 0.999752164
1341846228.493915 0.031363919 -0.014558003 0.009408687 0.006195460 -0.001626136 -0.019752325 0.999784410
1341846228.525907 0.034144931 -0.020467998 0.008115704 0.004612010 -0.002946708 -0.018322440 0.999817193
1341846228.558208 0.036705106 -0.015022258 0.010416948 0.005701249 -0.002744110 -0.018112775 0.999815941
1341846228.593899 0.033846237 -0.018322160 0.010954357 0.005311760 -0.002003214 -0.017639412 0.999828339
1341846228.626021 0.030534476 -0.018039064 0.004406138 0.005249317 -0.003212349 -0.017389841 0.999829888
1341846228.658069 0.031532064 -0.012279281 0.005193566 0.005245825 -0.004384952 -0.017106036 0.999830365
1341846228.693942 0.033959009 -0.012392542 0.006858379 0.004339459 -0.003706153 -0.018080734 0.999820232
1341846228.726069 0.036966242 -0.011088885 0.006746913 0.004044480 -0.002876380 -0.017638845 0.999832153
1341846228.762090 0.036231238 -0.018369835 0.003876172 0.002841092 -0.002943949 -0.015046285 0.999878526
1341846228.794000 0.039241940 -0.016586145 0.004919597 0.004371972 -0.003817316 -0.013452669 0.999892771
1341846228.825934 0.039509766 -0.013682047 0.001877237 0.005536271 -0.002978075 -0.013127822 0.999894083
1341846228.862015 0.042650271 -0.017801000 0.001519993 0.005023592 -0.003664578 -0.011228851 0.999917686
1341846228.893856 0.042581022 -0.017194938 -0.000271271 0.005504240 -0.004919911 -0.011298143 0.999908924
1341846228.926548 0.043108154 -0.014108583 0.000582641 0.006031549 -0.004712813 -0.012197949 0.999896288
1341846228.961940 0.053670481 -0.012331982 0.000610535 0.005740679 -0.006018902 -0.012083120 0.999892414
1341846228.994040 0.050518036 -0.010436884 0.000094663 0.004999155 -0.005518697 -0.012188358 0.999898016
1341846229.029897 0.057441030 -0.018553067 0.005761827 0.003960927 -0.006643076 -0.011179592 0.999907613
1341846229.061870 0.063151315 -0.017721659 0.005674322 0.005372115 -0.007159559 -0.010473496 0.999905109
1341846229.094829 0.058453940 -0.014007989 0.002861000 0.005965069 -0.005802811 -0.009888515 0.999916494
1341846229.129930 0.060069133 -0.013736402 0.002929937 0.005347510 -0.005504909 -0.009248770 0.999927819
1341846229.161882 0.058689043 -0.015314965 0.001784954 0.004763228 -0.004718630 -0.010199346 0.999925494
1341846229.197882 0.054913308 -0.019335262 0.002705222 0.004488970 -0.004117821 -0.010335275 0.999928117
1341846229.229812 0.058899760 -0.020431610 0.000596267 0.005662133 -0.005410047 -0.009880141 0.999920607
1341846229.261994 0.065029591 -0.022029867 0.003872848 0.006321643 -0.006822898 -0.010187761 0.999904871
1341846229.297920 0.057993349 -0.019461576 0.001037225 0.006705416 -0.005848231 -0.011952621 0.999889016
1341846229.329933 0.060092974 -0.021231202 0.000511836 0.006291853 -0.007077224 -0.012012441 0.999883056
1341846229.361996 0.062169008 -0.022822266 0.003629751 0.006314835 -0.007801276 -0.011339829 0.999885380
1341846229.398029 0.064510517 -0.027902469 0.005938760 0.008042437 -0.007893692 -0.011115003 0.999874771
1341846229.430182 0.061897561 -0.025226308 0.003311357 0.011042614 -0.007782114 -0.010696159 0.999851584
1341846229.471963 0.058513470 -0.020917675 0.002145762 0.012233918 -0.007244230 -0.010988180 0.999838591
1341846229.530149 0.060827438 -0.019274332 0.000382692 0.014405702 -0.006776120 -0.008901316 0.999833763
1341846229.566064 0.064025134 -0.020797621 0.001221266 0.014443344 -0.007342332 -0.007009751 0.999844193
1341846229.630063 0.069763497 -0.018964725 0.004235043 0.017681992 -0.006016347 -0.004152944 0.999816954
1341846229.665946 0.068441346 -0.019714121 0.004288369 0.016836628 -0.005466770 -0.003020495 0.999838769
1341846229.698150 0.074737780 -0.022428252 0.006658235 0.017759206 -0.006069357 -0.002002114 0.999821901
1341846229.733828 0.074667484 -0.019427039 0.007138370 0.021476209 -0.004421244 -0.001992700 0.999757588
1341846229.765937 0.070690945 -0.020304149 0.000378724 0.021319857 -0.002413949 -0.001984890 0.999767840
1341846229.798002 0.067362398 -0.017682461 0.001634676 0.019871686 -0.001898036 -0.002623286 0.999797344
1341846229.833857 0.071800277 -0.023716360 0.004408186 0.019211907 -0.002340799 -0.002493935 0.999809623
1341846229.865928 0.066084348 -0.025063595 0.004085894 0.020353436 -0.000539415 -0.002880300 0.999788582
1341846229.897926 0.062898770 -0.019950211 -0.000434115 0.020613128 0.000130724 -0.003987578 0.999779642
1341846229.939857 0.062151603 -0.016313551 0.004313776 0.019269230 0.000566251 -0.004294973 0.999804974
1341846230.002061 0.054372530 -0.013824463 0.001374984 0.016557667 0.002690364 -0.005740840 0.999842823
1341846230.033858 0.054176945 -0.016020350 0.004702553 0.013668785 0.002431179 -0.006337889 0.999883592
1341846230.065938 0.059250850 -0.019327287 0.006024939 0.013173358 0.002414885 -0.005644558 0.999894440
1341846230.103878 0.057641186 -0.016481010 0.006529986 0.013372605 0.003523359 -0.004989190 0.999891937
1341846230.144719 0.057571594 -0.013794059 0.007517947 0.012866592 0.003561490 -0.005266880 0.999897063
1341846230.172747 0.060916916 -0.018216599 0.009308158 0.012087020 0.003576730 -0.003274882 0.999915183
1341846230.208544 0.056763276 -0.015666459 0.007749473 0.013152674 0.005041800 -0.002858293 0.999896765
1341846230.271971 0.059051510 -0.020493163 0.006727169 0.011515818 0.004554845 -0.001560657 0.999922097
1341846230.334051 0.058041610 -0.019340163 0.006899739 0.015751580 0.005345175 -0.000280260 0.999861717
1341846230.370031 0.058386140 -0.020377640 0.007450282 0.017580481 0.006198991 -0.002155186 0.999823928
1341846230.401932 0.058493230 -0.023312517 0.006531879 0.018924585 0.007285561 -0.002253908 0.999791861
1341846230.437965 0.061923556 -0.021297764 0.009412163 0.021134663 0.007233686 -0.003398519 0.999744773
1341846230.469920 0.060237173 -0.017163703 0.006782890 0.022957673 0.007833454 -0.004891759 0.999693811
1341846230.501933 0.059064139 -0.012450819 0.004937700 0.023424527 0.008124135 -0.005846273 0.999675572
1341846230.537834 0.057899676 -0.009990384 0.004988359 0.023406258 0.007848862 -0.005250207 0.999681473
1341846230.569803 0.037138570 -0.024737202 -0.005976354 0.022655847 0.010709522 -0.005139254 0.999672771
1341846230.601945 0.048551522 -0.019445164 -0.006913130 0.025382407 0.008082262 -0.003929863 0.999637425
1341846230.637789 0.059805106 -0.023022402 -0.009596422 0.025694527 0.005752111 -0.003118384 0.999648511
1341846230.670057 0.070414148 -0.020523446 -0.007627813 0.025341358 0.003354215 -0.002613985 0.999669790
1341846230.705937 0.083014317 -0.027491055 -0.004600637 0.023296600 0.000691748 -0.004574824 0.999717951
1341846230.737932 0.093740895 -0.027630113 -0.003493867 0.024275912 -0.001174085 -0.004424823 0.999694824
1341846230.769960 0.113646552 -0.024361294 -0.004046645 0.025901724 -0.004582170 -0.001848015 0.999652326
1341846230.805852 0.120373957 -0.023646897 0.002260447 0.026716752 -0.005437643 -0.002475253 0.999625206
1341846230.837804 0.145036235 -0.025144935 -0.007343425 0.026246680 -0.010385972 -0.004248960 0.999592483
1341846230.869829 0.165814787 -0.024099559 -0.002862937 0.027305152 -0.013574852 -0.002856318 0.999530911
1341846230.905851 0.180825412 -0.022403086 -0.006511375 0.028361203 -0.015968664 -0.004230066 0.999461234
1341846230.937917 0.204654142 -0.019983668 -0.000458035 0.028660538 -0.020896772 -0.003789504 0.999363601
1341846230.973933 0.213698462 -0.022919770 -0.003421560 0.028903313 -0.022655474 -0.004834431 0.999313772
1341846231.006047 0.232120737 -0.018960720 0.000023080 0.030685229 -0.025748789 -0.002925828 0.999193192
1341846231.037936 0.244237348 -0.016646242 -0.005053863 0.031315103 -0.028080564 -0.004054162 0.999106824
1341846231.074310 0.258976758 -0.017122993 0.000090848 0.031234153 -0.031034593 -0.004211287 0.999021351
1341846231.106085 0.250136673 -0.014456010 0.004420588 0.032853290 -0.029893739 -0.004349136 0.999003530
1341846231.138083 0.253191799 -0.014586942 0.000538841 0.033971325 -0.030979579 -0.003641549 0.998935938
1341846231.174011 0.255860597 -0.013767463 0.000925503 0.034028184 -0.031783070 -0.004678045 0.998904467
1341846231.205909 0.242600933 -0.014480355 0.009193776 0.034653280 -0.029559907 -0.006077531 0.998943686
1341846231.241869 0.250081867 -0.017581336 0.001363693 0.035114504 -0.030404456 -0.005948315 0.998903036
1341846231.273832 0.252952427 -0.014852946 -0.000688236 0.035912424 -0.031527724 -0.005309889 0.998843372
1341846231.305846 0.268443704 -0.007805034 -0.001029549 0.038335130 -0.034268685 -0.004841740 0.998665512
1341846231.341923 0.275733024 0.002073743 -0.003249300 0.039597165 -0.035641279 -0.005036069 0.998567224
1341846231.410022 0.238077044 -0.025913702 -0.009132294 0.032556918 -0.030231083 -0.005680705 0.998996437
1341846231.442103 0.247596949 -0.019951353 -0.006742479 0.033528712 -0.032165054 -0.004480066 0.998910010
1341846231.484245 0.231877699 -0.017643603 -0.001505943 0.033950251 -0.030422086 -0.004374001 0.998950839
1341846231.516816 0.253034800 -0.015523008 -0.006407773 0.033395685 -0.034060095 -0.004331082 0.998852313
1341846231.547853 0.255840182 -0.002856020 -0.008343851 0.033480432 -0.033141054 -0.006163948 0.998870790
1341846231.583898 0.246899366 0.002351151 -0.001775951 0.031346645 -0.030127436 -0.008551436 0.999017835
1341846231.615993 0.244891763 -0.007503451 0.000032207 0.028296392 -0.028029921 -0.011324400 0.999142349
1341846231.648015 0.202084348 -0.036012597 -0.002206470 0.025260141 -0.021576433 -0.012587992 0.999368787
1341846231.683822 0.209558040 -0.017367473 -0.002026373 0.033417031 -0.024455044 -0.012120695 0.999068797
1341846231.716153 0.205624685 -0.027981915 0.002573802 0.038094405 -0.024734411 -0.012221794 0.998893201
1341846231.747846 0.214671448 -0.022728395 -0.000804513 0.042555831 -0.027674602 -0.012947135 0.998626828
1341846231.783993 0.216912389 -0.023848815 -0.005103095 0.043136019 -0.028775329 -0.013486340 0.998563647
1341846231.817027 0.221634477 -0.025875181 -0.004168830 0.042391829 -0.029518414 -0.012956437 0.998580873
1341846231.852317 0.224295408 -0.019086478 -0.007042051 0.042767543 -0.030364705 -0.012824543 0.998541176
1341846231.909867 0.226746112 -0.028555788 -0.003933595 0.037306193 -0.033033904 -0.011364261 0.998693109
1341846231.945837 0.232949749 -0.021590646 0.000422292 0.038590599 -0.034766588 -0.010341773 0.998596549
1341846231.978027 0.233047888 -0.017357342 0.003372766 0.039174002 -0.034956083 -0.010633857 0.998564184
1341846232.009966 0.235324919 -0.019911839 -0.003017908 0.037343740 -0.035976067 -0.010625379 0.998598158
1341846232.045845 0.235315830 -0.017912852 0.005132498 0.037324805 -0.037342340 -0.008543790 0.998568773
1341846232.077961 0.240556583 -0.020081876 0.006814118 0.037508372 -0.039242581 -0.008020805 0.998493314
1341846232.109864 0.253155291 -0.017473096 -0.000057188 0.037787154 -0.041671809 -0.009249508 0.998373747
1341846232.145999 0.253480047 -0.014974260 -0.000037749 0.037747901 -0.041432649 -0.010417900 0.998373687
1341846232.178314 0.256966740 -0.016984057 0.000267439 0.036928292 -0.041851815 -0.010405427 0.998386919
1341846232.215951 0.258270681 -0.021083370 0.002942963 0.036985457 -0.041739654 -0.010179523 0.998391867
1341846232.252037 0.262360901 -0.021606138 0.001356861 0.037671752 -0.042259280 -0.009269002 0.998353243
1341846232.283944 0.263596773 -0.025070848 0.003304789 0.037567295 -0.042585876 -0.007516575 0.998358011
1341846232.319867 0.264208287 -0.020343209 0.001405564 0.038182307 -0.042456660 -0.006673530 0.998346150
1341846232.351854 0.267727494 -0.014322095 0.003815076 0.037327681 -0.042478066 -0.008085459 0.998367131
1341846232.383877 0.262836516 -0.010447871 0.003593902 0.035675112 -0.041673891 -0.010340635 0.998440623
1341846232.419782 0.262103736 -0.021404130 0.005404366 0.033505838 -0.042656858 -0.010968756 0.998467565
1341846232.451780 0.260765761 -0.024542736 0.005266047 0.034042612 -0.042836852 -0.010696581 0.998444617
1341846232.484170 0.257651567 -0.025459625 0.007106017 0.035025269 -0.041937977 -0.010972147 0.998445868
1341846232.519889 0.266688377 -0.026554411 0.002886621 0.035668008 -0.043595407 -0.009980179 0.998362482
1341846232.551877 0.254362762 -0.031836417 0.008378537 0.035318434 -0.041888304 -0.010323023 0.998444557
1341846232.583846 0.255213648 -0.032773163 0.007228501 0.036575753 -0.041774631 -0.010389719 0.998403311
1341846232.619798 0.263634026 -0.020868465 0.004547859 0.040395580 -0.042448204 -0.009978365 0.998231828
1341846232.651799 0.244322598 -0.024293527 0.000237776 0.040689766 -0.039068311 -0.010173601 0.998355985
1341846232.688092 0.221515775 -0.030124383 0.004286862 0.041478839 -0.035286069 -0.009498600 0.998470962
1341846232.719804 0.193708301 -0.038542271 0.006413931 0.041937314 -0.030170454 -0.010363731 0.998610914
1341846232.751767 0.165101424 -0.047713604 0.003100772 0.042272285 -0.024775796 -0.010372818 0.998745024
1341846232.787894 0.151724949 -0.053869147 0.000051628 0.043192789 -0.022365175 -0.009722531 0.998769104
1341846232.819886 0.114251867 -0.059397127 0.000045840 0.044270586 -0.015511373 -0.009908482 0.998850048
1341846232.855850 0.076269321 -0.069074824 -0.001210325 0.044565231 -0.009188062 -0.009946517 0.998914719
1341846232.887989 0.032599647 -0.079878129 0.004517781 0.043637302 -0.001434005 -0.009780767 0.998998523
1341846232.919822 -0.011330339 -0.080845743 0.005673319 0.043968525 0.005938484 -0.011435647 0.998949826
1341846232.955993 -0.057623141 -0.079360746 0.023664104 0.045138694 0.013541118 -0.010669313 0.998832047
1341846232.987965 -0.109398745 -0.070790336 0.043927483 0.046797697 0.022455128 -0.009254201 0.998609126
1341846233.023868 -0.156976640 -0.077394120 0.064415030 0.043944109 0.032213148 -0.008127033 0.998481452
1341846233.055880 -0.204509541 -0.085341185 0.081038743 0.040837344 0.041935626 -0.009250699 0.998242557
1341846233.087872 -0.251991034 -0.091589257 0.097391158 0.039060671 0.050226506 -0.009817392 0.997925460
1341846233.124060 -0.291384280 -0.089471884 0.112099729 0.040977947 0.055957872 -0.011182715 0.997529209
1341846233.155902 -0.335541755 -0.089206003 0.121355444 0.043317374 0.061807301 -0.011640002 0.997079730
1341846233.218177 -0.426538199 -0.089081749 0.149826139 0.046949510 0.075908877 -0.012907430 0.995925188
1341846233.249926 -0.475467354 -0.092676669 0.172298819 0.044380561 0.084420241 -0.015868098 0.995314956
1341846233.286015 -0.520527184 -0.091788158 0.195244908 0.043791480 0.093098111 -0.017134663 0.994545877
1341846233.317870 -0.546955764 -0.095144831 0.215307444 0.043589607 0.098962955 -0.018510196 0.993963659
1341846233.349815 -0.595967591 -0.096259914 0.225764662 0.044266678 0.108149573 -0.018567773 0.992974997
1341846233.385857 -0.605643094 -0.096831724 0.230639383 0.044505227 0.109344758 -0.018387372 0.992836833
1341846233.417990 -0.619953036 -0.091381453 0.244301543 0.045502413 0.111259997 -0.017471215 0.992595315
1341846233.453822 -0.631461978 -0.095061876 0.251335114 0.045474332 0.112545617 -0.016218742 0.992472947
1341846233.485912 -0.607341945 -0.087826654 0.235923961 0.048047069 0.107221223 -0.017296221 0.992922962
1341846233.517954 -0.607871592 -0.084323160 0.231707111 0.048146315 0.106370360 -0.018490471 0.992988110
1341846233.553882 -0.601360500 -0.086580008 0.232894421 0.047944516 0.104258299 -0.018427553 0.993223011
1341846233.585968 -0.623958111 -0.095170520 0.243624359 0.047655825 0.107550144 -0.018899351 0.992877007
1341846233.621898 -0.633064449 -0.092382528 0.242368683 0.049097415 0.109024234 -0.018330725 0.992656589
1341846233.654396 -0.626479387 -0.093865320 0.237007946 0.048625443 0.108812504 -0.018928487 0.992691875
1341846233.685848 -0.612285912 -0.089630298 0.234519571 0.048661843 0.107281797 -0.019038163 0.992854595
1341846233.721879 -0.616334319 -0.092817731 0.239693880 0.047384880 0.108572520 -0.018809414 0.992780387
1341846233.753961 -0.613045454 -0.093117960 0.238708943 0.046921462 0.108381577 -0.018665375 0.992825985
1341846233.822009 -0.608690143 -0.097158134 0.235205114 0.044759635 0.108799115 -0.017343346 0.992904127
1341846233.853971 -0.609977663 -0.084396750 0.236976147 0.046081297 0.109017000 -0.017103676 0.992823958
1341846233.889920 -0.614636481 -0.094738193 0.235426188 0.043596268 0.109466866 -0.017271075 0.992883801
1341846233.922045 -0.606023908 -0.091214538 0.235673115 0.043410756 0.107502721 -0.017321799 0.993105590
1341846233.953967 -0.601059675 -0.086206123 0.236243606 0.043986462 0.105866767 -0.016620619 0.993267953
1341846233.989945 -0.606272697 -0.085652232 0.239028320 0.043625534 0.105821773 -0.017060613 0.993281245
1341846234.021936 -0.605518878 -0.086465366 0.233283117 0.042649798 0.104704671 -0.017389320 0.993436217
1341846234.053904 -0.604287922 -0.087313734 0.238610253 0.041768592 0.104910120 -0.017412283 0.993451655
1341846234.089899 -0.595575988 -0.085883833 0.234033585 0.041774049 0.103843801 -0.017864931 0.993555367
1341846234.158063 -0.602120101 -0.089279391 0.237340957 0.041087404 0.105278276 -0.017674873 0.993436456
1341846234.189961 -0.604924440 -0.088633828 0.237066686 0.042059802 0.105938308 -0.017241815 0.993333161
1341846234.222130 -0.586181343 -0.083837852 0.226058602 0.042644139 0.102931350 -0.016451580 0.993637800
1341846234.257875 -0.587921739 -0.086765796 0.227372453 0.040945459 0.103584409 -0.016175663 0.993645906
1341846234.289820 -0.590769112 -0.092834108 0.229956463 0.039755087 0.105030045 -0.016051196 0.993544519
1341846234.321998 -0.587370396 -0.091285989 0.230938658 0.040707048 0.105339415 -0.017053632 0.993456483
1341846234.357904 -0.582604945 -0.091580637 0.230849981 0.041024990 0.104438230 -0.017603872 0.993528903
1341846234.389919 -0.581887424 -0.093466811 0.228723213 0.041457325 0.103465483 -0.017016375 0.993623018
1341846234.425915 -0.584444225 -0.090351008 0.231264412 0.043011662 0.103293389 -0.016717751 0.993579984
1341846234.457800 -0.575621903 -0.082621448 0.221666962 0.043910515 0.101377092 -0.016869575 0.993735373
1341846234.490016 -0.568683028 -0.075387523 0.223269328 0.042485625 0.099711552 -0.016300319 0.993975282
1341846234.525867 -0.581426859 -0.092377029 0.229890689 0.038737487 0.102263644 -0.015835173 0.993876636
1341846234.557961 -0.580938399 -0.086598232 0.226952657 0.039419789 0.101862282 -0.015383740 0.993898153
1341846234.593900 -0.582865238 -0.086509928 0.226849586 0.037864823 0.101595379 -0.012992247 0.994020045
1341846234.658173 -0.584708154 -0.090272076 0.229954168 0.036540665 0.099853888 -0.011142334 0.994268537
1341846234.694104 -0.581797361 -0.087337710 0.230010837 0.036920797 0.098039702 -0.011022603 0.994436324
1341846234.725911 -0.581046581 -0.092538133 0.231173053 0.036346313 0.096410900 -0.009460734 0.994632840
1341846234.758643 -0.583113015 -0.094671890 0.230727971 0.036850940 0.096148036 -0.009553701 0.994638801
1341846234.793907 -0.581208766 -0.087435126 0.228059798 0.037429411 0.096032113 -0.010024854 0.994623780
1341846234.826106 -0.582939088 -0.089179493 0.229993135 0.036180969 0.096421361 -0.010146338 0.994631052
1341846234.862270 -0.586027980 -0.092449047 0.234641418 0.035957444 0.096664026 -0.010052328 0.994616568
1341846234.893971 -0.582861722 -0.097721621 0.233340353 0.036050841 0.095544189 -0.009789309 0.994724035
1341846234.926031 -0.585074604 -0.092256598 0.231290832 0.037782412 0.095834725 -0.010454151 0.994625032
1341846234.961979 -0.583092511 -0.087155707 0.229240835 0.038988680 0.095348805 -0.010911229 0.994620264
1341846234.994016 -0.580015600 -0.086584151 0.227750510 0.039575677 0.094107218 -0.012041668 0.994702280
1341846235.026311 -0.582505763 -0.082397237 0.222987995 0.038780682 0.093711786 -0.012146887 0.994769633
1341846235.061915 -0.578097105 -0.076837271 0.223743170 0.038128320 0.093027897 -0.012766988 0.994851291
1341846235.094075 -0.581199944 -0.086550273 0.227769092 0.035831075 0.094023116 -0.012135366 0.994851053
1341846235.130068 -0.582506061 -0.086295381 0.228551909 0.036450785 0.093695298 -0.011562882 0.994866252
1341846235.162449 -0.585427284 -0.086220808 0.231883407 0.037556339 0.092855379 -0.011354868 0.994906306
1341846235.193917 -0.583899319 -0.087751344 0.230184779 0.038075808 0.092250124 -0.011151638 0.994945109
1341846235.229939 -0.583471239 -0.091751896 0.228335306 0.038474325 0.092576236 -0.012472611 0.994883835
1341846235.261811 -0.583008587 -0.093056396 0.229547054 0.038283225 0.092212513 -0.012771126 0.994921207
1341846235.294134 -0.582029700 -0.088856824 0.226332799 0.039897583 0.091710724 -0.013264955 0.994897664
1341846235.329890 -0.581377149 -0.086039983 0.225069255 0.040223092 0.091695629 -0.014753142 0.994865060
1341846235.361974 -0.580259144 -0.087816015 0.222172737 0.037769880 0.092184246 -0.016711848 0.994885027
1341846235.398097 -0.582694471 -0.080026008 0.227605775 0.036691792 0.092676058 -0.018175550 0.994854033
1341846235.462163 -0.582799017 -0.088647701 0.229219556 0.035616465 0.092689283 -0.017930213 0.994896352
1341846235.498142 -0.579862356 -0.086768553 0.226280704 0.034721587 0.092093006 -0.019711383 0.994949639
1341846235.529989 -0.580616474 -0.086611763 0.229459584 0.033816505 0.092123687 -0.020350089 0.994965136
1341846235.561921 -0.582751513 -0.089299917 0.232660085 0.034449924 0.092094272 -0.020652670 0.994939864
1341846235.597951 -0.580381930 -0.076435953 0.227670729 0.037052590 0.091356374 -0.020909032 0.994909048
1341846235.630160 -0.581614017 -0.081401639 0.226162434 0.035060715 0.091083616 -0.021577735 0.994991899
1341846235.667679 -0.582547188 -0.081822686 0.232671037 0.035915133 0.090660475 -0.021068828 0.995011032
1341846235.705783 -0.585373402 -0.085506059 0.229734585 0.036477756 0.091049917 -0.021984406 0.994935155
1341846235.730392 -0.582529604 -0.089622945 0.229255974 0.035823327 0.090598010 -0.022654645 0.994985163
1341846235.766032 -0.580753744 -0.088740952 0.232700154 0.037401214 0.090286680 -0.023262290 0.994941354
1341846235.797942 -0.582619548 -0.087636642 0.230315074 0.038569611 0.090067424 -0.023298739 0.994915783
1341846235.833964 -0.585746646 -0.085697316 0.229889020 0.039413441 0.090723537 -0.023642780 0.994814992
1341846235.866037 -0.582985640 -0.088752061 0.227420136 0.039046690 0.090138324 -0.022090906 0.994918346
1341846235.898007 -0.583297670 -0.090393826 0.229556978 0.039159957 0.090595335 -0.021088988 0.994894147
1341846235.934106 -0.582728863 -0.094794720 0.227199495 0.040692497 0.091184504 -0.020550543 0.994790077
1341846235.965921 -0.581769109 -0.086416036 0.227049977 0.043006744 0.091850646 -0.020580677 0.994630754
1341846235.997897 -0.578889489 -0.090444960 0.222942516 0.041835580 0.092139207 -0.020255402 0.994660735
1341846236.034072 -0.583926857 -0.094847195 0.229124069 0.041571993 0.094215617 -0.019790018 0.994486570
1341846236.065823 -0.585223854 -0.090723246 0.225233600 0.043667089 0.094723724 -0.019875705 0.994346797
1341846236.101989 -0.580851555 -0.082688026 0.223017141 0.044016741 0.093680374 -0.020088358 0.994425952
1341846236.134258 -0.583377838 -0.093839154 0.224418491 0.041510209 0.094032794 -0.019630708 0.994509637
1341846236.166269 -0.580878258 -0.084972695 0.226023585 0.043879241 0.093718223 -0.019595852 0.994438291
1341846236.202022 -0.579718530 -0.085090451 0.219988003 0.042911336 0.093805850 -0.020221928 0.994459808
1341846236.233893 -0.581431448 -0.084487736 0.222084299 0.041135985 0.094419844 -0.020154841 0.994477987
1341846236.265924 -0.581158757 -0.085467085 0.224516809 0.041160356 0.094636872 -0.018719094 0.994484484
1341846236.302018 -0.581829190 -0.097187020 0.224096864 0.039515913 0.094831072 -0.018415643 0.994538367
1341846236.333756 -0.587698817 -0.092604049 0.221494257 0.040214449 0.095973015 -0.018549852 0.994398296
1341846236.369949 -0.584273756 -0.086365491 0.221974209 0.040873904 0.096028037 -0.019685859 0.994344234
1341846236.401964 -0.588338435 -0.092305861 0.223590136 0.039539527 0.097501077 -0.019344864 0.994261563
1341846236.433828 -0.588448465 -0.095111407 0.223047510 0.039348401 0.097663924 -0.019710265 0.994245946
1341846236.469948 -0.591687381 -0.094996803 0.225258723 0.040217634 0.098712265 -0.020328438 0.994095147
1341846236.501946 -0.590063930 -0.092375994 0.221963912 0.041143347 0.099080890 -0.020038102 0.994026542
1341846236.534764 -0.581781983 -0.083188981 0.220095187 0.041699514 0.098029442 -0.019113125 0.994125843
1341846236.569956 -0.588589549 -0.091423869 0.226539180 0.040315460 0.100238852 -0.016551580 0.994008482
1341846236.601901 -0.581250191 -0.084387690 0.223122641 0.042429637 0.099230446 -0.015822165 0.994033575
1341846236.637896 -0.575525582 -0.086121477 0.216054916 0.041074999 0.098688059 -0.016156221 0.994139075
1341846236.669818 -0.567519784 -0.079002932 0.216814950 0.040171359 0.098413564 -0.016697170 0.994194269
1341846236.702100 -0.575581014 -0.096175350 0.220008224 0.037179783 0.101219736 -0.017131248 0.994021475
1341846236.738521 -0.587350905 -0.116781890 0.225944117 0.039321207 0.103814654 -0.015527444 0.993697822
1341846236.769905 -0.591012359 -0.122040704 0.222628102 0.046730869 0.103091329 -0.013820197 0.993477464
1341846236.805999 -0.580907166 -0.101388589 0.218005046 0.052595213 0.100199439 -0.013872108 0.993479490
1341846236.844067 -0.585877597 -0.098380186 0.221810386 0.052647788 0.101281285 -0.015426059 0.993344069
1341846236.876573 -0.567366481 -0.084390953 0.212245762 0.053555578 0.098243557 -0.016764157 0.993578911
1341846236.911899 -0.571455777 -0.076688990 0.215040237 0.051963162 0.098943166 -0.018363714 0.993565738
1341846236.944484 -0.579787493 -0.109861143 0.221539453 0.046397019 0.100246251 -0.017598983 0.993724465
1341846236.975811 -0.581787586 -0.111834645 0.220599502 0.048063539 0.100533225 -0.016290408 0.993638575
1341846237.011848 -0.575115204 -0.103240564 0.214874223 0.048844416 0.099753812 -0.016430812 0.993676722
1341846237.043850 -0.574293494 -0.115233451 0.219078869 0.045837492 0.101070955 -0.017588308 0.993667066
1341846237.075882 -0.584119439 -0.116719261 0.222685382 0.046519741 0.102483667 -0.015688654 0.993522465
1341846237.111887 -0.580057681 -0.119928695 0.223557830 0.048982732 0.100810379 -0.013750676 0.993604004
1341846237.143863 -0.574374557 -0.121398397 0.217773557 0.050888460 0.099479616 -0.013665577 0.993643522
1341846237.175838 -0.579614222 -0.104300387 0.215783060 0.053288907 0.099860989 -0.013450888 0.993482351
1341846237.211847 -0.576208234 -0.107808068 0.217379063 0.050770406 0.099744916 -0.013254436 0.993628561
1341846237.243895 -0.573985994 -0.121264674 0.219941407 0.049360786 0.100493290 -0.012554320 0.993633270
1341846237.280228 -0.588783562 -0.108160809 0.218239456 0.052732598 0.103077441 -0.012130452 0.993200481
1341846237.312079 -0.580898523 -0.103858218 0.219049469 0.053071275 0.100878365 -0.011452400 0.993416309
1341846237.343828 -0.583426297 -0.107149728 0.219901577 0.052986376 0.101273753 -0.010329675 0.993392885
1341846237.379983 -0.569060862 -0.113840580 0.214625388 0.051553547 0.099079512 -0.010116616 0.993691683
1341846237.411962 -0.579704821 -0.105005212 0.213787347 0.051197924 0.100853354 -0.010215433 0.993530631
1341846237.443790 -0.580175400 -0.101901963 0.216575190 0.050004825 0.100953549 -0.011561018 0.993566453
1341846237.479911 -0.582988679 -0.113874361 0.213562414 0.046554990 0.102299675 -0.013539089 0.993571401
1341846237.511862 -0.583738804 -0.107563011 0.215432182 0.046134353 0.101888046 -0.013329264 0.993636191
1341846237.547914 -0.588116646 -0.105219752 0.216570660 0.045302123 0.101036832 -0.012763322 0.993768811
1341846237.579956 -0.579576790 -0.110506490 0.215615928 0.043766350 0.098709330 -0.011811148 0.994083285
1341846237.611852 -0.579587042 -0.102121666 0.215249583 0.044609245 0.098377027 -0.011683758 0.994080186
1341846237.647976 -0.584116995 -0.112383291 0.214555547 0.042324957 0.098590441 -0.011393833 0.994162321
1341846237.680417 -0.578029156 -0.111088671 0.215448812 0.042567283 0.096852839 -0.009974571 0.994338036
1341846237.711902 -0.578321099 -0.114778668 0.218603015 0.042592041 0.096233800 -0.008957371 0.994406760
1341846237.747860 -0.585235715 -0.115443438 0.216694951 0.043880563 0.096948057 -0.009894846 0.994272470
1341846237.779848 -0.588330925 -0.101621732 0.216017559 0.046460923 0.097082496 -0.010391814 0.994137049
1341846237.815934 -0.587939382 -0.095169157 0.214131102 0.046658631 0.096019000 -0.008985357 0.994244754
1341846237.847966 -0.581321239 -0.097138815 0.215528667 0.045224417 0.093864501 -0.007842781 0.994526386
1341846237.879781 -0.580206871 -0.107644551 0.213220686 0.042729512 0.093334466 -0.008077617 0.994684756
1341846237.916026 -0.577242613 -0.097844332 0.215370774 0.043113604 0.092332534 -0.008248297 0.994760215
1341846237.978064 -0.581016779 -0.092469707 0.215449706 0.043271277 0.093101978 -0.008618369 0.994678497
1341846238.010069 -0.587538958 -0.095696278 0.214844272 0.041814867 0.094292663 -0.008956324 0.994625688
1341846238.045995 -0.587724745 -0.095964044 0.213936985 0.040347639 0.094193175 -0.008730112 0.994697690
1341846238.077963 -0.588299572 -0.097095646 0.216527000 0.039201353 0.094253972 -0.008660237 0.994738400
1341846238.109791 -0.587003887 -0.101459511 0.219423220 0.038334224 0.094204746 -0.009078203 0.994773149
1341846238.145837 -0.586689055 -0.108008593 0.219602197 0.038777310 0.094447576 -0.008992162 0.994733691
1341846238.177943 -0.579198003 -0.097089477 0.214236259 0.040769748 0.093673423 -0.009726569 0.994720399
1341846238.209943 -0.579980552 -0.095286965 0.215000436 0.039133500 0.093939573 -0.011055501 0.994747043
1341846238.246227 -0.585337996 -0.099333197 0.219409183 0.038077909 0.095166892 -0.010967897 0.994672358
1341846238.278227 -0.584101319 -0.099488907 0.218602613 0.038775034 0.095002815 -0.010918890 0.994661689
1341846238.345918 -0.586406469 -0.091697969 0.220315576 0.039561193 0.096443556 -0.013199762 0.994464338
1341846238.377978 -0.576982677 -0.103406496 0.219412819 0.038887944 0.094308041 -0.012042506 0.994710386
1341846238.413879 -0.581929624 -0.101215057 0.217438832 0.040390387 0.094467729 -0.012428425 0.994630575
1341846238.445979 -0.584436476 -0.098446153 0.217266873 0.040786695 0.094887070 -0.013910304 0.994554877
1341846238.478188 -0.580665410 -0.097423159 0.217839196 0.040356323 0.094540358 -0.014732393 0.994593680
1341846238.515328 -0.586918116 -0.103590220 0.221828565 0.039834540 0.095553316 -0.014545541 0.994520664
1341846238.545906 -0.590342879 -0.099705115 0.220911562 0.041705985 0.095542297 -0.015235842 0.994434595
1341846238.587827 -0.589404225 -0.102358036 0.221220091 0.041725989 0.095678769 -0.015956631 0.994409323
1341846238.645944 -0.584142327 -0.093998522 0.216754362 0.041524891 0.095448934 -0.015420337 0.994448304
1341846238.681933 -0.585371077 -0.100013100 0.219857335 0.040069386 0.095538840 -0.015125607 0.994503915
1341846238.713917 -0.585945487 -0.104471214 0.222022325 0.040036242 0.095653847 -0.013904528 0.994512022
1341846238.745925 -0.582787514 -0.100569092 0.217627987 0.041459825 0.094819978 -0.013483505 0.994539380
1341846238.781932 -0.588982701 -0.103714965 0.219239324 0.039866976 0.095435247 -0.013617830 0.994543850
1341846238.813869 -0.585105777 -0.098924495 0.217807114 0.039597753 0.095421411 -0.014206090 0.994547606
1341846238.849931 -0.590352654 -0.101356186 0.221834958 0.038055107 0.096717976 -0.014487954 0.994478583
1341846238.881927 -0.588014305 -0.107566029 0.221705407 0.037831053 0.095267341 -0.013680504 0.994638562
1341846238.914000 -0.589961410 -0.113175057 0.225710183 0.039519675 0.093652360 -0.011352926 0.994755566
1341846238.949903 -0.593331158 -0.111421727 0.227424547 0.043520067 0.092934906 -0.010375635 0.994666517
1341846239.017941 -0.575790942 -0.109918043 0.219160929 0.045530863 0.090098523 -0.013974404 0.994793475
1341846239.050041 -0.583151698 -0.109616078 0.221131906 0.045721557 0.091882266 -0.015779898 0.994594514
1341846239.081902 -0.583385825 -0.106806561 0.221489415 0.046640933 0.091711670 -0.016977735 0.994547844
1341846239.117866 -0.580703080 -0.110394090 0.220883712 0.046449419 0.091560706 -0.017912654 0.994554281
1341846239.149976 -0.584285259 -0.101464905 0.220833436 0.048324667 0.093000241 -0.018759355 0.994315803
1341846239.181897 -0.582696497 -0.100393794 0.216895029 0.047682453 0.092637591 -0.018306749 0.994389057
1341846239.217929 -0.584228456 -0.100107022 0.217747286 0.045870192 0.092683554 -0.018409412 0.994468153
1341846239.250009 -0.582793653 -0.104206674 0.218379155 0.043984979 0.092954397 -0.018374002 0.994528711
1341846239.285917 -0.583689392 -0.098318756 0.220731363 0.044043548 0.093912989 -0.018294672 0.994437456
1341846239.318442 -0.586798847 -0.096753605 0.219488278 0.043092590 0.095109083 -0.018271424 0.994365871
1341846239.349930 -0.586151600 -0.093335785 0.221623972 0.042270448 0.095435545 -0.017739315 0.994379520
1341846239.386011 -0.582311273 -0.099495836 0.221953928 0.041565690 0.095397860 -0.016564976 0.994433105
1341846239.417983 -0.587691903 -0.092873417 0.220737293 0.042839047 0.096133493 -0.016696924 0.994305968
1341846239.450112 -0.587438703 -0.090750277 0.219975039 0.042296767 0.096014440 -0.016761385 0.994339645
1341846239.485973 -0.591332018 -0.093322277 0.222346619 0.040792484 0.097013764 -0.015801314 0.994321227
1341846239.517913 -0.586690247 -0.092761844 0.221791655 0.039824218 0.096551992 -0.015342934 0.994412541
1341846239.553979 -0.581017315 -0.084898464 0.221772164 0.040385369 0.095633298 -0.014472510 0.994491816
1341846239.585911 -0.586338997 -0.089158751 0.220958263 0.038863208 0.096724451 -0.013789489 0.994456649
1341846239.617967 -0.588715434 -0.094057053 0.224759102 0.038284276 0.097383313 -0.012771389 0.994428337
1341846239.653941 -0.591089487 -0.086942576 0.225568160 0.040401053 0.097640820 -0.012192014 0.994326651
1341846239.685852 -0.588356376 -0.092828125 0.224550053 0.039619092 0.096882433 -0.011968393 0.994435012
1341846239.717923 -0.587651253 -0.079333648 0.222618520 0.041574594 0.096137136 -0.010849854 0.994440317
1341846239.753857 -0.588310182 -0.092364728 0.223240182 0.039424803 0.096245892 -0.011284118 0.994512558
1341846239.785918 -0.583028257 -0.095839255 0.219840124 0.038187869 0.095041744 -0.011082648 0.994678855
1341846239.821950 -0.566526771 -0.102146819 0.216788337 0.036945142 0.091862306 -0.010752130 0.995028019
1341846239.854023 -0.543272197 -0.106633805 0.205632403 0.037793215 0.087469399 -0.009776189 0.995402038
1341846239.891801 -0.525642276 -0.102962650 0.190642774 0.038001493 0.083948478 -0.009963106 0.995695412
1341846239.953963 -0.559012353 -0.103539832 0.218007609 0.037178636 0.090436690 -0.011455798 0.995142102
1341846239.985997 -0.530102849 -0.097403392 0.199772164 0.038875766 0.084794909 -0.010914489 0.995579958
1341846240.022055 -0.500287771 -0.090352699 0.188101739 0.039862249 0.078930944 -0.011885839 0.996011853
1341846240.053998 -0.474190474 -0.084648661 0.176933140 0.042236298 0.074739017 -0.011525613 0.996241689
1341846240.089841 -0.434980094 -0.091101483 0.158991978 0.042358231 0.067256607 -0.011460619 0.996770263
1341846240.121795 -0.402969033 -0.093062751 0.147689074 0.042605888 0.060984630 -0.010470595 0.997174025
1341846240.159862 -0.372921765 -0.092094265 0.133935720 0.044028874 0.056532186 -0.011670263 0.997361243
1341846240.195884 -0.336777031 -0.090353236 0.125251129 0.045503415 0.050481308 -0.013153788 0.997601151
1341846240.227927 -0.309222519 -0.086087778 0.121107504 0.046152391 0.045897506 -0.013122753 0.997793138
1341846240.290031 -0.256582379 -0.088696115 0.106250085 0.046826955 0.036935829 -0.012332272 0.998143792
1341846240.322206 -0.286274135 -0.091889605 0.105111957 0.045613199 0.041533571 -0.011071623 0.998034000
1341846240.357948 -0.312362671 -0.089149803 0.113326013 0.045303479 0.045475751 -0.012964020 0.997853458
1341846240.422212 -0.270102054 -0.085083984 0.103128426 0.048189249 0.038183529 -0.013295901 0.998019576
1341846240.458143 -0.259214640 -0.078791767 0.107487336 0.049456529 0.036207020 -0.014346843 0.998016715
1341846240.490243 -0.227786601 -0.078914069 0.089280501 0.048621599 0.029972030 -0.014226075 0.998266160
1341846240.525976 -0.174066752 -0.085637905 0.078608803 0.048182603 0.019907676 -0.011988140 0.998568237
1341846240.557894 -0.135580465 -0.093075924 0.051460739 0.046972364 0.013168197 -0.013606790 0.998716772
1341846240.590418 -0.088162079 -0.082947731 0.046791229 0.049841087 0.005607295 -0.015265513 0.998624742
1341846240.626172 -0.065539613 -0.076672703 0.036702946 0.051126037 0.001360303 -0.015181487 0.998575926
1341846240.657964 -0.054348174 -0.069770738 0.040976457 0.052744344 -0.000957350 -0.015698722 0.998484194
1341846240.689825 -0.022902170 -0.063130304 0.020892762 0.054939073 -0.006369164 -0.016028322 0.998340786
1341846240.725903 0.021888779 -0.057934534 0.025487788 0.056025553 -0.013514652 -0.017121300 0.998191059
1341846240.757973 0.058857955 -0.044856615 0.020374253 0.058299843 -0.019194931 -0.017337730 0.997964025
1341846240.794024 0.078919165 -0.038298879 0.017651631 0.060965229 -0.022291372 -0.017511537 0.997737288
1341846240.826068 0.104924321 -0.036503665 0.010686776 0.061836399 -0.026118098 -0.018535828 0.997572362
1341846240.858147 0.140113205 -0.036957186 0.012094351 0.061335437 -0.031604372 -0.018985331 0.997436047
1341846240.894038 0.168766275 -0.035534039 0.013918065 0.060652159 -0.035313282 -0.020605065 0.997321308
1341846240.925975 0.194251940 -0.035406295 0.009611431 0.060424428 -0.039331358 -0.020406777 0.997188807
1341846240.958080 0.220282525 -0.034230899 0.012879725 0.060445514 -0.043145262 -0.020177826 0.997034431
1341846240.994099 0.239052400 -0.029323410 0.012707819 0.060923889 -0.046218954 -0.020483313 0.996861398
1341846241.026041 0.257320583 -0.024888922 0.016502500 0.062508479 -0.048982978 -0.021628585 0.996607065
1341846241.062449 0.253399044 -0.017461881 0.012769362 0.064428680 -0.048047904 -0.022348346 0.996514380
1341846241.094372 0.270805448 -0.013755529 0.006635040 0.063798279 -0.050825894 -0.022946024 0.996403575
1341846241.126068 0.286196291 -0.010015262 0.015141971 0.063924566 -0.052971482 -0.024032535 0.996258080
1341846241.167863 0.296495885 -0.007233188 0.013636582 0.065911479 -0.054566909 -0.023713181 0.996050119
1341846241.230127 0.323331326 -0.004620752 0.002476009 0.065736756 -0.058885891 -0.024900571 0.995786667
1341846241.261868 0.336504728 -0.004541571 -0.008578662 0.065741017 -0.061272893 -0.026623636 0.995597780
1341846241.295211 0.352440357 -0.004721450 -0.018500743 0.065304965 -0.064160667 -0.028605316 0.995389640
1341846241.329804 0.358987957 -0.003926726 -0.017212970 0.065202408 -0.065167345 -0.028771101 0.995326102
1341846241.362000 0.364999413 -0.002714672 -0.022838270 0.064899489 -0.065828197 -0.029503075 0.995280981
1341846241.394012 0.381587088 0.007785583 -0.031426504 0.067002706 -0.069307417 -0.028798822 0.994925976
1341846241.430126 0.388540983 0.007241691 -0.039104119 0.066566274 -0.070377998 -0.028845005 0.994878829
1341846241.462018 0.401563019 0.008241095 -0.047497049 0.066479832 -0.072956011 -0.028962722 0.994695485
1341846241.497907 0.407371402 0.011097874 -0.051182315 0.067013629 -0.073600575 -0.028836593 0.994615793
1341846241.529930 0.404687554 0.011031216 -0.048514344 0.067069061 -0.073463313 -0.029355897 0.994607091
1341846241.562493 0.390022010 0.009681324 -0.039028164 0.066366591 -0.071386836 -0.029774042 0.994792879
1341846241.598412 0.395844966 0.010355722 -0.042971529 0.066762604 -0.072071016 -0.029632233 0.994721293
1341846241.629998 0.393475145 0.008344978 -0.043455496 0.066435486 -0.071568675 -0.029876480 0.994772136
1341846241.662234 0.393421739 0.009386542 -0.041205972 0.066898800 -0.071608484 -0.029192194 0.994758546
1341846241.698098 0.391304970 0.008544652 -0.042151615 0.066822954 -0.070811227 -0.029599333 0.994808733
1341846241.729805 0.390076548 0.007778107 -0.040785734 0.066614643 -0.070717126 -0.029497823 0.994832397
1341846241.765805 0.391361088 0.007906139 -0.041201673 0.066737704 -0.071014270 -0.030073224 0.994785726
1341846241.797970 0.390092373 0.007828088 -0.039410468 0.067534409 -0.070623189 -0.030044749 0.994760692
1341846241.830240 0.390417159 0.006622181 -0.038910549 0.067497224 -0.070657127 -0.030362625 0.994751155
1341846241.865867 0.391652107 0.008612348 -0.040335868 0.067613795 -0.070974424 -0.030641763 0.994712055
1341846241.898156 0.393478215 0.009000817 -0.040905613 0.067863427 -0.071623825 -0.030840738 0.994642377
1341846241.929917 0.391905457 0.007600238 -0.039840512 0.068191335 -0.070695587 -0.030510832 0.994696558
1341846241.965882 0.386231065 0.001212461 -0.040721595 0.065111987 -0.068978667 -0.029323304 0.995059073
1341846241.998017 0.387716949 0.003314877 -0.039381675 0.065891653 -0.069713414 -0.029689861 0.994945705
1341846242.034019 0.382334441 -0.000993951 -0.038691677 0.064314432 -0.068210348 -0.026650729 0.995239019
1341846242.066365 0.370310217 -0.001172829 -0.042258233 0.063860655 -0.063254051 -0.025832757 0.995617151
1341846242.097916 0.363057643 0.007892039 -0.045599930 0.068096489 -0.059196997 -0.025914116 0.995583773
1341846242.133980 0.360186279 0.010518556 -0.050445724 0.069282018 -0.057394020 -0.025820015 0.995609999
1341846242.165895 0.364706665 0.006618942 -0.048339017 0.068626165 -0.059402645 -0.026622053 0.995516479
1341846242.197924 0.351114124 0.002944244 -0.045817494 0.068456426 -0.054196771 -0.029379362 0.995747685
1341846242.234487 0.357944101 0.002304995 -0.051418167 0.068983115 -0.054925472 -0.030796343 0.995628476
1341846242.269588 0.363729149 0.004324013 -0.051073782 0.070651814 -0.056937374 -0.030705588 0.995401263
1341846242.301972 0.379379034 -0.003964528 -0.048689846 0.068293445 -0.063508168 -0.034218043 0.995053709
1341846242.333996 0.362894922 -0.010246349 -0.028346455 0.068475403 -0.061473876 -0.034355372 0.995164216
1341846242.366000 0.368203014 -0.005742113 -0.031394575 0.070377275 -0.062599897 -0.033197157 0.995000660
1341846242.401903 0.361518979 -0.008101352 -0.023660360 0.070264414 -0.062389404 -0.032432798 0.995047033
1341846242.433933 0.366186470 -0.009042388 -0.018285358 0.070742927 -0.063123122 -0.032744855 0.994956672
1341846242.469883 0.368873537 -0.013521418 -0.008268344 0.071724400 -0.063250899 -0.032447729 0.994888008
1341846242.501972 0.356507510 -0.007360006 0.005870653 0.073842674 -0.061128572 -0.032914676 0.994850397
1341846242.534063 0.339995116 0.001141640 0.019971184 0.075391397 -0.058843054 -0.032374322 0.994889736
1341846242.569931 0.333641440 -0.004476136 0.018438756 0.074267149 -0.057440765 -0.032476582 0.995052934
1341846242.602000 0.324133605 -0.015011042 0.008011892 0.072306231 -0.055640679 -0.032069359 0.995312750
1341846242.634077 0.322533488 -0.018084032 0.011660281 0.071012929 -0.055838581 -0.031558454 0.995411158
1341846242.670215 0.329072356 -0.020285171 0.008085395 0.069744490 -0.056496367 -0.032396749 0.995436788
1341846242.701929 0.330408067 -0.019058641 0.006159762 0.069741063 -0.056572895 -0.032458507 0.995430648
1341846242.737996 0.321812004 -0.016620439 0.009342222 0.069978230 -0.055781826 -0.031919543 0.995476127
1341846242.769937 0.324639142 -0.021046102 0.008348764 0.069748066 -0.056533482 -0.032279830 0.995438218
1341846242.808080 0.331001431 -0.019286323 0.004439439 0.070337065 -0.057419736 -0.032515552 0.995338321
1341846242.869936 0.333460987 -0.015416365 0.001525382 0.069441378 -0.058135562 -0.033175964 0.995337903
1341846242.902131 0.333992243 -0.016359359 0.000691984 0.069319919 -0.057952572 -0.034297507 0.995319009
1341846242.938061 0.334858358 -0.016524188 -0.000255198 0.069574535 -0.058299903 -0.034678966 0.995267808
1341846242.969969 0.326771230 -0.017367236 0.007010410 0.070633322 -0.057779033 -0.033966772 0.995248139
1341846243.005810 0.323744059 -0.013495083 0.002000477 0.071611390 -0.057545930 -0.034210607 0.995183408
1341846243.038095 0.334983975 -0.017817054 0.002766362 0.070779033 -0.059560034 -0.034224309 0.995123923
1341846243.070041 0.330191463 -0.014856325 0.000213289 0.070321105 -0.059388846 -0.033598296 0.995187998
1341846243.106059 0.331622720 -0.018505972 0.003009154 0.068717316 -0.059637319 -0.035066266 0.995234489
1341846243.137899 0.342901587 -0.003047778 0.008453635 0.071680263 -0.060877513 -0.035433974 0.994937360
1341846243.169985 0.331521660 -0.014877573 0.002015173 0.069767542 -0.059470311 -0.034000427 0.995208442
1341846243.206007 0.333223343 -0.016436944 -0.000248937 0.069340169 -0.059751265 -0.034303669 0.995211065
1341846243.237999 0.327914447 -0.014453298 -0.001530779 0.068602376 -0.058399130 -0.035224393 0.995310247
1341846243.274026 0.335677147 -0.016405948 0.006243711 0.068309300 -0.058741048 -0.036580976 0.995261371
1341846243.305879 0.331495702 -0.016746387 0.001984538 0.068950765 -0.058297537 -0.036600351 0.995242476
1341846243.338022 0.333551079 -0.017515410 -0.000134701 0.069792278 -0.058670919 -0.036187071 0.995177031
1341846243.374348 0.339011252 -0.012950032 0.002386712 0.071487874 -0.059461821 -0.036322933 0.995004773
1341846243.405837 0.334110826 -0.016034938 0.001009665 0.071289934 -0.059615843 -0.035170179 0.995051205
1341846243.442193 0.333370239 -0.014574675 -0.002684242 0.071740896 -0.059654988 -0.034951702 0.995024085
1341846243.473902 0.335154146 -0.018520676 0.002440274 0.071556345 -0.059781063 -0.035069831 0.995025694
1341846243.505839 0.328732282 -0.010816350 -0.003309443 0.072363473 -0.059084609 -0.035547916 0.994991899
1341846243.542001 0.327613622 -0.011629255 -0.001925461 0.072020493 -0.059007980 -0.035708766 0.995015621
1341846243.574058 0.332578480 -0.015790991 -0.001793458 0.071285419 -0.059322361 -0.035664339 0.995051444
1341846243.605841 0.330247045 -0.018585086 0.006109564 0.071447819 -0.058302119 -0.035590939 0.995102763
1341846243.642015 0.327566504 -0.014657429 0.000968234 0.072729237 -0.057895564 -0.034805279 0.995061398
1341846243.673926 0.335376978 -0.015435616 0.000154560 0.072154619 -0.059241269 -0.035217021 0.995009542
1341846243.710095 0.333763093 -0.016370391 0.002891845 0.072445691 -0.058524117 -0.035511959 0.995020330
1341846243.741951 0.334396034 -0.014951153 0.001154690 0.072728440 -0.059079815 -0.035412926 0.994970381
1341846243.774067 0.336908907 -0.017518274 -0.002108688 0.071452349 -0.059509363 -0.036033709 0.995014966
1341846243.809881 0.333892465 -0.015821226 0.001623718 0.071671873 -0.058739670 -0.035545677 0.995062470
1341846243.841971 0.331088811 -0.017605692 0.007832641 0.072023816 -0.058315713 -0.035319019 0.995070040
1341846243.874062 0.332755595 -0.016603932 0.006136527 0.072722070 -0.059196949 -0.034297805 0.995002985
1341846243.910022 0.333132654 -0.017711746 0.003820395 0.073121041 -0.059215777 -0.034752298 0.994956851
1341846243.978045 0.332102209 -0.017092541 0.001018808 0.073117517 -0.057769436 -0.035129059 0.995028853
1341846244.009892 0.330033123 -0.019676857 0.006372198 0.072013997 -0.057264518 -0.034868173 0.995147765
1341846244.042105 0.326266766 -0.018891944 0.007533241 0.073075637 -0.056338564 -0.033712465 0.995163083
1341846244.077884 0.330451250 -0.017825816 0.006091906 0.073927931 -0.056995105 -0.033552192 0.995068073
1341846244.115904 0.330669880 -0.019434018 0.006063264 0.072949566 -0.057070568 -0.033604719 0.995134234
1341846244.151850 0.325341612 -0.018827854 0.008183022 0.072640650 -0.056134857 -0.032768261 0.995237947
1341846244.184334 0.328016490 -0.020490678 0.006295701 0.073219128 -0.056469191 -0.031634882 0.995213270
1341846244.215953 0.328756154 -0.017206207 0.002687684 0.073607489 -0.056469016 -0.031869128 0.995177150
1341846244.251877 0.322982848 -0.017179161 0.003500440 0.072868101 -0.055726834 -0.032152314 0.995264292
1341846244.283880 0.317841530 -0.025203237 0.000078747 0.072299257 -0.054916937 -0.031998049 0.995355785
1341846244.316068 0.322712570 -0.015155122 0.000442593 0.074655384 -0.056010861 -0.032058757 0.995118856
1341846244.351999 0.319496006 -0.013938749 0.001802649 0.074759394 -0.055900205 -0.031736027 0.995127678
1341846244.384040 0.319439977 -0.012614164 0.000065846 0.075089507 -0.056503512 -0.030973315 0.995092809
1341846244.419869 0.321296215 -0.014945051 -0.000636383 0.074959330 -0.056807283 -0.030630995 0.995095909
1341846244.451888 0.319844872 -0.015751425 -0.000754398 0.074125051 -0.055747770 -0.031882729 0.995178998
1341846244.483871 0.315855086 -0.015348077 0.001411704 0.073189057 -0.054560602 -0.032184239 0.995304346
1341846244.519923 0.321690053 -0.016725462 0.004755017 0.073170833 -0.054819416 -0.031890102 0.995300949
1341846244.551942 0.322367340 -0.015912587 0.003645090 0.074107759 -0.054210562 -0.031277377 0.995284379
1341846244.583892 0.319881082 -0.015175212 0.001681892 0.074399211 -0.052945901 -0.030437542 0.995356739
1341846244.619870 0.324589074 -0.015082026 -0.000202502 0.074066192 -0.053610533 -0.028746597 0.995396316
1341846244.651850 0.330788910 -0.017318780 -0.001072010 0.074278034 -0.054570474 -0.026994312 0.995377421
1341846244.683815 0.325036764 -0.017630346 0.005214108 0.075266726 -0.053400539 -0.026066793 0.995391369
1341846244.719873 0.330909461 -0.018977955 0.000852875 0.074658833 -0.053738046 -0.026536949 0.995406508
1341846244.751827 0.323121995 -0.019784473 0.006066688 0.074456647 -0.052026249 -0.026189750 0.995521784
1341846244.788300 0.322022319 -0.021099068 0.009738504 0.075236946 -0.051518962 -0.026100095 0.995491922
1341846244.820099 0.321472973 -0.022250533 0.010091237 0.075911321 -0.050595146 -0.026106836 0.995487928
1341846244.851973 0.316617429 -0.023954755 0.014333180 0.077630177 -0.048988264 -0.025412034 0.995453656
1341846244.887873 0.316442072 -0.020678256 0.014722326 0.079796873 -0.047575459 -0.024584629 0.995371640
1341846244.920072 0.316620916 -0.024290456 0.016791435 0.079407141 -0.046379212 -0.025084810 0.995446801
1341846244.952621 0.313761324 -0.026679952 0.022213584 0.079956144 -0.045365475 -0.024256706 0.995470047
1341846244.987985 0.311619192 -0.026743773 0.025118399 0.080724984 -0.044551264 -0.022824222 0.995478690
1341846245.020060 0.319694728 -0.023222245 0.013869452 0.079754204 -0.045111660 -0.022536799 0.995538175
1341846245.051869 0.321848094 -0.024881925 0.014278936 0.078133881 -0.044680800 -0.023819108 0.995656252
1341846245.088236 0.317937344 -0.031163661 0.018467460 0.076046661 -0.043493040 -0.024580145 0.995851934
1341846245.119935 0.319653094 -0.026481530 0.019968202 0.076478906 -0.043332584 -0.024581665 0.995825827
1341846245.151835 0.331327885 -0.032936770 0.023837632 0.075958833 -0.045327157 -0.024977753 0.995766938
1341846245.187889 0.336162865 -0.037195336 0.018588096 0.076075166 -0.045611937 -0.024739051 0.995751083
1341846245.219842 0.343882322 -0.019959142 0.026792031 0.078944243 -0.046938702 -0.023214754 0.995502710
1341846245.256030 0.344313473 -0.029019309 0.023773488 0.076681733 -0.046694860 -0.023834705 0.995676398
1341846245.287962 0.346205622 -0.027836097 0.022181848 0.076654963 -0.046677329 -0.024880344 0.995653689
1341846245.319885 0.341743588 -0.031564623 0.022246225 0.076136015 -0.046036758 -0.026591999 0.995679080
1341846245.355859 0.340963989 -0.029468440 0.023531912 0.076339588 -0.046467084 -0.026580837 0.995643795
1341846245.387919 0.340101063 -0.032796398 0.025565658 0.075725392 -0.046750203 -0.026872668 0.995669603
1341846245.423977 0.341752440 -0.032862280 0.023150858 0.076018624 -0.046777260 -0.027619738 0.995625556
1341846245.455822 0.339896262 -0.031527195 0.021510942 0.076856002 -0.046268653 -0.028155351 0.995570064
1341846245.487804 0.340776205 -0.030795345 0.021381820 0.077238590 -0.046397399 -0.027239714 0.995559931
1341846245.523916 0.341728747 -0.030689402 0.021903936 0.077282637 -0.046830539 -0.027629238 0.995525479
1341846245.555797 0.338524580 -0.030238673 0.020367414 0.077218480 -0.045983631 -0.027664535 0.995568991
1341846245.591988 0.336335421 -0.037776321 0.018977361 0.076731838 -0.045599647 -0.027644705 0.995624781
1341846245.623837 0.342759907 -0.031734467 0.024176169 0.079040207 -0.047165379 -0.025819236 0.995420277
1341846245.655890 0.347376406 -0.031518724 0.023802504 0.079290949 -0.047541846 -0.026354060 0.995368361
1341846245.692060 0.350425154 -0.031238174 0.026284397 0.078551777 -0.047581911 -0.027263789 0.995400548
1341846245.724517 0.342319429 -0.035177790 0.027205300 0.078286253 -0.046007652 -0.026774690 0.995508790
1341846245.760068 0.341871023 -0.034648973 0.030703159 0.079572923 -0.045935731 -0.025597576 0.995441020
1341846245.791914 0.357403487 -0.037629880 0.023960711 0.079267688 -0.048057139 -0.026013941 0.995354414
1341846245.824142 0.360400349 -0.038984131 0.029256528 0.078769647 -0.047918316 -0.025333311 0.995418251
1341846245.860005 0.359710366 -0.039637383 0.027478771 0.078123756 -0.047493432 -0.025581932 0.995483160
1341846245.891878 0.356786698 -0.038795363 0.026841920 0.077278845 -0.046759371 -0.026092768 0.995570600
1341846245.927903 0.349219531 -0.037781287 0.032572757 0.078096159 -0.044894900 -0.026323859 0.995586574
1341846245.986182 0.350895435 -0.031862590 0.026951054 0.079839908 -0.045336135 -0.025810957 0.995441616
1341846246.022057 0.353753328 -0.033628944 0.023249373 0.080080204 -0.045879047 -0.025497423 0.995405555
1341846246.053871 0.347518533 -0.035794318 0.024114134 0.081159279 -0.045114022 -0.025696350 0.995348036
1341846246.085916 0.342400849 -0.039794214 0.021939885 0.081724130 -0.045356408 -0.025526011 0.995295167
1341846246.121806 0.347510308 -0.033749651 0.020330869 0.083096012 -0.047421232 -0.025224989 0.995092988
1341846246.153949 0.349844307 -0.030558372 0.019543562 0.084744915 -0.047915787 -0.026724102 0.994891047
1341846246.222002 0.351443976 -0.029083820 0.016965386 0.085168153 -0.047994003 -0.029548705 0.994771242
1341846246.253984 0.348071039 -0.033427920 0.017897446 0.084555872 -0.047637369 -0.031188924 0.994790554
1341846246.289808 0.346432477 -0.031155344 0.017553752 0.086237170 -0.046654548 -0.031271201 0.994690239
1341846246.322001 0.346297771 -0.032929707 0.015015117 0.085088693 -0.045666642 -0.033858128 0.994750321
1341846246.353946 0.331674993 -0.026052862 0.016975166 0.084598750 -0.042326443 -0.035453755 0.994884193
1341846246.389885 0.323016733 -0.030478382 0.017248435 0.082942091 -0.040393412 -0.035411123 0.995105565
1341846246.421855 0.322689205 -0.027897047 0.016196713 0.083630674 -0.039897792 -0.033357095 0.995138884
1341846246.457915 0.323543549 -0.025695156 0.014032187 0.083140150 -0.039645776 -0.031291913 0.995257139
1341846246.489829 0.337030500 -0.030304076 0.011952677 0.081072830 -0.041067455 -0.029642476 0.995420575
1341846246.521912 0.338776857 -0.034260634 0.010870561 0.079210185 -0.039430492 -0.029635798 0.995636880
1341846246.558038 0.330310613 -0.028983362 0.015833167 0.079702720 -0.036649853 -0.030351218 0.995682299
1341846246.589826 0.320028454 -0.034890790 0.016041661 0.079329014 -0.034575734 -0.029658068 0.995807111
1341846246.622033 0.335978866 -0.034974948 0.011952439 0.079381444 -0.037207734 -0.026980970 0.995784283
1341846246.658046 0.325534672 -0.028008517 0.014302882 0.079800606 -0.036071271 -0.025902802 0.995821238
1341846246.689939 0.327053398 -0.029953973 0.014226740 0.079245307 -0.036888748 -0.027367396 0.995796382
1341846246.725903 0.318832427 -0.021617251 0.019514214 0.080564208 -0.036011785 -0.027386263 0.995722115
1341846246.757894 0.320544988 -0.022215709 0.019447517 0.079578884 -0.036268376 -0.028183218 0.995769799
1341846246.789989 0.322728425 -0.023833549 0.020149490 0.078826010 -0.036517382 -0.029262118 0.995789468
1341846246.826059 0.334135979 -0.035659559 0.018133668 0.076876670 -0.038859151 -0.029327629 0.995851398
1341846246.857869 0.322975367 -0.028130570 0.020876545 0.079101704 -0.037431940 -0.028509455 0.995755553
1341846246.893944 0.322288185 -0.023588175 0.020926770 0.079896189 -0.037839338 -0.028528871 0.995676100
1341846246.925896 0.345150352 -0.031448629 0.016895661 0.077973008 -0.042124614 -0.028333049 0.995662093
1341846246.958090 0.342377841 -0.029954195 0.019872090 0.078199610 -0.041746888 -0.027641812 0.995679677
1341846246.993936 0.335263729 -0.027375156 0.022673592 0.078412764 -0.041075293 -0.028181730 0.995675743
1341846247.026204 0.321692020 -0.027396323 0.023317322 0.078707561 -0.038871385 -0.030193700 0.995681942
1341846247.057936 0.317602038 -0.023887845 0.024599211 0.080350213 -0.038370546 -0.030822977 0.995550871
1341846247.093899 0.319122255 -0.025325401 0.021598568 0.080725931 -0.038996797 -0.030221118 0.995514572
1341846247.126028 0.323703825 -0.028236598 0.019677222 0.080040060 -0.040223848 -0.030285688 0.995519161
1341846247.162093 0.326875508 -0.024935711 0.024009505 0.081723191 -0.041241944 -0.028469265 0.995394349
1341846247.194072 0.331768632 -0.030320773 0.022600938 0.083713658 -0.040731180 -0.026157532 0.995313406
1341846247.225977 0.322364956 -0.023126820 0.023549922 0.085899688 -0.039027758 -0.024496425 0.995237648
1341846247.261953 0.332796901 -0.033916701 0.022654241 0.087101355 -0.040256642 -0.024737587 0.995078325
1341846247.293957 0.330772728 -0.030188410 0.024770297 0.092356272 -0.038813118 -0.024477154 0.994668186
1341846247.325987 0.322916895 -0.021544900 0.021258751 0.094335645 -0.038154151 -0.024358621 0.994510770
1341846247.361940 0.323051214 -0.025780464 0.019487169 0.091406345 -0.039356593 -0.024410339 0.994736195
1341846247.430187 0.323197603 -0.016536990 0.023155058 0.088740341 -0.040118039 -0.025246844 0.994926274
1341846247.462223 0.322280198 -0.025446739 0.026622996 0.086742811 -0.040862676 -0.025733065 0.995059669
1341846247.493952 0.322673351 -0.030105742 0.025788503 0.086250193 -0.041097071 -0.026975911 0.995059967
1341846247.530027 0.322046578 -0.031572428 0.030310614 0.086914405 -0.040856816 -0.026522290 0.995024204
1341846247.562209 0.319032192 -0.026997956 0.035118412 0.090348475 -0.040194526 -0.024330834 0.994801283
1341846247.594166 0.314025223 -0.023968507 0.031511568 0.092034504 -0.039484702 -0.024042081 0.994682193
1341846247.630035 0.324029028 -0.027306003 0.029597819 0.089894176 -0.042141981 -0.024570782 0.994755983
1341846247.662701 0.336421907 -0.035933677 0.033693962 0.087816566 -0.044361748 -0.023413552 0.994872928
1341846247.697913 0.327326328 -0.031226959 0.032038428 0.089167409 -0.042154755 -0.022320570 0.994873881
1341846247.730051 0.323379695 -0.023930997 0.034972750 0.088756338 -0.042537648 -0.020685935 0.994929612
1341846247.762180 0.334802389 -0.035707746 0.035802875 0.087897353 -0.044738621 -0.019236960 0.994938433
1341846247.798768 0.337613344 -0.035629161 0.032496545 0.089483738 -0.044744987 -0.017253151 0.994833112
1341846247.830259 0.338377565 -0.025240121 0.031104350 0.089800633 -0.044910870 -0.017776648 0.994787872
1341846247.865875 0.346657485 -0.032615270 0.036475159 0.087299593 -0.046294183 -0.017475246 0.994952440
1341846247.898157 0.337895542 -0.035995994 0.036995988 0.089276992 -0.043596391 -0.016586615 0.994913995
1341846247.930002 0.318527997 -0.028978836 0.028180797 0.090876557 -0.042064752 -0.016258996 0.994840503
1341846247.966006 0.340335429 -0.038623992 0.036369909 0.088546410 -0.047885433 -0.015131664 0.994805276
1341846247.998062 0.341779292 -0.037739199 0.041351911 0.091168702 -0.047763668 -0.014236099 0.994587481
1341846248.030615 0.336276501 -0.033326566 0.037613235 0.092922732 -0.046173312 -0.015593104 0.994479954
1341846248.065891 0.335340887 -0.034820437 0.035612155 0.091073282 -0.045969684 -0.016069537 0.994652867
1341846248.098211 0.345073253 -0.038001433 0.044678356 0.090485506 -0.046529472 -0.016689537 0.994670212
1341846248.133929 0.342240870 -0.037002947 0.045267101 0.092342325 -0.042113550 -0.019336566 0.994648457
1341846248.166050 0.335333228 -0.026084509 0.042304624 0.093227416 -0.038916145 -0.021414151 0.994653523
1341846248.198024 0.333877027 -0.037309293 0.042192027 0.090506375 -0.039047778 -0.022075716 0.994885206
1341846248.233930 0.333877385 -0.038939979 0.045247216 0.092503071 -0.038772509 -0.021823173 0.994717956
1341846248.265968 0.335850716 -0.017055552 0.049021833 0.096351959 -0.038459335 -0.023694010 0.994321764
1341846248.297927 0.334518403 -0.029036280 0.040493473 0.091937102 -0.038209856 -0.026283670 0.994684279
1341846248.333956 0.339452565 -0.030823044 0.045188311 0.092568092 -0.039545875 -0.027412239 0.994543076
1341846248.366013 0.330886930 -0.036987595 0.042648740 0.093130931 -0.038194500 -0.028256046 0.994519711
1341846248.402093 0.329349488 -0.022994088 0.044833772 0.094712563 -0.038910277 -0.026951121 0.994378805
1341846248.433862 0.345208973 -0.034592848 0.044135962 0.093119055 -0.041366193 -0.027064072 0.994427145
1341846248.466804 0.345251262 -0.028253010 0.045355372 0.095210396 -0.040138725 -0.029039847 0.994223595
1341846248.502139 0.322179943 -0.008333418 0.049815644 0.096201688 -0.037038777 -0.029509274 0.994234681
1341846248.534215 0.325335562 -0.025890606 0.044047095 0.091223761 -0.039437417 -0.028233577 0.994648635
1341846248.565971 0.339822471 -0.036856078 0.045757022 0.091589853 -0.041860979 -0.028466417 0.994509280
1341846248.602003 0.337810040 -0.022707364 0.044457301 0.092265971 -0.040275380 -0.029817652 0.994472682
1341846248.640295 0.337834984 -0.034612082 0.046559941 0.089576721 -0.040469859 -0.028879905 0.994738281
1341846248.675831 0.338323325 -0.037674215 0.049128123 0.092058718 -0.039847884 -0.027636660 0.994572043
1341846248.708095 0.337807626 -0.030722804 0.047975607 0.094437696 -0.038909283 -0.027956851 0.994377196
1341846248.740085 0.336597264 -0.039700489 0.047616169 0.092491396 -0.039087296 -0.029015867 0.994522810
1341846248.802167 0.338993222 -0.030259999 0.050884653 0.096718267 -0.039882593 -0.027836423 0.994122803
1341846248.833950 0.336597383 -0.029241228 0.051887792 0.096744843 -0.039740816 -0.028191097 0.994115889
1341846248.869901 0.330740988 -0.037218925 0.047339540 0.096664712 -0.039110754 -0.027717458 0.994162023
1341846248.901932 0.337406516 -0.037323907 0.049800772 0.098342150 -0.039838661 -0.027252050 0.993981481
1341846248.938035 0.337823838 -0.035710856 0.045192454 0.097751945 -0.039872982 -0.027510047 0.994031131
1341846248.969908 0.337215781 -0.036145035 0.047656909 0.097082883 -0.040520519 -0.028336931 0.994047344
1341846249.001964 0.341160536 -0.037482418 0.047554869 0.096601836 -0.040959332 -0.028543593 0.994070232
1341846249.037998 0.336439252 -0.036600515 0.045130275 0.096647270 -0.040196598 -0.027695481 0.994120955
1341846249.069961 0.336410165 -0.033144016 0.044830937 0.095711827 -0.041222256 -0.026938334 0.994190276
1341846249.105888 0.345409930 -0.040301964 0.047250707 0.094545446 -0.041917861 -0.026763402 0.994277537
1341846249.138041 0.335827261 -0.031035278 0.051333040 0.096246839 -0.039450932 -0.026598819 0.994219601
1341846249.169904 0.334280878 -0.026475560 0.053260114 0.097037084 -0.039310168 -0.024740109 0.994196415
1341846249.206013 0.344708860 -0.037554514 0.049802996 0.096756473 -0.040378556 -0.024306700 0.994191647
1341846249.237872 0.344806373 -0.029424639 0.047986634 0.097755618 -0.038905855 -0.025276193 0.994128466
1341846249.306095 0.344874203 -0.036138721 0.053694047 0.096486062 -0.038419712 -0.024707103 0.994285703
1341846249.337853 0.345240355 -0.032890044 0.049550820 0.097574659 -0.036976986 -0.024842218 0.994230747
1341846249.373854 0.343125671 -0.026944410 0.050210282 0.097077109 -0.036490314 -0.026332844 0.994259059
1341846249.405928 0.350493491 -0.040431898 0.051952362 0.094295286 -0.036527105 -0.026981393 0.994508028
1341846249.437945 0.346092612 -0.035178866 0.050580710 0.096051171 -0.034045938 -0.027287979 0.994419694
1341846249.474182 0.337078691 -0.037515990 0.048980892 0.094951302 -0.032637335 -0.028257694 0.994545400
1341846249.505956 0.339636415 -0.041274454 0.048910398 0.093022496 -0.032996725 -0.027851470 0.994727314
1341846249.538288 0.352055430 -0.047425207 0.048246954 0.091983959 -0.034629587 -0.027528113 0.994777322
1341846249.574263 0.353926957 -0.048610240 0.045351110 0.091019250 -0.034856308 -0.027399082 0.994861782
1341846249.606015 0.343219995 -0.040391665 0.051575068 0.091091007 -0.034307923 -0.025472710 0.994925439
1341846249.641995 0.349040449 -0.043009724 0.052510016 0.090998150 -0.036679063 -0.023216311 0.994904518
1341846249.674108 0.345353991 -0.025546668 0.053296618 0.092280567 -0.037033364 -0.022279819 0.994794667
1341846249.706034 0.341705322 -0.032552037 0.051146261 0.088378064 -0.037253134 -0.022283459 0.995140731
1341846249.742012 0.340574622 -0.042612284 0.054292507 0.086768910 -0.038736582 -0.020537725 0.995263219
1341846249.773906 0.341116399 -0.038564827 0.049756408 0.087679498 -0.041051086 -0.017443627 0.995149672
1341846249.806093 0.343866706 -0.035620127 0.050316259 0.086886823 -0.044413753 -0.015255065 0.995110810
1341846249.842148 0.349500775 -0.033670131 0.054014478 0.086565971 -0.047080819 -0.013515920 0.995041251
1341846249.873923 0.346157283 -0.036153417 0.052067779 0.086015321 -0.048600849 -0.012129679 0.995033801
1341846249.909991 0.342193097 -0.034649450 0.050057981 0.085790470 -0.051373467 -0.010237070 0.994935155
1341846249.942024 0.347368330 -0.033298783 0.053327195 0.085673496 -0.055047709 -0.007939549 0.994769752
1341846249.974199 0.354782850 -0.024012133 0.054803386 0.087436579 -0.057291780 -0.008652435 0.994483590
1341846250.010384 0.341535032 -0.030245673 0.051723555 0.086074769 -0.056762021 -0.009267742 0.994627237
1341846250.042022 0.346457154 -0.028044142 0.055301651 0.086656772 -0.059771296 -0.007554124 0.994414926
1341846250.078047 0.362708867 -0.034304827 0.058916401 0.087299846 -0.062016308 -0.007144947 0.994224191
1341846250.109945 0.354231983 -0.016962785 0.056895528 0.089487538 -0.058708873 -0.009120405 0.994214296
1341846250.141849 0.358636379 -0.022450138 0.056374095 0.086371414 -0.057871252 -0.008081646 0.994547963
1341846250.177803 0.376763761 -0.030951995 0.055367053 0.085630015 -0.058161043 -0.008012122 0.994595706
1341846250.210137 0.367715240 -0.022036279 0.051039916 0.086943105 -0.052359268 -0.009254472 0.994793355
1341846250.241903 0.370475441 -0.020132607 0.050499473 0.086341061 -0.050487861 -0.012032643 0.994912803
1341846250.277878 0.361075759 -0.024285516 0.050088063 0.085104756 -0.047714442 -0.013852248 0.995132565
1341846250.309873 0.358700097 -0.030173505 0.047769260 0.083404832 -0.047077380 -0.014532821 0.995297015
1341846250.346142 0.361178726 -0.029933399 0.050182309 0.083912455 -0.047933757 -0.014966361 0.995207131
1341846250.377944 0.357956529 -0.024027405 0.051348709 0.085587822 -0.047381710 -0.014318059 0.995100379
1341846250.410038 0.356996894 -0.028248854 0.054828804 0.086040504 -0.047863476 -0.016127426 0.995010614
1341846250.445984 0.354852796 -0.021457613 0.055168401 0.087999970 -0.047284387 -0.016061656 0.994867980
1341846250.477872 0.349277198 -0.025832491 0.051201422 0.085857138 -0.046271972 -0.015384446 0.995113432
1341846250.509930 0.353117853 -0.030623442 0.053024899 0.085417323 -0.049435694 -0.013799585 0.995022416
1341846250.546119 0.354875147 -0.024053762 0.055716265 0.086963005 -0.050448872 -0.013600797 0.994840384
1341846250.577998 0.352093905 -0.017066050 0.058997709 0.087052785 -0.049353208 -0.016149849 0.994849384
1341846250.613828 0.348882049 -0.023581576 0.059548751 0.084814072 -0.048936341 -0.015116241 0.995079577
1341846250.646114 0.352764159 -0.026268903 0.056274209 0.084592760 -0.049569473 -0.011896117 0.995110810
1341846250.677812 0.355273664 -0.020393092 0.056304067 0.084625825 -0.049484771 -0.009698312 0.995136023
1341846250.713958 0.355535567 -0.020656332 0.058902834 0.083342969 -0.048668370 -0.009932322 0.995282233
1341846250.745904 0.345922381 -0.021372262 0.057061423 0.082571357 -0.046903297 -0.008412058 0.995445311
1341846250.777886 0.345153302 -0.019133054 0.058549706 0.082112342 -0.048781835 -0.005919608 0.995410979
1341846250.814024 0.354017138 -0.016100643 0.061215866 0.081763558 -0.050853342 -0.005602271 0.995337784
1341846250.846025 0.347149521 -0.019564327 0.056044862 0.079664648 -0.049164683 -0.008099896 0.995575607
1341846250.881824 0.352824599 -0.025713794 0.059552137 0.079753257 -0.050790209 -0.007065345 0.995494783
1341846250.913808 0.347936183 -0.029000321 0.059753235 0.081200182 -0.049732152 -0.007270512 0.995429754
1341846250.946118 0.352882266 -0.026733955 0.057236947 0.082029536 -0.049846325 -0.007581125 0.995353699
1341846250.981803 0.348494411 -0.021169929 0.055629063 0.083786525 -0.049058359 -0.007932618 0.995243788
1341846251.014047 0.332093447 -0.024249829 0.054124732 0.083376624 -0.047928773 -0.010248653 0.995312095
1341846251.046033 0.343098342 -0.030221382 0.059669945 0.083280951 -0.050394587 -0.010242177 0.995198429
1341846251.081959 0.346429467 -0.032263268 0.058283146 0.084676594 -0.050525431 -0.010227129 0.995074093
1341846251.114058 0.346523106 -0.028653013 0.060100324 0.087247893 -0.049937546 -0.010378929 0.994880080
1341846251.149920 0.348254681 -0.033286847 0.057750057 0.087463312 -0.049709294 -0.011185835 0.994863868
1341846251.181983 0.352342665 -0.036451966 0.056928530 0.087684751 -0.049228381 -0.012130603 0.994857252
1341846251.214205 0.341940492 -0.033451118 0.053391196 0.089401163 -0.048146442 -0.013163069 0.994744241
1341846251.249978 0.344413251 -0.030808082 0.053462986 0.089882672 -0.050674442 -0.012054740 0.994589329
1341846251.281923 0.344851822 -0.035180934 0.055035133 0.090032391 -0.052114312 -0.011682063 0.994505882
1341846251.318026 0.334316730 -0.021117492 0.051813126 0.091424301 -0.051558971 -0.012861547 0.994393229
1341846251.350003 0.332456321 -0.024003930 0.054743391 0.089057647 -0.054085184 -0.013035615 0.994471550
1341846251.382003 0.336035013 -0.024279816 0.058242731 0.089693591 -0.056723509 -0.012672761 0.994272053
1341846251.417971 0.334339619 -0.011851202 0.056899086 0.091197163 -0.056938391 -0.014564719 0.994097054
1341846251.449878 0.329526067 -0.011331010 0.055962849 0.088216133 -0.056825746 -0.015444347 0.994359195
1341846251.481872 0.330965966 -0.018117832 0.057481181 0.084957920 -0.059046481 -0.015230508 0.994516850
1341846251.517870 0.328057766 -0.014424548 0.058168121 0.084112629 -0.060130253 -0.014763732 0.994530797
1341846251.549884 0.325421900 -0.002852738 0.065224916 0.084654383 -0.060083989 -0.014916413 0.994485319
1341846251.586071 0.322767794 -0.019120814 0.061368678 0.080947429 -0.059234601 -0.014081732 0.994857073
1341846251.618241 0.320922315 -0.015595987 0.060756832 0.082503155 -0.059798907 -0.012637475 0.994714856
1341846251.649917 0.323211640 -0.019345101 0.064388253 0.082642555 -0.059444994 -0.013210150 0.994717062
1341846251.686034 0.324072987 -0.014723524 0.066065341 0.083933078 -0.057225905 -0.014415462 0.994722426
1341846251.718103 0.325913668 -0.016576340 0.061382245 0.083574228 -0.056341417 -0.014808299 0.994797349
1341846251.749907 0.321460754 -0.013683383 0.065748647 0.084829330 -0.056540109 -0.014568332 0.994683385
