1341846313.592026 0.000000000 0.000000000 0.000000000 -0.000000000 -0.000000000 -0.000000000 1.000000000
1341846313.654184 0.007158169 0.002998442 0.002578853 -0.000166423 -0.003103984 0.004931098 0.999983013
1341846313.686156 0.006976642 0.003061401 0.010576180 0.000731690 -0.004474255 0.004189014 0.999980986
1341846313.721918 0.012236967 0.007391354 0.002303632 0.001238907 -0.004968502 0.004496837 0.999976814
1341846313.753994 0.031407271 0.000470249 -0.000144791 -0.000309906 -0.007452439 0.006443525 0.999951422
1341846313.789969 0.039364912 -0.003145298 -0.002707210 0.000262256 -0.008539928 0.004168137 0.999954820
1341846313.822075 0.043894734 0.003892716 -0.007650925 0.000993562 -0.007146252 0.001732872 0.999972463
1341846313.853928 0.051003754 -0.003210186 -0.011016814 -0.000568687 -0.005269589 0.001312696 0.999985099
1341846313.890011 0.057558246 0.003974007 -0.010332648 0.000320713 -0.003396088 0.002887839 0.999990046
1341846313.922055 0.069275469 0.009522472 -0.002855119 -0.001114219 -0.004701518 0.004158405 0.999979675
1341846313.957927 0.092209399 0.012612893 0.016409812 -0.002806744 -0.002083526 0.003655935 0.999987245
1341846313.990058 0.063714281 0.006927493 0.016756929 -0.005159825 0.008849123 0.003416470 0.999941707
1341846314.022042 0.096435733 0.016374951 -0.010027191 -0.005999542 0.005644499 0.008619696 0.999928951
1341846314.057816 0.083307795 0.004628361 -0.001929341 -0.011429345 0.010820824 0.005037297 0.999863505
1341846314.089801 0.119970851 0.008625713 0.017543279 -0.009669376 0.012371637 0.007430247 0.999849141
1341846314.122037 0.112998284 0.021437962 0.001095284 -0.009152537 0.017801950 0.009576467 0.999753833
1341846314.157989 0.118587375 0.015752247 0.003748741 -0.011896227 0.021347944 0.009273321 0.999658346
1341846314.190094 0.140720248 0.013738352 0.006997034 -0.012107151 0.022137677 0.014855700 0.999571323
1341846314.225969 0.129956752 0.022405190 0.005301446 -0.013448143 0.026630633 0.015633082 0.999432683
1341846314.257923 0.132935151 0.013850432 0.018367866 -0.016278630 0.029095313 0.015652098 0.999321520
1341846314.290052 0.136958346 0.015384548 0.017705236 -0.014767746 0.030372065 0.013648656 0.999336421
1341846314.325981 0.146632358 0.017982904 0.009379791 -0.015602528 0.030955140 0.013087075 0.999313295
1341846314.357905 0.158063397 0.018834213 0.023503235 -0.016117703 0.033365075 0.011470493 0.999247432
1341846314.389899 0.158992544 0.013227499 0.018074250 -0.015172754 0.036504280 0.010468330 0.999163508
1341846314.427905 0.167327955 0.023883155 0.010080777 -0.014063671 0.037636135 0.009189010 0.999150276
1341846314.493987 0.180671915 0.013125772 0.016612675 -0.013871835 0.046954200 0.001677822 0.998799324
1341846314.526085 0.188663304 0.024176523 0.020314753 -0.012529413 0.048168652 0.000282731 0.998760581
1341846314.558292 0.189659804 0.022897370 0.020636179 -0.013750994 0.052013300 -0.000133062 0.998551726
1341846314.594085 0.199137270 0.012723701 0.022332212 -0.013508434 0.055929877 -0.000461351 0.998343229
1341846314.626096 0.199786246 0.019144084 0.005796610 -0.012576110 0.060589813 0.000330185 0.998083472
1341846314.658455 0.201423734 0.022788648 0.010162579 -0.014012707 0.063234024 -0.000682096 0.997900188
1341846314.694004 0.225616336 0.007715764 0.005432744 -0.015640721 0.063938141 -0.001192931 0.997830570
1341846314.725910 0.225144386 -0.002451105 -0.003061728 -0.012653805 0.067797899 0.002039178 0.997616768
1341846314.761942 0.223229319 0.004199080 0.000003014 -0.008264071 0.068723097 0.006205412 0.997582316
1341846314.794030 0.245138332 0.008296866 0.016178830 -0.005140656 0.068311475 0.010922803 0.997591019
1341846314.826092 0.252390623 0.015812483 0.011511062 -0.002113868 0.072068028 0.011576178 0.997330308
1341846314.862145 0.263404310 0.015415673 0.000214235 -0.002345761 0.075116798 0.012798923 0.997089863
1341846314.894072 0.274143070 0.012832328 -0.003972988 -0.003004396 0.078488305 0.014856096 0.996799827
1341846314.925969 0.267743945 0.017182952 -0.002330012 -0.002261387 0.082621604 0.016776111 0.996437192
1341846314.961937 0.278876424 0.029290864 0.010441341 -0.004051300 0.081852466 0.024588263 0.996332884
1341846314.994564 0.287822634 0.022724578 0.018003918 -0.008425077 0.081860654 0.024992371 0.996294796
1341846315.029900 0.296695054 0.019904077 0.002033088 -0.008651732 0.085161522 0.018504940 0.996157706
1341846315.061965 0.298258007 0.024390412 0.015609821 -0.008594275 0.087950774 0.021221405 0.995861769
1341846315.094388 0.297887623 0.019141626 0.007106493 -0.009000327 0.087342218 0.021537503 0.995904922
1341846315.129851 0.313200623 0.027230985 0.009266712 -0.005618026 0.086705931 0.022786137 0.995957494
1341846315.161941 0.315960377 0.051268172 0.008125400 -0.005661357 0.086660266 0.026080383 0.995880425
1341846315.197984 0.308453292 0.044620231 0.007832712 -0.012848723 0.086211547 0.021291578 0.995966494
1341846315.230076 0.319800407 0.038782895 0.001420384 -0.016916038 0.084258601 0.017861925 0.996140242
1341846315.262069 0.319904149 0.039549340 0.005461282 -0.019872850 0.082138680 0.020042304 0.996221185
1341846315.298000 0.330390692 0.034398146 0.028209498 -0.022263076 0.077380113 0.023111926 0.996485114
1341846315.329931 0.350558043 0.011968929 0.021022560 -0.022784118 0.073338144 0.027803136 0.996659160
1341846315.361981 0.362450451 0.019167431 0.018241705 -0.016746946 0.071480766 0.031690374 0.996797800
1341846315.397962 0.363645107 0.016597766 0.008723825 -0.014296622 0.072250649 0.033856027 0.996709168
1341846315.429923 0.367882073 0.012969159 -0.011919724 -0.011779621 0.074228868 0.034433108 0.996576965
1341846315.466047 0.379471332 0.017030075 -0.021828422 -0.010507084 0.076810218 0.036439344 0.996324301
1341846315.497883 0.376522690 0.030270651 0.016965544 -0.009520769 0.080365613 0.040959850 0.995878041
1341846315.530008 0.376533985 0.030774834 0.019477248 -0.009457226 0.082159750 0.041211437 0.995721817
1341846315.566108 0.373177916 0.031888727 0.020382397 -0.010013987 0.084335536 0.042318240 0.995487988
1341846315.597986 0.379030794 0.026733490 0.014583689 -0.010790078 0.085040018 0.041879851 0.995438516
1341846315.630109 0.382368326 0.025955049 0.018322717 -0.011292676 0.085808434 0.041582450 0.995379508
1341846315.666042 0.382672161 0.030673772 0.012026906 -0.011546586 0.087547205 0.040772874 0.995258629
1341846315.698114 0.391071886 0.047977924 0.002128432 -0.014003549 0.089631386 0.039584253 0.995089531
1341846315.733985 0.380339682 0.030072052 0.019638542 -0.019145774 0.093627341 0.041340519 0.994564414
1341846315.766041 0.353610039 0.029199105 0.011238969 -0.018675826 0.095263600 0.039288122 0.994501173
1341846315.798188 0.359023780 0.026319755 0.008405107 -0.020000376 0.093899578 0.038632464 0.994630814
1341846315.834140 0.354559869 0.020152701 0.015854217 -0.019706352 0.096585624 0.037150089 0.994435906
1341846315.866751 0.373469055 0.018790619 0.013227331 -0.017667212 0.095304087 0.036969494 0.994604588
1341846315.898492 0.369231373 0.018587686 0.018459639 -0.016510956 0.096106291 0.036490679 0.994564950
1341846315.936901 0.365224689 0.010869177 0.011724049 -0.014418921 0.098180816 0.035132274 0.994443774
1341846315.966572 0.377106398 0.001931732 -0.003603040 -0.011974855 0.096188925 0.035882480 0.994644046
1341846316.034204 0.365806103 -0.000833195 -0.004780786 -0.008544747 0.096481465 0.034903225 0.994685888
1341846316.066113 0.354910374 -0.001051232 0.000632981 -0.006006719 0.097323291 0.034281049 0.994644165
1341846316.101867 0.347915262 0.004212275 -0.000464275 -0.004174585 0.096286863 0.036090702 0.994690359
1341846316.134066 0.330209732 0.003842199 -0.007460986 -0.004767756 0.094921745 0.031950291 0.994960487
1341846316.202049 0.315883756 -0.003859608 0.001096339 -0.005203086 0.090701744 0.027493021 0.995484948
1341846316.233979 0.310525745 -0.006077217 -0.016745867 -0.005042154 0.089422487 0.025589619 0.995652258
1341846316.270052 0.305441022 -0.002286368 -0.013906477 -0.005681608 0.090460941 0.022654481 0.995626092
1341846316.301915 0.301307112 -0.014597727 -0.012331042 -0.006884828 0.091620661 0.021048890 0.995547712
1341846316.334208 0.293554157 -0.011460993 -0.002423089 -0.004775711 0.091020115 0.023293644 0.995565176
1341846316.370006 0.292424440 -0.014910311 -0.007843427 -0.003011214 0.089014962 0.024896514 0.995714605
1341846316.401994 0.279671848 -0.013062523 -0.009136649 -0.001157086 0.089365706 0.025983309 0.995659232
1341846316.438069 0.276201487 -0.019321777 -0.008471899 0.000509999 0.088584103 0.028558593 0.995659113
1341846316.470076 0.259889513 -0.009607076 0.018149622 0.005997089 0.089689240 0.029617723 0.995511234
1341846316.502034 0.244779304 0.005597693 0.008743048 0.009492553 0.088321514 0.030714577 0.995573103
1341846316.537975 0.239251152 0.006568528 0.010249587 0.007022935 0.085203335 0.028566346 0.995929241
1341846316.570121 0.235484079 -0.005375098 0.015147639 0.005613849 0.084824629 0.026818696 0.996019125
1341846316.601885 0.225323468 -0.011630207 0.009401960 0.006967762 0.084767886 0.024710216 0.996069908
1341846316.638009 0.215241730 -0.012411970 0.013736029 0.009391897 0.083956465 0.025892919 0.996088684
1341846316.669925 0.205603763 -0.017139623 0.009197081 0.011253402 0.083712593 0.025470357 0.996100843
1341846316.705941 0.201450691 -0.020018313 0.014865791 0.015360308 0.083688460 0.026036877 0.996033311
1341846316.738062 0.190212965 -0.009417420 0.007318902 0.018733490 0.083479322 0.029373625 0.995900333
1341846316.770433 0.170434356 0.000950199 0.012195417 0.018812474 0.084766008 0.027921265 0.995831966
1341846316.805932 0.161478490 -0.008140920 0.019010007 0.018607561 0.085301489 0.025979664 0.995842576
1341846316.838029 0.152086914 -0.005243705 0.020100642 0.020129012 0.083862983 0.028298596 0.995872021
1341846316.870034 0.156987518 -0.012038200 -0.016228907 0.019923901 0.078509301 0.030089019 0.996259987
1341846316.906344 0.145096019 -0.009673128 -0.016346723 0.021303389 0.076237477 0.028218422 0.996462643
1341846316.937940 0.141793981 -0.007045548 -0.023518298 0.021475554 0.074530020 0.025891382 0.996651292
1341846316.973994 0.131491274 -0.010269645 -0.015298543 0.020267794 0.073550180 0.025622129 0.996756256
1341846317.005913 0.124659307 -0.014159171 -0.022439152 0.018928878 0.070473313 0.027216548 0.996962607
1341846317.037936 0.116151027 -0.018379532 -0.012583661 0.018979529 0.068428695 0.026092622 0.997134209
1341846317.073972 0.114366554 -0.019544518 -0.010272601 0.019998271 0.066276468 0.027497575 0.997221887
1341846317.106113 0.110442303 -0.026558207 -0.013269895 0.021478036 0.064417988 0.031903096 0.997181714
1341846317.137887 0.085235856 -0.023714896 -0.034993067 0.025159331 0.059989687 0.033889968 0.997306287
1341846317.173970 0.083926335 -0.010723779 -0.003482098 0.027935645 0.052795097 0.038180530 0.997484088
1341846317.205887 0.083894916 -0.008843398 0.009367862 0.028270317 0.049333006 0.039497860 0.997600615
1341846317.248131 0.075998120 -0.011249304 0.011739343 0.029412674 0.046677750 0.042021338 0.997592270
1341846317.306289 0.057805438 -0.012437441 0.002216150 0.030530693 0.041634075 0.044529833 0.997673094
1341846317.348137 0.060695373 -0.016846051 0.005313975 0.031226940 0.041879028 0.046682093 0.997542918
1341846317.410120 0.038915865 -0.012065770 0.018060882 0.033103283 0.042766493 0.051449459 0.997210205
1341846317.442569 0.034944039 -0.022688653 0.008146756 0.035165805 0.042720668 0.054599028 0.996974051
1341846317.474010 0.026496626 -0.023280280 0.014210778 0.040865742 0.043501150 0.057502221 0.996559680
1341846317.509927 0.020935826 -0.009422609 0.010783173 0.045278486 0.040675443 0.062677719 0.996176183
1341846317.542282 0.007999076 -0.007917755 -0.002811092 0.044316001 0.038153540 0.060513720 0.996452987
1341846317.573943 0.003463027 -0.015697334 -0.004371921 0.043235734 0.039256886 0.058236305 0.996593237
1341846317.610159 -0.000990285 -0.027236657 -0.004007979 0.044744343 0.040760010 0.060545377 0.996328712
1341846317.643553 -0.021401176 -0.017282881 -0.005445148 0.048282158 0.041309889 0.062964998 0.995990872
1341846317.677993 -0.024453964 -0.014023332 0.015809799 0.049800988 0.037830338 0.065386720 0.995898306
1341846317.709996 -0.023028277 -0.016648922 0.029597292 0.052473836 0.034377381 0.066581704 0.995806992
1341846317.741834 -0.040404335 -0.004957210 0.025478255 0.053467005 0.034536347 0.065331012 0.995831490
1341846317.777923 -0.049671441 -0.008718573 0.031968329 0.051297691 0.033764940 0.063653991 0.996080697
1341846317.810021 -0.061939791 -0.012539920 0.030878874 0.050786860 0.032597400 0.062234893 0.996235371
1341846317.841886 -0.065568328 -0.004032144 0.035541967 0.050856214 0.031339768 0.059871539 0.996417046
1341846317.878017 -0.070135362 -0.003222540 0.042715497 0.048529454 0.030853473 0.055995084 0.996773601
1341846317.909910 -0.078016505 -0.011613881 0.035516877 0.046819288 0.031805769 0.052679434 0.997006178
1341846317.946031 -0.093455039 -0.013985407 0.042851109 0.047965605 0.033935800 0.053616211 0.996831477
1341846317.978041 -0.099445544 -0.017869577 0.044489224 0.049786400 0.032373469 0.054388303 0.996752381
1341846318.009897 -0.101338416 -0.010136827 0.046942387 0.053017315 0.032485049 0.052097708 0.996704459
1341846318.045949 -0.118956208 -0.010562207 0.039792564 0.052879799 0.034216188 0.050960880 0.996712625
1341846318.078074 -0.127291694 -0.006684690 0.044312645 0.052635513 0.032532372 0.050440006 0.996808410
1341846318.109894 -0.136728615 -0.011094658 0.044255659 0.051843364 0.028880768 0.047027189 0.997129261
1341846318.145957 -0.139553905 -0.010251398 0.027637906 0.051127221 0.025976630 0.044712100 0.997352540
1341846318.178001 -0.148509964 -0.013627732 0.029033903 0.050172526 0.026590841 0.041780740 0.997511923
1341846318.214074 -0.152187005 -0.016746866 0.044858705 0.050911713 0.024405468 0.041321188 0.997549474
1341846318.245970 -0.165735677 -0.037276104 0.036951102 0.051162355 0.019400759 0.043142874 0.997569442
1341846318.278018 -0.180642247 -0.036843773 0.028848115 0.055231366 0.015315398 0.043806147 0.997394621
1341846318.313937 -0.187743992 -0.031577323 0.042201109 0.057463229 0.009455706 0.042790387 0.997385383
1341846318.345989 -0.198882312 -0.034127939 0.025858611 0.059505377 0.000587822 0.042546093 0.997320712
1341846318.382046 -0.212419897 -0.038946614 0.015765399 0.060818084 -0.006506107 0.040629901 0.997300386
1341846318.414072 -0.216403335 -0.036270637 0.027579790 0.062804632 -0.013080511 0.042320997 0.997042298
1341846318.446035 -0.219451010 -0.039110430 0.034546100 0.064766355 -0.019578261 0.042374510 0.996808112
1341846318.482196 -0.229309604 -0.035363331 0.021943847 0.066057548 -0.021377498 0.041001204 0.996743858
1341846318.514144 -0.234249711 -0.028110765 0.043687027 0.067119047 -0.022103047 0.041440822 0.996638954
1341846318.546259 -0.243542165 -0.045646209 0.022783747 0.066969126 -0.023810428 0.041890588 0.996590912
1341846318.582042 -0.252613217 -0.037993070 0.017246798 0.068686202 -0.023552554 0.040253721 0.996547639
1341846318.614115 -0.262046874 -0.037198093 0.026067723 0.068778440 -0.023410687 0.041449718 0.996495605
1341846318.650038 -0.275459558 -0.038695537 0.020557502 0.068208911 -0.023170749 0.037828781 0.996684372
1341846318.682350 -0.286813438 -0.044849947 0.006457253 0.067099459 -0.023849582 0.036666099 0.996787131
1341846318.714063 -0.289567649 -0.029099450 0.039155118 0.067986190 -0.025032487 0.033313137 0.996815681
1341846318.749905 -0.299275815 -0.036138456 0.030085891 0.068218268 -0.025009472 0.034370646 0.996764541
1341846318.782036 -0.305803239 -0.031769253 0.033832550 0.070426211 -0.025849579 0.037061520 0.996493042
1341846318.814121 -0.322516948 -0.032058965 0.038015511 0.070448667 -0.029932251 0.034807611 0.996458530
1341846318.850072 -0.331065953 -0.038274612 0.029530689 0.070418499 -0.036013100 0.032574728 0.996334910
1341846318.883516 -0.350713998 -0.040872417 0.025287144 0.073201649 -0.042420685 0.031052230 0.995930612
1341846318.918047 -0.354765058 -0.035614297 0.015416481 0.076699048 -0.055814732 0.031490557 0.994992614
1341846318.950044 -0.355434895 -0.043989107 0.021783050 0.077790774 -0.065011472 0.030006599 0.994395137
1341846318.982028 -0.371006072 -0.040873930 0.007053342 0.079516426 -0.068218268 0.025818614 0.994161427
1341846319.018123 -0.388826489 -0.043839641 0.020474805 0.079055734 -0.073098250 0.025173860 0.993867755
1341846319.050745 -0.390531451 -0.045589771 0.019322436 0.080258489 -0.079296947 0.023002185 0.993348658
1341846319.081905 -0.376786113 -0.035617307 0.027375959 0.086835146 -0.081448890 0.021600708 0.992652595
1341846319.117976 -0.398493409 -0.038541697 0.016241800 0.088645756 -0.079863243 0.026750613 0.992495954
1341846319.150093 -0.409909457 -0.039925046 0.004226905 0.090185858 -0.083746791 0.034436729 0.991799951
1341846319.186069 -0.406574637 -0.030201413 -0.002749360 0.092391856 -0.085307471 0.034085959 0.991475940
1341846319.218149 -0.403137505 -0.011254845 0.018096948 0.090172939 -0.081212282 0.032821197 0.992066622
1341846319.250034 -0.421377033 -0.010971440 0.018742699 0.084268853 -0.074246712 0.031524528 0.993172884
1341846319.286594 -0.446918815 -0.014433898 0.036090080 0.083259791 -0.069428764 0.033083081 0.993555725
1341846319.318034 -0.430983812 -0.026154744 0.028234877 0.081915684 -0.071439557 0.039998814 0.993270516
1341846319.350268 -0.463162005 -0.023184072 0.032888316 0.084065221 -0.068940163 0.043229964 0.993132234
1341846319.386163 -0.477249146 -0.027761986 0.010997351 0.084587201 -0.072902985 0.053162180 0.992322505
1341846319.418386 -0.468366265 -0.027793270 -0.016399426 0.085280396 -0.078797489 0.054320555 0.991749763
1341846319.453961 -0.461618096 -0.025624167 -0.011121500 0.085366443 -0.081763104 0.051950425 0.991629303
1341846319.486271 -0.479530662 -0.026691440 -0.028283216 0.084817462 -0.080930546 0.049996778 0.991845071
1341846319.554083 -0.493742794 -0.025090266 -0.005762896 0.079983026 -0.087600477 0.049497519 0.991705120
1341846319.586296 -0.508120835 -0.027918516 -0.010731149 0.080119818 -0.086468376 0.045395661 0.991989613
1341846319.622031 -0.526261389 -0.030299433 -0.029594764 0.078160323 -0.089135408 0.042019818 0.992058575
1341846319.653962 -0.528941989 -0.038573619 -0.016986802 0.077000268 -0.094699979 0.041732632 0.991645753
1341846319.686352 -0.535930872 -0.039206538 -0.021967825 0.078919068 -0.098385811 0.042870164 0.991087377
1341846319.721992 -0.543660402 -0.035268024 -0.030609384 0.079717159 -0.102130465 0.043386217 0.990622163
1341846319.754063 -0.551843584 -0.010639822 0.002613918 0.078805581 -0.105063595 0.040984739 0.990490615
1341846319.786397 -0.552191138 -0.015335257 0.014483321 0.074008815 -0.105813541 0.045546807 0.990581572
1341846319.822008 -0.561979771 -0.017621133 0.006890127 0.070400715 -0.105921723 0.049753040 0.990630627
1341846319.853917 -0.565570831 -0.019637834 0.004784605 0.065038428 -0.106818579 0.053683609 0.990695655
1341846319.889942 -0.567753971 -0.030993167 0.016007755 0.061188210 -0.107941002 0.059252914 0.990501821
1341846319.922039 -0.577910244 -0.037231624 0.003391027 0.060545947 -0.111644000 0.060568683 0.990051150
1341846319.953946 -0.569537997 -0.038471613 0.020375714 0.061467491 -0.118478172 0.056406882 0.989445806
1341846319.990054 -0.572070420 -0.037275106 0.010232897 0.064053282 -0.121560745 0.049093969 0.989297748
1341846320.028122 -0.578387976 -0.039072387 0.005803072 0.065945119 -0.124692693 0.048265770 0.988824308
1341846320.090047 -0.561493516 -0.026795238 0.023175912 0.072190970 -0.133327141 0.049119141 0.987218201
1341846320.122011 -0.550884724 -0.023279589 0.038426306 0.073256284 -0.131579444 0.049896955 0.987335205
1341846320.157952 -0.544558108 -0.028053846 0.024205511 0.073118672 -0.128732383 0.050339021 0.987698197
1341846320.190003 -0.533034623 -0.031444978 0.028999064 0.075891040 -0.125486493 0.048974138 0.987975359
1341846320.221941 -0.529141307 -0.032543909 0.032130301 0.079744779 -0.121911205 0.050107557 0.988062620
1341846320.258015 -0.517082095 -0.043035503 -0.001639605 0.082850739 -0.120702140 0.053661354 0.987768829
1341846320.289887 -0.504817069 -0.050615069 0.039878163 0.088030919 -0.123227164 0.054446507 0.986965656
1341846320.321954 -0.490537375 -0.036975238 0.045982555 0.098867558 -0.125148267 0.053087901 0.985771239
1341846320.357890 -0.477945000 -0.032618038 0.036474992 0.103263363 -0.124289915 0.054524098 0.985350668
1341846320.390064 -0.459854543 -0.030443318 0.018436873 0.104700170 -0.120337456 0.055586487 0.985630214
1341846320.426544 -0.425106138 -0.031665247 0.034038905 0.107451640 -0.113956481 0.051379707 0.986320555
1341846320.458122 -0.441560149 -0.037261203 0.053185195 0.108600117 -0.105711669 0.048876375 0.987239659
1341846320.490186 -0.432080865 -0.034237724 0.036225431 0.112334415 -0.098284416 0.048440173 0.987610638
1341846320.525911 -0.400174439 -0.034897979 0.034278680 0.115297131 -0.091919914 0.047458496 0.987929702
1341846320.558091 -0.397270560 -0.038118549 0.030376058 0.116043657 -0.087907314 0.043602284 0.988385081
1341846320.594093 -0.346267015 -0.042530708 0.027976444 0.116634741 -0.085837699 0.041161306 0.988602042
1341846320.631955 -0.377134651 -0.030314613 0.054625303 0.120896854 -0.075277418 0.038365301 0.989062905
1341846320.664916 -0.361755908 -0.028868338 0.064126812 0.120771050 -0.073779784 0.036864400 0.989248216
1341846320.699927 -0.337462127 -0.039442133 0.032612178 0.119860977 -0.070561789 0.035366490 0.989648223
1341846320.731822 -0.331133783 -0.034100108 0.025817610 0.122254446 -0.063361466 0.033747103 0.989899158
1341846320.763877 -0.349995017 -0.010244837 0.015933588 0.121256508 -0.060198080 0.033843432 0.990216017
1341846320.799999 -0.320350915 -0.030309793 0.028343175 0.112795629 -0.063513711 0.029824827 0.991137564
1341846320.831871 -0.253268361 -0.040259566 0.006236438 0.113662414 -0.058439624 0.026658922 0.991440892
1341846320.863887 -0.317265272 -0.020473793 0.021033220 0.113821246 -0.042892255 0.025999684 0.992234349
1341846320.900014 -0.301642507 -0.032795716 0.028708799 0.106275208 -0.048502315 0.031850126 0.992642283
1341846320.931889 -0.263698250 -0.046883505 0.025651352 0.106614888 -0.050057314 0.031176580 0.992550075
1341846320.967866 -0.269597918 -0.016301394 0.030459778 0.107894614 -0.043666612 0.027491800 0.992822409
1341846321.000017 -0.270716697 -0.021666396 0.029130060 0.101546481 -0.042860121 0.025344197 0.993583977
1341846321.031860 -0.243710026 -0.030207107 0.041395783 0.099197865 -0.043148592 0.023364486 0.993857205
1341846321.068047 -0.252810359 -0.030703604 0.006594136 0.098975345 -0.038707379 0.020776607 0.994119704
1341846321.099840 -0.249520853 -0.031323228 0.012260105 0.096651644 -0.037074506 0.021552417 0.994394004
1341846321.131821 -0.212390929 -0.036524143 0.039774943 0.097054482 -0.037451230 0.023008769 0.994308054
1341846321.167887 -0.209245428 -0.039067388 0.023065830 0.099033751 -0.033227686 0.023747535 0.994245589
1341846321.200042 -0.208687440 -0.029823357 0.027861565 0.100274175 -0.030102815 0.023214692 0.994233429
1341846321.231950 -0.196821406 -0.037761237 0.029507268 0.099120595 -0.029494623 0.022273473 0.994388878
1341846321.267939 -0.178121001 -0.032801509 0.027029375 0.099847406 -0.027893577 0.017343096 0.994460523
1341846321.299948 -0.170552537 -0.035902359 0.034174997 0.098352492 -0.023524052 0.011451679 0.994807661
1341846321.331858 -0.170466840 -0.037059300 0.037740305 0.098865628 -0.019954266 0.008345956 0.994865716
1341846321.367913 -0.140150458 -0.045466576 0.027597515 0.099829592 -0.019534480 0.005227947 0.994799078
1341846321.399897 -0.135928497 -0.039911002 0.033134501 0.101993993 -0.014213302 0.003410683 0.994677663
1341846321.435994 -0.131619290 -0.043210365 0.035037067 0.103534728 -0.010755042 0.003435126 0.994561791
1341846321.467946 -0.119233035 -0.041246634 0.037081778 0.105454147 -0.008794407 0.004387746 0.994375587
1341846321.499882 -0.116790548 -0.042452402 0.036674995 0.106404185 -0.004718577 0.002753393 0.994307935
1341846321.536109 -0.096622452 -0.037567869 0.015861295 0.106039584 -0.000620181 -0.000291803 0.994361699
1341846321.568960 -0.100696541 -0.025233814 0.040468961 0.103913121 0.007104130 -0.002633799 0.994557559
1341846321.603938 -0.094806537 -0.029540366 0.039391302 0.100468233 0.009463074 -0.002701730 0.994891644
1341846321.637163 -0.052292991 -0.019675722 0.031681288 0.098574758 0.012026437 -0.002346225 0.995054245
1341846321.668306 -0.067435369 -0.016523348 0.051274650 0.094312079 0.022585886 -0.000349136 0.995286465
1341846321.704411 -0.083594136 -0.020287465 0.054048844 0.091083415 0.025235925 0.007390496 0.995496035
1341846321.736861 -0.075599916 -0.020898331 0.055470292 0.089861989 0.022963475 0.015473950 0.995569289
1341846321.771881 -0.061473422 -0.009089042 0.048036292 0.087357424 0.022308229 0.020700028 0.995712101
1341846321.804114 -0.052291654 -0.014108374 0.051558737 0.082846247 0.024349932 0.023830006 0.995979786
1341846321.836152 -0.047208261 -0.004408714 0.054555554 0.080723323 0.026217228 0.023740828 0.996108830
1341846321.871882 -0.048710741 0.000394786 0.056466389 0.075695030 0.027940623 0.021814540 0.996500790
1341846321.904074 -0.042056311 -0.006356961 0.056795243 0.068859972 0.029200662 0.019640544 0.997005463
1341846321.939847 -0.038262431 -0.010419831 0.070010655 0.064557329 0.032459170 0.015456205 0.997266233
1341846322.004094 -0.044048574 -0.014653827 0.066524394 0.057717234 0.030865205 0.016100917 0.997725904
1341846322.066178 -0.028165072 -0.020484596 0.072879016 0.052706424 0.035003345 0.012665397 0.997916102
1341846322.107979 -0.034690876 -0.038291741 0.078812480 0.049388677 0.037763461 0.011096663 0.998003840
1341846322.166164 -0.032874309 -0.059427463 0.072828539 0.052191284 0.037209898 0.011556506 0.997876704
1341846322.202932 -0.031862412 -0.064632885 0.071388446 0.053523369 0.034839921 0.011540836 0.997891903
1341846322.234093 -0.030250899 -0.065315738 0.072410792 0.052745041 0.033362672 0.009658562 0.998003900
1341846322.265941 -0.029642597 -0.075848088 0.073528081 0.049946375 0.030201541 0.010885520 0.998235881
1341846322.301996 -0.020222241 -0.090319581 0.076442145 0.047874611 0.027830770 0.011861707 0.998395085
1341846322.333949 -0.027375624 -0.105633937 0.068239540 0.046949960 0.026372558 0.010538797 0.998493493
1341846322.369871 -0.018785508 -0.120635346 0.071482204 0.047496248 0.020872997 0.007738996 0.998623312
1341846322.402292 0.001622800 -0.141713828 0.060471855 0.048411448 0.019938936 0.001202199 0.998627782
1341846322.433955 -0.015553239 -0.158250600 0.057580858 0.053857788 0.023341108 -0.001045901 0.998275280
1341846322.470030 -0.015973486 -0.165077373 0.060732629 0.061646085 0.018503685 0.000465992 0.997926474
1341846322.502433 0.001943935 -0.184306860 0.063524202 0.067330226 0.014447412 0.006511705 0.997604907
1341846322.534002 -0.002881307 -0.198536262 0.075006634 0.075671613 0.015316496 0.004649557 0.997004330
1341846322.570196 0.011095628 -0.214483500 0.056629643 0.084156200 0.013248876 0.012050699 0.996291637
1341846322.601920 -0.002806261 -0.214821443 0.049863029 0.091001473 0.011649663 0.013554825 0.995690405
1341846322.638119 0.006151672 -0.223289177 0.081728637 0.097231306 0.008174148 0.010932181 0.995168269
1341846322.669947 0.017607817 -0.229933217 0.070740677 0.102011248 0.010934631 0.009837965 0.994674563
1341846322.702026 0.003904927 -0.241449997 0.078640901 0.104930535 0.013570189 0.011128834 0.994324684
1341846322.738006 0.009531410 -0.237437353 0.077335991 0.106813252 0.010206592 0.013097699 0.994140446
1341846322.770087 0.022309992 -0.263124138 0.074545212 0.105659723 0.010299390 0.013766562 0.994253755
1341846322.806047 0.007806360 -0.271761447 0.071855001 0.109467022 0.011113693 0.014666970 0.993820071
1341846322.838063 0.007551734 -0.277563810 0.070124760 0.111458249 0.006512458 0.016988717 0.993602514
1341846322.870081 0.011993640 -0.293815196 0.077410735 0.112949587 0.001458648 0.018002044 0.993436575
1341846322.906018 0.022589959 -0.296175689 0.086682945 0.118201561 -0.000666054 0.018123906 0.992824018
1341846322.938349 0.022014830 -0.279640645 0.084788837 0.119655095 0.000408270 0.019197214 0.992629826
1341846322.970069 0.020206198 -0.288381696 0.086286150 0.114464052 0.000319844 0.020642815 0.993212819
1341846323.011820 0.026744718 -0.303210229 0.088863581 0.111748211 0.000172496 0.020897100 0.993516803
1341846323.073951 0.023108758 -0.304958165 0.089364856 0.108921513 0.000329879 0.024891682 0.993738592
1341846323.105962 0.029581126 -0.322754025 0.090161763 0.105597049 0.000008233 0.026043700 0.994067967
1341846323.138158 0.028377406 -0.322960347 0.096099794 0.106502503 -0.000018725 0.022002595 0.994069040
1341846323.174092 0.026858250 -0.324136138 0.091464430 0.104499511 -0.000397627 0.021223053 0.994298398
1341846323.206059 0.034783386 -0.331841290 0.095098898 0.101583533 -0.001373530 0.018357160 0.994656742
1341846323.238053 0.039230905 -0.329083711 0.097408935 0.099637665 0.001415544 0.015980924 0.994894445
1341846323.273997 0.020494731 -0.331511706 0.093951806 0.095464349 0.002744739 0.017149640 0.995281339
1341846323.305946 0.027405027 -0.345312774 0.092862137 0.089707665 -0.001471540 0.017981447 0.995804787
1341846323.342027 0.050710648 -0.360232294 0.101993769 0.087360352 -0.001167410 0.016760962 0.996035099
1341846323.374048 0.029744463 -0.368594468 0.105624035 0.087631539 0.003410798 0.017925812 0.995985866
1341846323.405987 0.009375590 -0.382724971 0.098420411 0.087017693 0.000268327 0.023137392 0.995938003
1341846323.441956 0.032314122 -0.391014129 0.102191776 0.088419005 -0.004978111 0.025483431 0.995744944
1341846323.473878 0.027201170 -0.408702224 0.103848211 0.091604091 -0.003051827 0.022932749 0.995526731
1341846323.506129 0.027758405 -0.392420292 0.097337820 0.095540382 -0.003278964 0.020786323 0.995203197
1341846323.541972 0.036693070 -0.392365903 0.098682463 0.094338588 -0.003971030 0.018646158 0.995357633
1341846323.573913 0.057067126 -0.413274914 0.088553414 0.092595518 -0.000817127 0.013592407 0.995610774
1341846323.609927 0.035866324 -0.410914212 0.094945431 0.093539819 0.006958772 0.009483609 0.995546103
1341846323.642014 0.020765720 -0.419414461 0.097004168 0.092484452 0.009470892 0.009652815 0.995622277
1341846323.674081 0.018607302 -0.430344790 0.098353513 0.092354797 0.007862234 0.012486132 0.995616913
1341846323.710069 0.021619670 -0.452447385 0.091383345 0.092879750 0.006400946 0.016338224 0.995522797
1341846323.742111 0.024060512 -0.461055487 0.093046524 0.097688265 0.004129201 0.018094366 0.995043993
1341846323.774928 0.024983101 -0.453050494 0.096960425 0.101953499 0.001668589 0.015288987 0.994670331
1341846323.810012 0.024737863 -0.456731588 0.099764138 0.103401564 0.000659121 0.011193777 0.994576514
1341846323.842207 0.030395547 -0.462468743 0.091776416 0.104576655 0.000398734 0.006382849 0.994496286
1341846323.878019 0.019747108 -0.475452811 0.087833352 0.105046600 0.000347853 0.001593833 0.994466007
1341846323.909826 0.029924816 -0.491915673 0.078781962 0.107307278 -0.002150372 -0.002041467 0.994221509
1341846323.942459 0.023236027 -0.489367723 0.078598209 0.111485764 -0.001440101 -0.002240392 0.993762493
1341846323.978055 0.018998513 -0.502271116 0.075504489 0.113036230 -0.004523775 -0.000385583 0.993580580
1341846324.015934 0.032449797 -0.503745615 0.072971866 0.117022641 -0.007504385 -0.000669397 0.993100643
1341846324.047722 0.033775423 -0.495891124 0.067913517 0.120474122 -0.005949476 -0.002322366 0.992695928
1341846324.083904 0.031076742 -0.476158857 0.068623506 0.121896923 -0.004175142 -0.002682033 0.992530406
1341846324.115968 0.036044810 -0.477405518 0.065933593 0.119123176 -0.003075219 -0.003809949 0.992867410
1341846324.151967 0.043729670 -0.474458784 0.062945686 0.118428975 -0.000574917 -0.008305684 0.992927670
1341846324.183941 0.030105198 -0.455325305 0.073962599 0.116647609 0.004674002 -0.012821781 0.993079603
1341846324.219984 0.027199425 -0.455491275 0.074245498 0.112395503 0.006310349 -0.011711424 0.993574500
1341846324.251968 0.020699572 -0.455041170 0.081967555 0.111563295 0.006948555 -0.011770074 0.993663371
1341846324.284052 0.019837178 -0.439022243 0.085420780 0.112420656 0.005996896 -0.012530140 0.993563652
1341846324.319880 0.012135261 -0.421903461 0.080895633 0.111601673 0.002888712 -0.013430747 0.993658125
1341846324.351917 0.018253384 -0.407257885 0.082899995 0.108312108 -0.000735747 -0.014544386 0.994010329
1341846324.388001 0.027754677 -0.399811983 0.094610810 0.104024269 -0.000798379 -0.018395873 0.994404316
1341846324.419908 0.020413421 -0.385429114 0.089022286 0.099884950 0.001862079 -0.020923208 0.994777262
1341846324.452027 0.018395113 -0.386862129 0.103524163 0.094649076 0.002028749 -0.020955373 0.995288134
1341846324.487928 0.015988613 -0.382738084 0.103551611 0.092944048 0.001650717 -0.018956220 0.995489538
1341846324.519985 0.009546673 -0.380301088 0.084918335 0.090844296 -0.000381332 -0.014017475 0.995766401
1341846324.556001 0.009700489 -0.362461627 0.089113347 0.089659333 -0.005494571 -0.009570714 0.995911419
1341846324.587888 0.010226086 -0.346075654 0.092114098 0.086617395 -0.008569964 -0.007742180 0.996174753
1341846324.620086 0.012355314 -0.333083689 0.100175269 0.085183226 -0.011229298 -0.010019375 0.996251643
1341846324.655955 0.016929789 -0.320278376 0.101103038 0.084176958 -0.012617182 -0.011113009 0.996308982
1341846324.688082 0.013769284 -0.315485865 0.109938443 0.083570875 -0.012373820 -0.009844048 0.996376455
1341846324.755922 -0.003878085 -0.279935032 0.101282962 0.085301399 -0.014630197 -0.006697596 0.996225297
1341846324.814016 0.019140679 -0.243361443 0.099384412 0.080634877 -0.021433020 -0.009470680 0.996468306
1341846324.849979 0.006402136 -0.236712590 0.111442782 0.074837431 -0.017707864 -0.011502061 0.996972144
1341846324.881924 -0.000461801 -0.235401452 0.115031600 0.071648657 -0.018771783 -0.011423195 0.997187853
1341846324.913902 0.003105725 -0.222465903 0.113680609 0.070944108 -0.020386370 -0.008847569 0.997232735
1341846324.949999 -0.000936095 -0.228200495 0.115302689 0.070922308 -0.020230278 -0.006203133 0.997257411
1341846324.981922 -0.008471112 -0.224833146 0.122032255 0.074975610 -0.022673614 -0.001271980 0.996926785
1341846325.018013 -0.010946837 -0.209503859 0.117992267 0.079713203 -0.027376296 0.000726848 0.996441603
1341846325.050079 -0.017181296 -0.190113574 0.113980733 0.082118690 -0.032053597 -0.001491213 0.996105909
1341846325.081901 -0.015577451 -0.169302374 0.111359507 0.081891708 -0.037354846 -0.003639319 0.995934308
1341846325.118531 -0.002161518 -0.159351408 0.109476671 0.077209517 -0.039563004 -0.005640521 0.996213675
1341846325.149933 -0.004528599 -0.160534203 0.114981249 0.071055628 -0.037139356 -0.007716564 0.996750832
1341846325.181925 -0.008083337 -0.154040188 0.118254930 0.068169177 -0.035910673 -0.005123468 0.997014165
1341846325.218055 -0.008365998 -0.148363277 0.120704792 0.065335758 -0.035872713 -0.000647756 0.997218132
1341846325.249811 -0.011798092 -0.139807090 0.121517181 0.063400634 -0.035852347 0.002685743 0.997340381
1341846325.285925 -0.008748179 -0.129000127 0.123547196 0.060937192 -0.036599625 0.005784130 0.997453570
1341846325.317988 0.005813705 -0.134143695 0.127249569 0.057970442 -0.035239041 0.008577680 0.997659326
1341846325.349844 -0.001264628 -0.136750847 0.129970968 0.060754269 -0.029728685 0.010195951 0.997657895
1341846325.387302 -0.000760954 -0.125158936 0.132704943 0.065604582 -0.027226197 0.012859871 0.997391343
1341846325.417931 0.017888304 -0.116836414 0.128553480 0.068610854 -0.023505373 0.016717305 0.997226477
1341846325.450747 0.021918660 -0.131655246 0.123871855 0.071804509 -0.015102605 0.017932598 0.997143209
1341846325.485954 0.004925444 -0.102075495 0.143193319 0.082450055 -0.007964686 0.020026386 0.996362209
1341846325.517875 0.002286307 -0.093375906 0.139105976 0.086010218 -0.005154930 0.022470761 0.996027529
1341846325.553859 0.002574353 -0.087009557 0.141236693 0.089010656 -0.001446654 0.022103932 0.995784342
1341846325.585855 -0.002490769 -0.068726078 0.141258344 0.091717839 0.001868383 0.020372581 0.995574832
1341846325.617990 -0.005153552 -0.047790591 0.141499743 0.089438766 0.003595496 0.019173730 0.995801330
1341846325.653982 -0.008586556 -0.064756639 0.149218962 0.085550696 0.005564657 0.016144047 0.996187449
1341846325.685819 -0.009527607 -0.064856388 0.147012934 0.090181045 0.007405199 0.018417070 0.995727599
1341846325.717857 -0.014522184 -0.047319662 0.149829924 0.095363736 0.008583708 0.025906222 0.995068371
1341846325.754083 -0.017997192 -0.048019309 0.150869220 0.098451763 0.008499975 0.028431652 0.994699299
1341846325.786087 -0.011322761 -0.042112585 0.152688652 0.104790479 0.008359094 0.030271463 0.993998408
1341846325.821856 -0.015029810 -0.022833545 0.151664019 0.108904883 0.010872720 0.032552492 0.993459523
1341846325.853827 -0.021910122 -0.018035244 0.149303019 0.109313950 0.011767789 0.036193915 0.993278444
1341846325.885958 -0.032362241 -0.004894477 0.146225005 0.110102654 0.009603222 0.041980460 0.992986917
1341846325.921984 -0.027026568 -0.001340606 0.153418690 0.109061874 0.005373895 0.046086170 0.992951512
1341846325.953899 -0.014144167 0.003115719 0.156492099 0.112026200 0.004946061 0.047993768 0.992533326
1341846325.985823 -0.020773137 0.017387737 0.161318362 0.115073904 0.008348633 0.051756635 0.991972566
1341846326.021991 -0.025061293 0.015868122 0.156302229 0.117702194 0.008638780 0.056433916 0.991406500
1341846326.054055 -0.019929912 0.030688778 0.158985779 0.123207361 0.007458598 0.059816416 0.990548551
1341846326.089984 -0.014667568 0.050270505 0.157058910 0.126358807 0.009154437 0.058735445 0.990201950
1341846326.121822 -0.017843541 0.058671430 0.158589795 0.125857592 0.013480986 0.056293257 0.990358114
1341846326.154079 -0.024074787 0.059884585 0.167986810 0.126078948 0.016207544 0.054818999 0.990371823
1341846326.190178 -0.028040627 0.071806416 0.169053063 0.128666833 0.015825493 0.057112083 0.989915490
1341846326.222162 -0.029998744 0.091604903 0.169734821 0.128388911 0.013837865 0.064258784 0.989543140
1341846326.259181 -0.035205845 0.098688111 0.168110237 0.125349298 0.011988746 0.066128284 0.989833832
1341846326.322766 -0.024199340 0.126108646 0.177910492 0.118139505 0.010455288 0.066693574 0.990699649
1341846326.359773 -0.021762243 0.131384417 0.179060400 0.114115201 0.011860350 0.064955011 0.991270900
1341846326.392109 -0.019641435 0.125258744 0.187400728 0.112159722 0.013660954 0.065886624 0.991409361
1341846326.423985 -0.025210585 0.132880136 0.191103607 0.116663449 0.014756006 0.071326151 0.990497112
1341846326.459869 -0.030123940 0.149629489 0.194537491 0.119279049 0.012486694 0.074123532 0.990011334
1341846326.526163 -0.019608231 0.178690821 0.196024269 0.119498380 0.013779992 0.074110165 0.989968657
1341846326.560211 -0.024235962 0.181743756 0.202858239 0.113777936 0.018059054 0.074227281 0.990564883
1341846326.591828 -0.022203971 0.185091570 0.197033763 0.110059552 0.019742521 0.077258319 0.990721107
1341846326.627027 -0.021403993 0.199379236 0.198709115 0.110360146 0.021346122 0.075266391 0.990807772
1341846326.658442 -0.019357698 0.217812881 0.202449873 0.108721584 0.024861118 0.074178815 0.990988970
1341846326.694856 -0.032060646 0.236540601 0.207183704 0.105473243 0.029152045 0.073140234 0.991300225
1341846326.726206 -0.029624071 0.239754215 0.201617688 0.099029623 0.029927591 0.071215071 0.992081583
1341846326.762753 -0.027698856 0.259992748 0.204840973 0.093424551 0.032579646 0.067956783 0.992770016
1341846326.826821 -0.026237005 0.296594858 0.209441364 0.079644181 0.037447177 0.065834545 0.993941784
1341846326.858887 -0.035201203 0.290026903 0.229671970 0.070558555 0.040345147 0.062208127 0.994748175
1341846326.895360 -0.033763651 0.296191573 0.226188287 0.069689661 0.039055586 0.065885067 0.994624138
1341846326.926897 -0.038887899 0.302749276 0.232180938 0.071259938 0.035685234 0.065941676 0.994635761
1341846326.958888 -0.035243981 0.316520214 0.229755715 0.073856249 0.033719942 0.068539850 0.994339228
1341846326.994594 -0.029108087 0.331185699 0.222713113 0.074702986 0.033305574 0.070811436 0.994130790
1341846327.026301 -0.028536011 0.343193680 0.223279119 0.072877161 0.034747563 0.069576904 0.994304061
1341846327.063945 -0.026252788 0.343352258 0.230003670 0.068933584 0.037174735 0.065906040 0.994747519
1341846327.094662 -0.026196085 0.354857951 0.237892315 0.069085427 0.039298214 0.064168431 0.994769037
1341846327.128901 -0.029178476 0.365577519 0.238304466 0.068273209 0.039241783 0.063776024 0.994852483
1341846327.161940 -0.029318877 0.377190262 0.236064672 0.067222677 0.038247406 0.063830018 0.994959295
1341846327.193867 -0.025383856 0.381071955 0.235680595 0.066020153 0.039748717 0.060420081 0.995193899
1341846327.229885 -0.019638039 0.398909479 0.244989127 0.067090660 0.041979365 0.059779264 0.995069385
1341846327.262014 -0.016322279 0.404145181 0.252487451 0.065560803 0.046299886 0.056956019 0.995145321
1341846327.294023 0.002793336 0.401799202 0.205654055 0.066204369 0.054898616 0.051558416 0.994959772
1341846327.330015 -0.009204294 0.429710001 0.228161290 0.070841476 0.068262137 0.046131697 0.994079292
1341846327.361939 -0.007298963 0.447060555 0.251666218 0.069685951 0.073157795 0.043908563 0.993913412
1341846327.393887 0.001413838 0.469337493 0.266961068 0.070657924 0.074493214 0.039187454 0.993942976
1341846327.429966 -0.029427223 0.489912897 0.251816779 0.068313383 0.076907262 0.035553068 0.994059622
1341846327.461965 -0.024819089 0.496440828 0.258375943 0.059754129 0.071624413 0.037681680 0.994926929
1341846327.497931 -0.017022150 0.504264712 0.259418428 0.055351786 0.068939008 0.036664154 0.995409191
1341846327.530068 -0.023711864 0.528557956 0.260103971 0.055834074 0.069878459 0.040474694 0.995169044
1341846327.561895 -0.024873717 0.532128036 0.301245242 0.053786278 0.069904208 0.042489581 0.995196044
1341846327.598010 -0.032453015 0.531453431 0.307495236 0.053867143 0.067787588 0.045960914 0.995183825
1341846327.629945 -0.039586104 0.549063921 0.284245759 0.055405010 0.061822593 0.046536673 0.995460987
1341846327.662003 -0.035855200 0.548714221 0.301718503 0.054070130 0.059117611 0.042786635 0.995866895
1341846327.697919 -0.035500523 0.569903195 0.292238623 0.057262413 0.057649847 0.043380257 0.995748818
1341846327.730075 -0.036241177 0.595481634 0.296629757 0.054259762 0.056993160 0.045442067 0.995862782
1341846327.766017 -0.038450755 0.597093165 0.300598472 0.048027635 0.056856867 0.045717135 0.996177971
1341846327.797917 -0.037161354 0.625876129 0.301627398 0.046196986 0.055577230 0.048218392 0.996218920
1341846327.830054 -0.031939276 0.622704327 0.307839543 0.037992723 0.054759532 0.048171952 0.996613026
1341846327.865944 -0.025969800 0.630044639 0.298169971 0.034087140 0.054916594 0.047688834 0.996768832
1341846327.898010 -0.033070590 0.646158695 0.302883208 0.032480482 0.056582700 0.049196646 0.996656001
1341846327.929991 -0.032208685 0.653480232 0.303642154 0.027612705 0.054720860 0.046493877 0.997036397
1341846327.966065 -0.034555305 0.663166821 0.305020839 0.023401087 0.055557031 0.044377025 0.997194350
1341846327.998073 -0.035643850 0.674194574 0.305053651 0.016934400 0.056638040 0.041213211 0.997400045
1341846328.034045 -0.038221162 0.673230410 0.303657204 0.010143821 0.057900902 0.039437842 0.997491479
1341846328.065993 -0.039285786 0.671437442 0.303371519 0.004239010 0.058970559 0.039909355 0.997452676
1341846328.098045 -0.040978488 0.657775700 0.307369709 0.002152378 0.059601843 0.040848959 0.997383833
1341846328.133967 -0.046193715 0.656222999 0.304673761 0.005086449 0.059260573 0.044594992 0.997233033
1341846328.166023 -0.042972326 0.658415437 0.300810397 0.005083041 0.055143707 0.045653023 0.997421265
1341846328.198018 -0.039242812 0.643476903 0.301877379 0.003941507 0.051918745 0.042776216 0.997727036
1341846328.234044 -0.038658671 0.624863923 0.297511429 0.005494542 0.050431743 0.041291464 0.997858465
1341846328.265899 -0.038634270 0.620773971 0.298687756 0.008747294 0.048364140 0.042473670 0.997888029
1341846328.302051 -0.041389022 0.593006790 0.298858285 0.009575729 0.048627581 0.041977201 0.997888625
1341846328.333917 -0.043491498 0.583485007 0.295712113 0.012795166 0.048672821 0.046196077 0.997663856
1341846328.366008 -0.042984080 0.569036245 0.318200290 0.018289061 0.047300737 0.044471368 0.997722626
1341846328.402010 -0.037774429 0.532163024 0.313673347 0.026184047 0.048522703 0.046686336 0.997386754
1341846328.433920 -0.039475523 0.507515073 0.287738204 0.027793624 0.047618367 0.048095699 0.997319818
1341846328.470003 -0.032286245 0.480563313 0.277810097 0.027193168 0.046510447 0.039648734 0.997760177
1341846328.502194 -0.019760907 0.449889988 0.263136446 0.026601527 0.047262732 0.032008100 0.998015106
1341846328.534033 -0.022123441 0.453083187 0.269954056 0.033372261 0.050129510 0.027977085 0.997792840
1341846328.570125 -0.032935664 0.425178349 0.278526008 0.033397898 0.052087147 0.030216286 0.997626424
1341846328.602804 -0.043893117 0.397522569 0.274608165 0.038670693 0.048240084 0.035020895 0.997472346
1341846328.672663 -0.039142381 0.365853608 0.264912754 0.048860911 0.035663594 0.029084375 0.997744858
1341846328.702975 -0.018312955 0.353442222 0.256601304 0.052345693 0.029600294 0.029887633 0.997742712
1341846328.770129 -0.010510536 0.317786753 0.244569540 0.060087305 0.026297869 0.025605313 0.997518063
1341846328.802331 -0.008166125 0.303386152 0.243383065 0.061119623 0.023028504 0.026242424 0.997519672
1341846328.838051 -0.004772057 0.284748048 0.233954668 0.064443558 0.021078994 0.022334391 0.997448683
1341846328.869939 -0.002517623 0.288102299 0.229039967 0.065121584 0.019486746 0.022695510 0.997428894
1341846328.904486 -0.006293584 0.268152863 0.237150609 0.060317378 0.017034141 0.021981010 0.997791886
1341846328.939814 0.003127354 0.235128909 0.233344942 0.061940607 0.013542105 0.021056034 0.997765839
1341846328.970217 0.006225142 0.238464117 0.233321369 0.067104839 0.010999088 0.026217518 0.997340739
1341846329.006232 0.008494771 0.220824435 0.229361475 0.066822581 0.008794527 0.029921569 0.997277379
1341846329.038243 0.014364136 0.201133177 0.223038495 0.069888070 0.007698280 0.029400544 0.997091770
1341846329.106125 0.015117076 0.199624598 0.209397912 0.073556967 0.007542868 0.028410051 0.996857762
1341846329.138340 0.017323293 0.179203078 0.207267314 0.074205093 0.006778116 0.026151145 0.996877015
1341846329.169991 0.018554650 0.177047491 0.204013661 0.076273501 0.005375478 0.026334615 0.996724665
1341846329.208656 0.019865112 0.168493479 0.201922849 0.076680467 0.004518201 0.024877116 0.996735156
1341846329.238169 0.022359174 0.168615073 0.196159333 0.076441705 0.003296475 0.024830494 0.996759415
1341846329.273827 0.024303038 0.152215540 0.189406037 0.074034914 0.002341758 0.025624881 0.996923625
1341846329.306052 0.023786146 0.151820838 0.181486785 0.074892439 0.000020670 0.024003847 0.996902704
1341846329.338104 0.027083144 0.153891250 0.196983621 0.072197601 -0.002024050 0.022682237 0.997130394
1341846329.373907 0.026519964 0.129651502 0.192700118 0.067645483 -0.002667774 0.021483887 0.997474611
1341846329.405985 0.027974028 0.118298426 0.191321611 0.068720326 -0.004230190 0.018928569 0.997447491
1341846329.442057 0.025283098 0.113870531 0.185022369 0.068158761 -0.004088723 0.014277508 0.997563958
1341846329.473950 0.022552440 0.096999802 0.186050549 0.066580787 -0.004958546 0.008056331 0.997736216
1341846329.506147 0.023395849 0.093810931 0.178730786 0.067176469 -0.006939555 0.005343575 0.997702658
1341846329.542121 0.023126679 0.084725693 0.183435798 0.065396458 -0.010348476 0.006404232 0.997785151
1341846329.574086 0.030155957 0.064699277 0.177237272 0.066827618 -0.013234443 0.005234038 0.997663081
1341846329.606387 0.026691375 0.061057150 0.166293517 0.069413230 -0.012919610 0.002852162 0.997500300
1341846329.641955 0.022440316 0.059301842 0.163666755 0.069631837 -0.013613843 0.002933071 0.997475624
1341846329.681570 0.019176120 0.046260230 0.165198326 0.068613492 -0.016520988 0.003296853 0.997501075
1341846329.748113 0.027219664 0.041922189 0.165404469 0.070877708 -0.017086480 0.000818503 0.997338355
1341846329.810175 0.025465665 0.014444416 0.163732260 0.068108410 -0.013755880 0.005618927 0.997567296
1341846329.842255 0.023540925 0.005270694 0.161765590 0.069665678 -0.013422540 0.009115883 0.997438431
1341846329.874044 0.020393763 -0.001322026 0.158802271 0.071395271 -0.013171919 0.012142570 0.997287214
1341846329.910073 0.021300947 0.003972719 0.155898958 0.071945295 -0.013766066 0.014238891 0.997211993
1341846329.942009 0.018378554 0.001709029 0.158452690 0.067396581 -0.013944619 0.019455856 0.997439086
1341846329.978087 0.021044442 -0.022141151 0.156748861 0.064661160 -0.014705466 0.021302478 0.997571528
1341846330.016305 0.026026743 -0.014758247 0.152555004 0.067030676 -0.014064057 0.019102560 0.997468948
1341846330.048192 0.017678276 -0.009604419 0.146847695 0.063456923 -0.011789939 0.019949226 0.997715533
1341846330.080418 0.019442905 -0.031358514 0.148681372 0.058342088 -0.012201052 0.022108616 0.997977197
1341846330.115886 0.021903738 -0.045309074 0.151853219 0.060995281 -0.010949270 0.023345092 0.997804940
1341846330.147839 0.015278332 -0.029762167 0.145312786 0.064074010 -0.010213392 0.024912285 0.997581959
1341846330.181257 0.015743937 -0.014048393 0.142967552 0.060263455 -0.010833301 0.028055761 0.997729361
1341846330.215852 0.017601606 -0.032670405 0.146956921 0.052882005 -0.010103481 0.027974484 0.998157799
1341846330.247833 0.013786414 -0.039897032 0.147761270 0.050765682 -0.009445895 0.026613373 0.998311281
1341846330.283913 0.009656355 -0.023868652 0.141041964 0.048395939 -0.009693173 0.027121121 0.998412907
1341846330.316011 0.008083831 -0.040792856 0.145301685 0.041094400 -0.010468966 0.026467955 0.998749793
1341846330.347868 0.005648854 -0.052576736 0.144673243 0.038248558 -0.012021728 0.025654484 0.998866558
1341846330.383835 0.012606006 -0.054211181 0.146845505 0.036534961 -0.013234863 0.025963569 0.998907447
1341846330.415934 0.011596818 -0.068330988 0.144825652 0.035557251 -0.012248465 0.024306444 0.998996973
1341846330.452561 0.007244005 -0.070538990 0.142692342 0.038270693 -0.012513053 0.023064282 0.998922825
1341846330.483903 0.002063328 -0.064426050 0.136973843 0.038785283 -0.014007302 0.025532041 0.998823166
1341846330.515970 0.003911069 -0.072470620 0.141428053 0.037013747 -0.016511863 0.029144472 0.998753190
1341846330.552099 0.004688104 -0.075903349 0.138818294 0.038385622 -0.017706968 0.031359892 0.998613894
1341846330.583876 -0.000091700 -0.065773837 0.136158615 0.038469099 -0.017650332 0.031325605 0.998612702
1341846330.619992 -0.007974279 -0.055434845 0.131146312 0.034870580 -0.018187826 0.030576156 0.998758435
1341846330.652136 -0.002709202 -0.065877050 0.130243644 0.027734002 -0.020345408 0.029305805 0.998978555
1341846330.683796 -0.006096366 -0.072333716 0.125567585 0.022661880 -0.019840889 0.028262163 0.999146640
1341846330.719991 -0.010408171 -0.088535443 0.117878407 0.019554287 -0.022021445 0.029093888 0.999142826
1341846330.752103 -0.014154738 -0.090640999 0.114282548 0.020934805 -0.025829917 0.033927187 0.998871148
1341846330.787952 -0.020046560 -0.083731338 0.107489578 0.022414492 -0.030164467 0.037385870 0.998594046
1341846330.819823 -0.017985096 -0.082378022 0.107650682 0.022301059 -0.034647491 0.037994467 0.998428106
1341846330.852208 -0.017107708 -0.075211354 0.103022434 0.022137767 -0.036458708 0.038736582 0.998338699
1341846330.914111 -0.022135213 -0.061553102 0.099514902 0.014184026 -0.039701354 0.037483718 0.998407543
1341846330.949903 -0.024725497 -0.077421121 0.099065185 0.009566890 -0.040705796 0.038615964 0.998378932
1341846330.981986 -0.033690121 -0.077002294 0.095519371 0.010395764 -0.044558298 0.038963769 0.998192549
1341846331.014111 -0.031908687 -0.069371171 0.093189396 0.010406429 -0.048719537 0.039068688 0.997993886
1341846331.082139 -0.034890961 -0.073705941 0.086166859 0.012061233 -0.051322248 0.035952494 0.997961938
1341846331.114334 -0.033389501 -0.070764780 0.082799219 0.011937767 -0.053880952 0.036079377 0.997823954
1341846331.149989 -0.033440676 -0.078747131 0.087889910 0.011872568 -0.054695122 0.034961607 0.997820258
1341846331.181954 -0.038088486 -0.076186940 0.073157594 0.015530842 -0.054912824 0.034088802 0.997788310
1341846331.218151 -0.042548474 -0.059306756 0.070357360 0.016298648 -0.058028236 0.035429880 0.997552931
1341846331.249914 -0.033795308 -0.074633025 0.073795006 0.012821141 -0.060198709 0.033828519 0.997530699
1341846331.318141 -0.024205891 -0.069485448 0.076006599 0.023875525 -0.051135749 0.029661687 0.997965574
1341846331.349926 -0.013521271 -0.066099860 0.074308835 0.022751572 -0.049601078 0.028986972 0.998089135
1341846331.382003 0.028483057 -0.089234799 0.112264559 0.023633633 -0.044812649 0.027260751 0.998343706
1341846331.418008 -0.017267376 -0.074513398 0.114236377 0.031845119 -0.029534237 0.022689395 0.998798728
1341846331.450327 -0.009263157 -0.065798789 0.095307298 0.034492448 -0.028053645 0.028355312 0.998608708
1341846331.486219 -0.019386701 -0.062382836 0.099891305 0.034624390 -0.025330810 0.029060597 0.998656631
1341846331.518344 -0.006761442 -0.061782014 0.105489850 0.033496831 -0.025394890 0.027673675 0.998732805
1341846331.550202 -0.001137486 -0.069528565 0.113319665 0.035401553 -0.021080574 0.026445039 0.998800814
1341846331.586139 -0.012218742 -0.056344897 0.118087165 0.038318347 -0.018877327 0.026813976 0.998727381
1341846331.617931 -0.005053277 -0.054582465 0.126518354 0.037360251 -0.019453682 0.027126644 0.998744249
1341846331.654027 0.003404564 -0.061534848 0.130666226 0.037400939 -0.017313963 0.027204266 0.998780012
1341846331.686123 -0.003930182 -0.052941646 0.136359856 0.040099729 -0.013992804 0.029456720 0.998663366
1341846331.717954 -0.013551330 -0.039305069 0.150044113 0.038434617 -0.013785561 0.028733274 0.998752832
1341846331.754076 0.000021086 -0.056055225 0.162442848 0.034774553 -0.014115064 0.027793413 0.998908937
1341846331.785920 0.000134171 -0.054313250 0.169512957 0.037609402 -0.011463412 0.026573939 0.998873353
1341846331.818053 -0.002196224 -0.041658536 0.184287414 0.038732450 -0.009795143 0.027006736 0.998836637
1341846331.853849 -0.003010169 -0.050525229 0.191817790 0.036759783 -0.009300351 0.026434490 0.998931229
1341846331.885987 0.006399167 -0.049314201 0.205006212 0.039985314 -0.007461313 0.024680847 0.998867512
1341846331.922014 0.004362010 -0.046555568 0.216554657 0.042164110 -0.003776207 0.023236329 0.998833358
1341846331.954037 0.009828363 -0.042234618 0.225166827 0.042014584 -0.001706162 0.024488956 0.998815358
1341846331.986135 0.022109378 -0.057182133 0.243973672 0.043550547 0.002928383 0.025641000 0.998717844
1341846332.022364 0.005342931 -0.058911689 0.256052464 0.050432283 0.009555141 0.024995523 0.998368979
1341846332.054175 0.002049507 -0.051749710 0.270842105 0.057314672 0.009634930 0.026587499 0.997955620
1341846332.086502 0.004453435 -0.048591159 0.273078352 0.060017820 0.009322584 0.028140217 0.997757077
1341846332.122051 0.002462492 -0.044926342 0.285053670 0.061558694 0.010549261 0.027617523 0.997665584
1341846332.153983 -0.001678578 -0.026866214 0.305721670 0.061376177 0.010321449 0.025075564 0.997746348
1341846332.190165 -0.005210449 -0.028610414 0.323763669 0.054573268 0.008987606 0.022862274 0.998207569
1341846332.254145 -0.002570814 -0.047271539 0.348718673 0.053800248 0.009128731 0.021043669 0.998288274
1341846332.289948 -0.008142774 -0.043477513 0.354924738 0.055892553 0.009140889 0.022898335 0.998132288
1341846332.322172 -0.006184237 -0.046750344 0.365505904 0.056403168 0.008567797 0.024723496 0.998065114
1341846332.354003 0.005845582 -0.047358174 0.369655609 0.058617733 0.009051835 0.023853093 0.997954428
1341846332.390180 0.001963752 -0.035677686 0.383034796 0.061312973 0.014434999 0.018955115 0.997834206
1341846332.422055 -0.002414067 -0.030346356 0.390103459 0.059250817 0.016775621 0.016812410 0.997960627
1341846332.458114 0.005206666 -0.035484955 0.405395657 0.058486406 0.018407028 0.013340801 0.998029411
1341846332.489993 -0.008023051 -0.034938641 0.406605244 0.059502326 0.021452388 0.013443837 0.997907102
1341846332.522130 -0.011859475 -0.031928949 0.415951312 0.059030298 0.017384941 0.020204531 0.997900307
1341846332.558114 -0.007719199 -0.034030937 0.429349154 0.059044868 0.011866274 0.026899509 0.997822344
1341846332.589874 -0.001168130 -0.023447856 0.430373281 0.059194423 0.008823705 0.031030737 0.997725070
1341846332.621889 -0.002815071 -0.018858586 0.433978260 0.055002954 0.009189594 0.032392383 0.997918308
1341846332.658202 0.003803210 -0.023874702 0.443080664 0.050664600 0.009259362 0.030947294 0.998193204
1341846332.690001 0.002917828 -0.019874766 0.457149982 0.049128290 0.010515640 0.031570643 0.998238027
1341846332.726000 -0.001234748 -0.024353977 0.475631922 0.047752224 0.010020131 0.035572331 0.998175383
1341846332.758386 0.004074633 -0.023525333 0.480744958 0.048256300 0.007092314 0.036818106 0.998131037
1341846332.789937 0.018198358 -0.013350924 0.487415254 0.048349306 0.006302901 0.037325956 0.998112917
1341846332.825925 0.015295928 -0.014057544 0.501968384 0.046040658 0.009470995 0.035183240 0.998274922
1341846332.857898 0.020157006 -0.014164571 0.513893783 0.047163546 0.010297268 0.035719808 0.998195231
1341846332.894069 0.020224858 0.000688517 0.519906282 0.048203565 0.010231684 0.035496205 0.998154223
1341846332.926029 0.027898805 0.002643263 0.525999606 0.044407345 0.010067238 0.033305552 0.998407423
1341846332.958015 0.028304508 0.004670980 0.531957448 0.041638438 0.012529572 0.030984655 0.998573601
1341846332.994073 0.030803774 0.005920788 0.541413844 0.038538851 0.013576529 0.029459812 0.998730481
1341846333.026545 0.036369976 0.006884856 0.547916889 0.036185022 0.014322774 0.027183339 0.998872697
1341846333.057998 0.041579548 0.007564001 0.553926110 0.035140209 0.016246984 0.027206695 0.998879850
1341846333.094024 0.042624574 0.010180737 0.570221245 0.035687029 0.018440111 0.029810496 0.998748124
1341846333.126095 0.049235187 0.013835242 0.572990537 0.036345702 0.019628607 0.031896353 0.998637319
1341846333.161973 0.052782062 0.020986246 0.578571200 0.035562567 0.022254037 0.033050526 0.998572886
1341846333.195660 0.051380962 0.021757364 0.588511467 0.033114512 0.024643147 0.034471501 0.998552859
1341846333.226331 0.053345326 0.021774733 0.593662918 0.031397760 0.025345279 0.033925250 0.998609543
1341846333.262056 0.052167881 0.030802922 0.596312046 0.029244617 0.026106944 0.031997696 0.998718858
1341846333.294147 0.055221666 0.026749181 0.606204808 0.025528116 0.025746344 0.031995788 0.998830199
1341846333.326100 0.057278540 0.028760513 0.609672844 0.023862615 0.024459543 0.030604826 0.998947322
1341846333.362100 0.062156480 0.034741268 0.610530555 0.020849528 0.023065440 0.029140649 0.999091625
1341846333.394119 0.060710251 0.029250253 0.616454542 0.017357178 0.022347059 0.029173804 0.999173820
1341846333.429974 0.062561020 0.028890613 0.617159307 0.016355339 0.020494027 0.029119756 0.999231994
1341846333.462115 0.068647861 0.026440626 0.619110703 0.015892515 0.019996293 0.027871981 0.999285161
1341846333.494040 0.068996504 0.026412366 0.620564938 0.016781589 0.020916931 0.026763575 0.999282062
1341846333.529953 0.076890260 0.028067864 0.623340726 0.017798059 0.021168197 0.026595132 0.999263704
1341846333.562063 0.068733253 0.029857105 0.623439431 0.018941203 0.024694933 0.028195411 0.999117851
1341846333.594090 0.062403847 0.039072681 0.624873161 0.018735157 0.024614096 0.028496543 0.999115229
1341846333.629994 0.064765751 0.042993907 0.627353787 0.015409491 0.021594841 0.027262442 0.999276221
1341846333.662127 0.065152638 0.041876007 0.624385536 0.012220796 0.020550270 0.026713325 0.999357164
1341846333.697964 0.068462349 0.033171400 0.625011265 0.009613739 0.020066032 0.027945815 0.999361813
1341846333.730092 0.067418151 0.030198911 0.621926188 0.011776995 0.020577321 0.028303782 0.999318182
1341846333.762089 0.068788625 0.032079142 0.617944300 0.013412938 0.020867687 0.029980225 0.999242604
1341846333.798006 0.064856932 0.030170556 0.615301490 0.014858427 0.022044297 0.029469511 0.999212146
1341846333.830055 0.067393132 0.030067744 0.610724688 0.017480426 0.022826280 0.027524546 0.999207616
1341846333.866045 0.061046422 0.030035788 0.603779912 0.018511198 0.025042033 0.026006263 0.999176681
1341846333.897987 0.060201496 0.024524305 0.600901008 0.019459037 0.024819056 0.025029102 0.999189138
1341846333.930099 0.058839068 0.022696950 0.594904959 0.022492696 0.025868397 0.023383578 0.999138713
1341846333.965889 0.056603596 0.022575339 0.588391006 0.024906170 0.027016219 0.023340713 0.999052107
1341846333.997985 0.055741891 0.020963730 0.584570765 0.027575012 0.027771803 0.022933492 0.998970687
1341846334.030076 0.053079747 0.021416973 0.576852202 0.030518966 0.028995542 0.024265010 0.998818874
1341846334.066000 0.048331637 0.019704062 0.570044935 0.032079391 0.029015882 0.025598900 0.998736084
1341846334.097932 0.049266919 0.017635435 0.561826169 0.033789042 0.028757730 0.025129722 0.998699129
1341846334.133884 0.044530012 0.018693278 0.557692766 0.035435043 0.030254951 0.025576724 0.998586476
1341846334.166115 0.036538564 0.018340252 0.549676538 0.035663985 0.029619699 0.026138879 0.998582780
1341846334.198072 0.036380611 0.019373782 0.541923225 0.036426801 0.027686091 0.025359781 0.998630822
1341846334.234097 0.038502157 0.019741436 0.536319673 0.036714792 0.027983075 0.024218610 0.998640358
1341846334.266045 0.028975716 0.016988577 0.532261372 0.036674395 0.030195285 0.024635730 0.998567164
1341846334.297946 0.022744905 0.016982226 0.523890615 0.037981629 0.029287938 0.026106911 0.998507917
1341846334.334036 0.022163633 0.017782431 0.519667566 0.038393144 0.027364878 0.026005069 0.998549402
1341846334.365871 0.020985231 0.020441659 0.512229860 0.037962478 0.027321827 0.025083611 0.998590648
1341846334.401845 0.019391971 0.019082842 0.502693176 0.036683701 0.028255586 0.023411848 0.998653054
1341846334.433864 0.009028012 0.013612576 0.500262618 0.036354568 0.028044391 0.024072565 0.998655319
1341846334.466105 0.011404281 0.017599538 0.487732828 0.037252545 0.025895221 0.025427487 0.998646677
1341846334.502142 0.007236864 0.020378504 0.483356893 0.036322206 0.024786750 0.026216175 0.998688698
1341846334.540153 0.007373227 0.018108802 0.476433516 0.035769153 0.023103021 0.024676468 0.998788238
1341846334.602351 -0.002398241 0.026509641 0.458854616 0.031295318 0.019681923 0.018748831 0.999140501
1341846334.670161 -0.007570883 0.020812277 0.443909287 0.026035121 0.017271750 0.011808310 0.999442101
1341846334.702085 -0.009566309 0.014408219 0.437759638 0.023551790 0.014503272 0.013897316 0.999520838
1341846334.734751 -0.017248556 0.015142658 0.437564164 0.024506046 0.012518523 0.013849498 0.999525368
1341846334.770889 -0.018760968 0.013574166 0.421646625 0.023833999 0.010883468 0.018220657 0.999490678
1341846334.802194 -0.027525606 0.016648225 0.409236878 0.024148896 0.009178285 0.017392313 0.999514997
1341846334.833908 -0.024400817 0.017666880 0.394889265 0.024052085 0.007512573 0.015410761 0.999563694
1341846334.869874 -0.023303518 0.018130213 0.386137307 0.021895779 0.006538771 0.016861277 0.999596715
1341846334.902006 -0.028342849 0.014057130 0.381489992 0.019713838 0.004635661 0.017584154 0.999640286
1341846334.938010 -0.034742828 0.015071264 0.367428929 0.019888794 0.002374874 0.015695879 0.999676168
1341846334.970032 -0.030320648 0.014707149 0.359649569 0.020181529 0.001084978 0.014095118 0.999696374
1341846335.002203 -0.037751112 0.007904810 0.356087923 0.020600021 0.001556402 0.017221898 0.999638259
1341846335.037880 -0.037542824 0.011723819 0.337329596 0.023196105 -0.002063467 0.020777477 0.999512911
1341846335.069990 -0.045212656 0.014671126 0.326415628 0.024381272 -0.003510317 0.017636679 0.999540985
1341846335.106038 -0.042565193 0.012072383 0.319579273 0.024648272 -0.002717728 0.015871305 0.999566495
1341846335.138045 -0.049161099 0.010520326 0.308353812 0.026050007 -0.001177192 0.015775358 0.999535501
1341846335.169900 -0.048458025 0.012472809 0.282556742 0.025947917 -0.004041584 0.016572343 0.999517798
1341846335.206091 -0.048439905 0.013435259 0.281016290 0.025502436 -0.006134845 0.013364970 0.999566615
1341846335.239365 -0.048536681 0.007540538 0.275347382 0.025265306 -0.005093757 0.010890779 0.999608517
1341846335.269948 -0.052801464 0.004706525 0.260653466 0.026659273 -0.003382008 0.009502527 0.999593675
1341846335.305972 -0.058259465 0.003877839 0.247559503 0.028339883 -0.004632212 0.010391168 0.999533653
1341846335.338012 -0.056776099 0.002626597 0.240370199 0.029821008 -0.006178738 0.011859035 0.999465823
1341846335.374005 -0.050866041 -0.004519923 0.235154584 0.033708248 -0.005137427 0.012920096 0.999334991
1341846335.406025 -0.054286283 -0.002266243 0.225360572 0.040663894 -0.002290525 0.014757825 0.999061346
1341846335.438079 -0.057357203 0.002164538 0.210753679 0.045971204 -0.001350540 0.018172260 0.998776555
1341846335.473998 -0.055291336 0.004471290 0.205910221 0.048317313 -0.000286461 0.018396987 0.998662591
1341846335.507038 -0.057836052 0.010214129 0.194620505 0.049815934 0.002484847 0.016176719 0.998624325
1341846335.538040 -0.061690677 0.015665608 0.186585858 0.049371354 0.004960983 0.014106140 0.998668551
1341846335.574119 -0.066404849 0.017714079 0.178001389 0.047070626 0.004992311 0.014636377 0.998771906
1341846335.605970 -0.066027969 0.012461524 0.169032469 0.045189511 0.004007168 0.013874674 0.998874128
1341846335.641978 -0.063717835 0.012342311 0.158038512 0.046380173 0.005021814 0.011269324 0.998847723
1341846335.673993 -0.069417611 0.016092280 0.146301419 0.046211451 0.006034485 0.011269029 0.998849928
1341846335.706178 -0.074374750 0.014172960 0.139752045 0.045644924 0.004871872 0.011709478 0.998877287
1341846335.741982 -0.063172892 0.015600968 0.121157534 0.046050351 0.004075731 0.012284984 0.998855293
1341846335.773960 -0.067231536 0.020325037 0.109072179 0.046292782 0.004770737 0.011927161 0.998845398
1341846335.806271 -0.068957314 0.026159972 0.096559547 0.044657808 0.004284678 0.011796194 0.998923600
1341846335.842031 -0.068167686 0.018396964 0.091263019 0.042075858 0.004979801 0.012229516 0.999027193
1341846335.873966 -0.068532132 0.017276973 0.080358922 0.043081176 0.006435241 0.010837384 0.998992085
1341846335.910005 -0.081228763 0.023241144 0.069385692 0.043087710 0.006916275 0.013076203 0.998961806
1341846335.941936 -0.078835763 0.022071024 0.054869466 0.041767780 0.004956658 0.014018717 0.999016702
1341846335.974198 -0.080848962 0.023253288 0.049619190 0.041853499 0.004127286 0.011410316 0.999050081
1341846336.010032 -0.084297203 0.022528423 0.032728855 0.041458551 0.004338232 0.009871502 0.999082029
1341846336.042129 -0.090230413 0.022373030 0.019016223 0.040478174 0.003237593 0.010767403 0.999117196
1341846336.078076 -0.089602396 0.021249702 0.017338393 0.040517651 0.001163824 0.009584242 0.999132156
1341846336.110739 -0.090427615 0.024145117 0.012895073 0.041275814 0.000817290 0.008213400 0.999113739
1341846336.142002 -0.097096793 0.021330981 -0.003865567 0.040685121 0.001125834 0.009545907 0.999125779
1341846336.183953 -0.100825876 0.026224144 -0.012937401 0.040773727 -0.001516401 0.010165563 0.999115527
1341846336.241891 -0.099277899 0.027513688 -0.022378381 0.038987849 -0.002473424 0.009578061 0.999190748
1341846336.277946 -0.109011322 0.020467782 -0.025890749 0.038876981 -0.001617595 0.011396693 0.999177694
1341846336.309977 -0.112660132 0.018583864 -0.039957143 0.041351620 -0.003988578 0.014885887 0.999025822
1341846336.346143 -0.113521136 0.027820455 -0.044062048 0.043988466 -0.005284955 0.015422069 0.998899043
1341846336.377975 -0.111618668 0.022579437 -0.057982016 0.044117115 -0.005332253 0.015045868 0.998898864
1341846336.410032 -0.114613570 0.029745812 -0.065551214 0.045782115 -0.004460988 0.014470667 0.998836696
1341846336.446041 -0.119032145 0.033006173 -0.074435435 0.045390442 -0.004804627 0.014512056 0.998852432
1341846336.477990 -0.118980192 0.032490253 -0.080058172 0.044264372 -0.004948888 0.014287384 0.998905420
1341846336.510056 -0.118474238 0.029189993 -0.081576049 0.044334408 -0.004499826 0.015322433 0.998889089
1341846336.546024 -0.121515356 0.029033210 -0.086361475 0.045216598 -0.004404793 0.017246338 0.998818636
1341846336.578003 -0.125016943 0.036570828 -0.098152272 0.045352869 -0.004567989 0.018631821 0.998786867
1341846336.614020 -0.122406989 0.038587525 -0.098742589 0.045092545 -0.004058513 0.017468475 0.998821855
1341846336.645982 -0.128239974 0.042342186 -0.104756996 0.043847200 -0.002536749 0.017502036 0.998881698
1341846336.678036 -0.139720932 0.037282377 -0.113774396 0.041660529 -0.003458115 0.017662738 0.998969674
1341846336.714024 -0.139894933 0.030905798 -0.097314544 0.043052889 -0.006407771 0.017791986 0.998893797
1341846336.746016 -0.145498142 0.027790241 -0.105933934 0.046585467 -0.008183858 0.019731091 0.998685956
1341846336.778014 -0.149249747 0.036044836 -0.118821621 0.049726889 -0.012007122 0.023129769 0.998422801
1341846336.820006 -0.144587710 0.039545193 -0.130762741 0.050479680 -0.016048901 0.025030637 0.998282433
1341846336.882056 -0.145788759 0.034153745 -0.160049528 0.052461103 -0.017932121 0.024075396 0.998171687
1341846336.914273 -0.153106093 0.027247023 -0.166612864 0.054441940 -0.022075860 0.026156485 0.997930229
1341846336.945998 -0.143383279 0.025256775 -0.171597913 0.060491193 -0.029424749 0.028714236 0.997321725
1341846336.981980 -0.150563374 0.047118444 -0.183480531 0.064911626 -0.032617934 0.026356876 0.997009516
1341846337.014238 -0.151352167 0.054712590 -0.183905199 0.062496923 -0.035297424 0.024508666 0.997119665
1341846337.046017 -0.149601474 0.049115967 -0.175691769 0.059977990 -0.036756922 0.019767556 0.997326910
1341846337.082104 -0.153796405 0.047465716 -0.187114686 0.059124742 -0.036827020 0.015931536 0.997443855
1341846337.114317 -0.155058280 0.044686202 -0.197851226 0.057024483 -0.039023172 0.015735965 0.997485816
1341846337.150037 -0.155618668 0.047020786 -0.187673867 0.055848174 -0.040877197 0.014271417 0.997500062
1341846337.181873 -0.149464890 0.047584660 -0.188812643 0.055271897 -0.041168932 0.011595757 0.997554898
1341846337.214073 -0.162146553 0.059221443 -0.185570449 0.053972427 -0.039017551 0.009150225 0.997737885
1341846337.250087 -0.174828529 0.045507003 -0.186686501 0.050547432 -0.039919294 0.010407867 0.997869313
1341846337.282028 -0.174636811 0.043829326 -0.192878097 0.051513568 -0.044268373 0.014005883 0.997592390
1341846337.317920 -0.162769616 0.052175082 -0.191734225 0.051630285 -0.046396866 0.014745387 0.997478962
1341846337.350018 -0.173335403 0.059330933 -0.192839608 0.050651219 -0.044995803 0.013896948 0.997605503
1341846337.382159 -0.163877234 0.051556773 -0.191412017 0.047330938 -0.045239069 0.012400937 0.997777224
1341846337.417941 -0.166005507 0.037842307 -0.210394427 0.047246348 -0.044349737 0.012648383 0.997818112
1341846337.450137 -0.166544512 0.046440419 -0.226802528 0.048066825 -0.046026651 0.013353561 0.997693777
1341846337.482096 -0.162533045 0.044253036 -0.218121275 0.046613917 -0.046679102 0.014467100 0.997716844
1341846337.518008 -0.162140474 0.037676197 -0.223298430 0.047058266 -0.047045518 0.014626083 0.997676492
1341846337.549978 -0.158219099 0.047970977 -0.240635261 0.047793325 -0.047858167 0.012785551 0.997628212
1341846337.585971 -0.157489672 0.041684229 -0.238017023 0.044740956 -0.048229232 0.011663992 0.997765601
1341846337.617903 -0.157145187 0.025209799 -0.221239656 0.045192454 -0.049186535 0.012788848 0.997684717
1341846337.650141 -0.155693665 0.043744884 -0.228635177 0.048621323 -0.049403463 0.012154522 0.997520745
1341846337.686352 -0.156470880 0.050111976 -0.230134189 0.047315396 -0.048974331 0.011576767 0.997611523
1341846337.718002 -0.152102113 0.044962570 -0.222663984 0.045010705 -0.048820581 0.012154452 0.997718871
1341846337.749920 -0.150485963 0.051705308 -0.212019667 0.045241561 -0.047108151 0.011405570 0.997799575
1341846337.786157 -0.155497462 0.059899591 -0.200222984 0.042745829 -0.044117995 0.011181148 0.998048782
1341846337.817945 -0.143735304 0.051441636 -0.196858734 0.039822772 -0.042753432 0.013199374 0.998204470
1341846337.854071 -0.143316329 0.057091240 -0.197216958 0.038755655 -0.039421178 0.012869539 0.998387933
1341846337.885951 -0.146606594 0.061074704 -0.208739907 0.035734981 -0.036253300 0.010771957 0.998645484
1341846337.918223 -0.146637052 0.062823765 -0.199121356 0.031736393 -0.035054035 0.007782172 0.998851120
1341846337.954120 -0.145859122 0.058915939 -0.190461367 0.029269719 -0.033625141 0.007227349 0.998979688
1341846337.985994 -0.144023836 0.066504002 -0.184619457 0.026891652 -0.032844584 0.007698333 0.999068975
1341846338.018107 -0.138081923 0.060489930 -0.165009588 0.022902990 -0.032125242 0.009308885 0.999178052
1341846338.054055 -0.131465286 0.066657975 -0.161252558 0.020956341 -0.030959211 0.008425697 0.999265432
1341846338.085986 -0.132322505 0.062565796 -0.152864426 0.017229442 -0.027743982 0.008145655 0.999433398
1341846338.121875 -0.134137362 0.057460964 -0.138943776 0.015164810 -0.025320750 0.009918530 0.999515116
1341846338.154089 -0.137941808 0.057674125 -0.136828706 0.014297398 -0.024523176 0.013140573 0.999510646
1341846338.186029 -0.134721935 0.058563940 -0.125333846 0.013211439 -0.025160218 0.015608865 0.999474227
1341846338.222071 -0.128432453 0.065922037 -0.113707229 0.012680441 -0.024287995 0.015063912 0.999511123
1341846338.254107 -0.129752904 0.057814602 -0.102276415 0.010380195 -0.022470256 0.015703917 0.999570310
1341846338.290130 -0.127197534 0.060244676 -0.098063476 0.010707465 -0.022484552 0.017524274 0.999536216
1341846338.321952 -0.124953382 0.065380611 -0.090203844 0.010973349 -0.021757638 0.019671116 0.999509513
1341846338.354022 -0.122353330 0.063535005 -0.076846421 0.010394719 -0.021272141 0.019724960 0.999525070
1341846338.389969 -0.123352654 0.069566652 -0.073312804 0.010302832 -0.020258609 0.020113977 0.999539316
1341846338.422377 -0.125364721 0.066887662 -0.061636977 0.008191633 -0.019380139 0.019807702 0.999582410
1341846338.454010 -0.123278007 0.069572479 -0.052076947 0.007276559 -0.019929744 0.019009350 0.999594152
1341846338.489894 -0.121986710 0.065537445 -0.042319268 0.005316607 -0.020551506 0.019585032 0.999582827
1341846338.522066 -0.115946144 0.064745106 -0.025485203 0.006125272 -0.020826422 0.019552330 0.999573171
1341846338.558058 -0.117747381 0.072182111 -0.021786651 0.005922578 -0.020426206 0.018593768 0.999600887
1341846338.589842 -0.112281770 0.067531146 -0.006915072 0.003449108 -0.021125047 0.018593773 0.999598026
1341846338.622019 -0.107909635 0.065269805 0.001938630 0.003854231 -0.020417964 0.019811414 0.999587834
1341846338.657984 -0.112445816 0.073556185 0.003723549 0.004921663 -0.019999048 0.021561356 0.999555409
1341846338.690198 -0.107024029 0.075196452 0.016915914 0.002804220 -0.021273855 0.020935440 0.999550581
1341846338.722454 -0.100419700 0.071019381 0.038964599 0.002046454 -0.020809561 0.021415463 0.999552071
1341846338.757945 -0.107383095 0.077656917 0.032561757 0.002578111 -0.019710019 0.022437690 0.999550641
1341846338.790039 -0.102069676 0.077622950 0.041993570 0.000441185 -0.022226769 0.023426797 0.999478340
1341846338.826048 -0.093649834 0.072516017 0.057353877 0.000391198 -0.021875300 0.021819700 0.999522507
1341846338.858027 -0.102190852 0.078839339 0.060071968 0.000642596 -0.019388484 0.020793671 0.999595582
1341846338.889902 -0.096009582 0.079068817 0.071430683 -0.002093558 -0.020860402 0.020434527 0.999571383
1341846338.925948 -0.089967832 0.076051749 0.086434424 -0.002794207 -0.020592317 0.018812984 0.999607086
1341846338.958108 -0.088862091 0.077299215 0.096901372 -0.002441448 -0.018655151 0.018029606 0.999660432
1341846338.990057 -0.086669229 0.074333631 0.100994863 -0.002525995 -0.018705295 0.018893067 0.999643385
1341846339.025928 -0.079603642 0.072931789 0.123831868 -0.000407146 -0.018306306 0.019473212 0.999642730
1341846339.057939 -0.079844847 0.080299407 0.126712337 0.002935946 -0.015456097 0.018728690 0.999700844
1341846339.093927 -0.085182436 0.086793751 0.131533831 0.002051239 -0.015538993 0.020104786 0.999675035
1341846339.126562 -0.076971672 0.089795381 0.142536178 -0.000955062 -0.017207449 0.019164871 0.999667823
1341846339.157969 -0.066013835 0.090965979 0.167117119 -0.003281417 -0.015437562 0.018102096 0.999711633
1341846339.194113 -0.076277532 0.090164728 0.155993029 -0.005534439 -0.013381780 0.018295933 0.999727845
1341846339.228165 -0.078350015 0.095456615 0.160250321 -0.008514829 -0.014854106 0.020020045 0.999652982
1341846339.257998 -0.063205853 0.094030723 0.193794742 -0.011379991 -0.015653210 0.020682907 0.999598742
1341846339.294132 -0.067927323 0.097735003 0.183113664 -0.010838244 -0.012456783 0.021319337 0.999636412
1341846339.326577 -0.071392514 0.102371261 0.183345228 -0.015361941 -0.014081606 0.025695158 0.999452591
1341846339.362269 -0.060928416 0.098269254 0.204020783 -0.019681595 -0.017238729 0.023515999 0.999381065
1341846339.394725 -0.052664265 0.094528310 0.216620073 -0.021198148 -0.015759196 0.023407944 0.999376953
1341846339.462186 -0.046604428 0.096388765 0.247941926 -0.024445076 -0.017322054 0.023180664 0.999282241
1341846339.496743 -0.039558128 0.096776709 0.258734375 -0.021400275 -0.013571488 0.020843616 0.999461591
1341846339.562052 -0.041068651 0.091406502 0.272613734 -0.021027567 -0.010348496 0.023095740 0.999458551
1341846339.595122 -0.041469738 0.098117679 0.278880686 -0.017771341 -0.009545315 0.022595286 0.999541163
1341846339.632085 -0.043477781 0.103072941 0.292310387 -0.015980043 -0.005806344 0.020725783 0.999640644
1341846339.664568 -0.040668946 0.100181229 0.299871385 -0.016053382 -0.002927710 0.018098753 0.999703050
1341846339.698896 -0.033411339 0.097918093 0.302658349 -0.016291562 -0.002026602 0.017570509 0.999710917
1341846339.731977 -0.025288543 0.095467903 0.311160505 -0.016433302 -0.002065777 0.015585084 0.999741375
1341846339.762241 -0.026437607 0.097166188 0.326061934 -0.015858853 -0.000473722 0.014720994 0.999765754
1341846339.797873 -0.016288267 0.090437487 0.315630049 -0.016446531 -0.000918154 0.016236020 0.999732494
1341846339.830245 -0.013376993 0.089230649 0.319310308 -0.016875273 -0.001279162 0.016351819 0.999723077
1341846339.862015 -0.010230839 0.091074422 0.327873558 -0.017252501 -0.001694761 0.016795039 0.999708712
1341846339.897797 -0.005004152 0.088614516 0.328515440 -0.018868525 -0.000644026 0.015042895 0.999708652
1341846339.929916 -0.008459953 0.084626317 0.334183604 -0.019553015 0.001238454 0.016307082 0.999675095
1341846339.961960 -0.003363715 0.082407229 0.342238516 -0.018380802 0.000360306 0.017284852 0.999681652
1341846339.997845 0.002749209 0.082577623 0.340002239 -0.017169623 0.001171949 0.017048385 0.999706626
1341846340.029925 0.005616485 0.081958286 0.355989367 -0.016139157 0.003100749 0.018234501 0.999698699
1341846340.066044 0.008947787 0.081129454 0.360180974 -0.014298132 0.004421310 0.019710727 0.999693692
1341846340.098009 0.008645445 0.084489837 0.365557343 -0.012976256 0.005291090 0.020483244 0.999692023
1341846340.130102 0.007175424 0.087452047 0.382487029 -0.013239599 0.005037862 0.020135200 0.999696970
1341846340.166041 0.013870249 0.081621796 0.384171695 -0.012946403 0.006681656 0.017750723 0.999736369
1341846340.197867 0.011732314 0.086575285 0.389490277 -0.011266418 0.009421673 0.018672168 0.999717891
1341846340.229904 0.011285456 0.090979345 0.399196208 -0.011825215 0.009774122 0.018208101 0.999716520
1341846340.265859 0.014938726 0.083981343 0.406209022 -0.013356979 0.010605743 0.016812721 0.999713182
1341846340.298061 0.015196173 0.085022353 0.417713255 -0.011012799 0.013070654 0.017553827 0.999699831
1341846340.334063 0.016061954 0.093697980 0.418183744 -0.011138994 0.012133627 0.020006677 0.999664187
1341846340.366064 0.019852154 0.084765762 0.428198874 -0.013766862 0.010066563 0.018183677 0.999689221
1341846340.397995 0.024620162 0.083672918 0.427422315 -0.011983029 0.010554749 0.017254358 0.999723613
1341846340.433895 0.025950147 0.087317504 0.434298217 -0.010946703 0.010176672 0.018359171 0.999719799
1341846340.465959 0.023724716 0.085790470 0.442144394 -0.010612878 0.008267156 0.020556169 0.999698222
1341846340.501858 0.038226489 0.085793927 0.439979464 -0.009254872 0.003435165 0.021567021 0.999718666
1341846340.534329 0.047230855 0.089432068 0.444255739 -0.008605111 0.001209468 0.022485150 0.999709427
1341846340.566041 0.051378056 0.086069204 0.456053734 -0.007767699 -0.000014572 0.023195624 0.999700785
1341846340.601909 0.054251477 0.085102953 0.448030144 -0.005268710 -0.000619050 0.024056474 0.999696553
1341846340.634005 0.055980731 0.088527948 0.444585830 -0.004170517 -0.001033625 0.022191558 0.999744534
1341846340.666028 0.061837014 0.083863616 0.432480872 -0.004984891 -0.000901047 0.020318666 0.999780774
1341846340.701946 0.065812401 0.082038954 0.436311752 -0.003240137 0.000072724 0.017669857 0.999838650
1341846340.733954 0.066374935 0.089043900 0.434245229 -0.001401873 0.002058655 0.015973799 0.999869347
1341846340.770081 0.064822353 0.089531727 0.432721078 -0.002216689 0.002771166 0.013336621 0.999904811
1341846340.801980 0.073285609 0.087390922 0.436387181 -0.002308819 0.002969002 0.008590152 0.999956071
1341846340.833999 0.075005531 0.092137858 0.435319513 -0.001994885 0.004971220 0.005167021 0.999972284
1341846340.870013 0.071757548 0.091925554 0.440529168 -0.003189150 0.005094958 0.003405708 0.999976158
1341846340.901955 0.074966311 0.087663077 0.436226875 -0.002723072 0.004633251 0.002872484 0.999981523
1341846340.933918 0.073102690 0.087098248 0.438439220 -0.000966458 0.004483670 0.004902709 0.999977469
1341846340.970122 0.070491560 0.089192577 0.437805176 0.000788542 0.001810316 0.009402834 0.999953866
1341846341.001922 0.069980241 0.084585205 0.428472131 0.001537636 -0.001897194 0.014347155 0.999894142
1341846341.037923 0.069722049 0.087799802 0.422572911 0.002992736 -0.004445287 0.016817642 0.999844253
1341846341.070300 0.072623469 0.085677251 0.419898719 0.003259877 -0.005917873 0.018013181 0.999814928
1341846341.102028 0.070751145 0.084587663 0.417933434 0.003202455 -0.006909756 0.017998420 0.999809086
1341846341.137982 0.071138188 0.082670726 0.412283212 0.002933523 -0.008743534 0.017720787 0.999800503
1341846341.170048 0.071149580 0.078885809 0.398314059 0.002891699 -0.009068654 0.018244378 0.999788225
1341846341.202110 0.069601983 0.078430273 0.398009300 0.004381664 -0.009018374 0.018954031 0.999770105
1341846341.237996 0.069306314 0.080186926 0.399488330 0.006455909 -0.008689877 0.019844288 0.999744475
1341846341.269883 0.069859073 0.079568006 0.398651034 0.007261243 -0.008395228 0.020980434 0.999718308
1341846341.306107 0.065241165 0.080085590 0.395667881 0.008106297 -0.008702178 0.019660866 0.999735951
1341846341.338109 0.069723047 0.082083136 0.391416460 0.008942995 -0.008812405 0.018738789 0.999745607
1341846341.370120 0.069437705 0.078869246 0.387524545 0.009188822 -0.007173426 0.015615960 0.999810100
1341846341.406074 0.067290626 0.079507209 0.393343151 0.009308537 -0.006669484 0.015425136 0.999815464
1341846341.438113 0.065671466 0.077743612 0.392377108 0.010496522 -0.008705107 0.015309164 0.999789834
1341846341.470024 0.066960670 0.076775253 0.390302569 0.013341259 -0.008677652 0.013318869 0.999784708
1341846341.506077 0.063919283 0.081567392 0.364867628 0.013153711 -0.007957629 0.012543862 0.999803126
1341846341.538156 0.063464098 0.080298863 0.390125960 0.012707415 -0.009682145 0.013977586 0.999774694
1341846341.574016 0.066759326 0.080785513 0.386805713 0.013457179 -0.012092837 0.014054989 0.999737561
1341846341.612466 0.068026423 0.083847612 0.381054491 0.014303041 -0.012836281 0.015147222 0.999700546
1341846341.643972 0.066963010 0.084291823 0.379990697 0.013390191 -0.014178142 0.013705515 0.999715865
1341846341.679982 0.064470902 0.082661130 0.385951012 0.013089131 -0.015325138 0.014484121 0.999691963
1341846341.712332 0.059854433 0.083434187 0.384083420 0.013914807 -0.016966274 0.016838141 0.999617457
1341846341.744185 0.063760087 0.082861342 0.384481370 0.014321385 -0.019384647 0.018996634 0.999529064
1341846341.780061 0.064410098 0.085184939 0.376890928 0.014904437 -0.019961752 0.020364037 0.999482274
1341846341.842595 0.066769026 0.082127020 0.381173044 0.016957523 -0.021034911 0.025750808 0.999303222
1341846341.906227 0.068078823 0.078092545 0.375140339 0.019858964 -0.021789547 0.030748583 0.999092281
1341846341.942069 0.068676002 0.071055956 0.372064173 0.022590166 -0.021910693 0.032584522 0.998973429
1341846341.974775 0.068698481 0.072794214 0.361004829 0.025993235 -0.021972660 0.033892177 0.998845816
1341846342.010161 0.063222162 0.075149067 0.364879429 0.027164612 -0.022905800 0.036024168 0.998719037
1341846342.042024 0.071296573 0.068925768 0.375685394 0.028380485 -0.024115568 0.035989903 0.998658001
1341846342.080032 0.069691099 0.072742671 0.364190221 0.030979102 -0.021637276 0.035780977 0.998645067
1341846342.112265 0.064442784 0.069116145 0.365072578 0.030940583 -0.020510500 0.037803475 0.998595536
1341846342.147954 0.066743731 0.066009894 0.371093124 0.033100456 -0.021977032 0.039765958 0.998418808
1341846342.179852 0.071397513 0.066303536 0.364862949 0.035920128 -0.021724382 0.041351233 0.998262465
1341846342.211848 0.070068099 0.069104701 0.365208775 0.036872156 -0.021303026 0.041422810 0.998233914
1341846342.247920 0.073123522 0.063863970 0.363552183 0.037391968 -0.021204481 0.040286936 0.998263121
1341846342.279870 0.074500211 0.063486084 0.349731773 0.038636845 -0.020846186 0.040556721 0.998212278
1341846342.316068 0.075081386 0.064354643 0.357780933 0.040119857 -0.020879539 0.041833542 0.998100400
1341846342.347894 0.077771865 0.062074315 0.342549294 0.040022451 -0.021006005 0.041452307 0.998117626
1341846342.379953 0.077668518 0.061530937 0.345892191 0.040150702 -0.020335576 0.041395407 0.998128712
1341846342.416195 0.077800535 0.063234717 0.349511862 0.040957116 -0.020345062 0.043754019 0.997995138
