1341846226.817920 0.000000000 0.000000000 0.000000000 -0.000000000 -0.000000000 -0.000000000 1.000000000
1341846226.850323 0.008399406 -0.002210750 -0.000306923 0.000459885 -0.001130066 -0.001753750 0.999997735
1341846226.881894 0.006492005 -0.000303580 -0.002303046 0.001207949 0.000472337 -0.003087776 0.999994397
1341846226.917980 -0.011314119 -0.000709150 0.003490058 0.000540589 0.001657949 -0.003947704 0.999990761
1341846226.950000 0.001191707 -0.002233571 0.001366831 0.001239511 -0.002353874 -0.001989942 0.999994516
1341846226.985981 0.009779749 0.002121260 -0.001344950 0.003799323 -0.004219321 -0.001545340 0.999982715
1341846227.017919 0.011223160 0.005551138 -0.004082870 0.003750432 -0.004986681 -0.002065232 0.999978483
1341846227.050040 0.008055408 -0.002844125 -0.000889381 0.002266676 -0.004893627 -0.004225728 0.999976516
1341846227.085982 0.002241914 -0.002207180 0.000541602 0.003095214 -0.003831619 -0.004934907 0.999975741
1341846227.118052 0.008293206 -0.003188439 0.001927945 0.003449934 -0.004405730 -0.004743151 0.999973118
1341846227.149935 0.005732308 0.000550704 0.002503411 0.004399844 -0.004798341 -0.004396260 0.999969184
1341846227.186053 0.008669375 0.000124395 -0.004252468 0.004157327 -0.005772362 -0.005697386 0.999958456
1341846227.218443 0.001753393 -0.003642572 0.002445828 0.002569572 -0.005518123 -0.007611917 0.999952495
1341846227.253944 0.013436673 -0.007040272 0.000780467 0.003117524 -0.006563837 -0.008488373 0.999937594
1341846227.285981 0.010123020 -0.001553075 -0.007691556 0.005551132 -0.006662438 -0.010088773 0.999911487
1341846227.320064 0.001476964 -0.000370822 -0.004112807 0.005947315 -0.007606946 -0.011685105 0.999885142
1341846227.353969 0.006043349 -0.000142723 0.002693938 0.006077348 -0.009698599 -0.012566198 0.999855638
1341846227.385846 0.005813885 -0.000425224 -0.005822457 0.005295924 -0.011687016 -0.014653272 0.999810278
1341846227.418015 -0.010610099 0.000348145 -0.002686574 0.003778573 -0.012961343 -0.018193096 0.999743342
1341846227.453997 -0.010922122 0.002811927 0.005788961 0.002934949 -0.015633687 -0.021534048 0.999641597
1341846227.485981 0.005605973 -0.000230533 0.001929733 0.001780185 -0.018964259 -0.022368262 0.999568403
1341846227.521976 -0.001592610 0.001394574 0.007709902 0.002186963 -0.019589376 -0.024248568 0.999511659
1341846227.553980 -0.002775919 -0.004976948 0.006850558 0.002952202 -0.021726318 -0.026262682 0.999414623
1341846227.586047 0.004072798 -0.000294583 0.006466074 0.005160206 -0.023252880 -0.028597889 0.999307215
1341846227.622081 0.012186823 -0.002004186 -0.003672506 0.004500981 -0.023825640 -0.028531095 0.999298811
1341846227.653945 0.005714419 -0.006959340 -0.003732221 0.003800198 -0.023690419 -0.029545639 0.999275446
1341846227.686038 0.021718239 -0.021465098 -0.008262207 0.005039098 -0.026257198 -0.027153213 0.999273658
1341846227.721966 0.025550602 -0.015581497 -0.006240528 0.008182135 -0.024623163 -0.029035768 0.999241531
1341846227.754130 0.023707734 -0.013138491 0.006235771 0.009303811 -0.021397024 -0.030759871 0.999254465
1341846227.789951 0.024917150 -0.011883955 0.004106961 0.010946609 -0.019652028 -0.028902439 0.999329090
1341846227.821920 0.026943760 -0.008996635 0.000978759 0.011675398 -0.018045254 -0.028519375 0.999362171
1341846227.854275 0.028332572 -0.015891537 -0.005028259 0.010962725 -0.016524872 -0.029719334 0.999361575
1341846227.889935 0.026642043 -0.009928451 0.003598076 0.012264050 -0.014372895 -0.027852867 0.999433517
1341846227.921967 0.027763374 -0.013036346 0.005337387 0.011808072 -0.013425365 -0.026660444 0.999484658
1341846227.958123 0.038593192 -0.009869672 0.006563711 0.012440708 -0.013572313 -0.026636377 0.999475658
1341846227.989985 0.035521418 -0.010338661 0.006105246 0.011418020 -0.010766171 -0.028564565 0.999468803
1341846228.021937 0.028414961 -0.018535256 0.010181567 0.010442859 -0.009110442 -0.028618935 0.999494314
1341846228.058222 0.031151071 -0.020099262 0.008349690 0.012788039 -0.009504499 -0.026869416 0.999511957
1341846228.090097 0.038801771 -0.007282584 0.008320222 0.014194096 -0.009117479 -0.027049487 0.999491751
1341846228.121845 0.042520531 -0.005512627 0.007677307 0.011039846 -0.007668555 -0.025072642 0.999595284
1341846228.157875 0.039140500 -0.007839906 0.004109399 0.008588458 -0.007359738 -0.022496533 0.999682963
1341846228.189872 0.042656552 -0.006276852 0.003810840 0.006327219 -0.008569122 -0.020298706 0.999737263
1341846228.225994 0.036947805 -0.012786767 0.013756342 0.003878103 -0.007844716 -0.022100072 0.999717474
1341846228.258336 0.034534976 -0.016760383 0.012697130 0.003923522 -0.008012798 -0.021943823 0.999719441
1341846228.289941 0.039245714 -0.016778298 0.015905635 0.004599881 -0.008986638 -0.020850861 0.999731660
1341846228.326018 0.045456715 -0.016537944 0.013471020 0.005040712 -0.009212228 -0.020966582 0.999725044
1341846228.358243 0.046305668 -0.012581924 0.017198592 0.006123152 -0.007450942 -0.020796807 0.999737263
1341846228.389779 0.038782459 -0.005506090 0.014812917 0.006715155 -0.006356796 -0.019759959 0.999761999
1341846228.426073 0.044969149 -0.011281651 0.014076715 0.006252006 -0.006099792 -0.020788509 0.999745786
1341846228.493915 0.037203040 -0.006070410 0.014607169 0.007529606 -0.003030302 -0.018997544 0.999786615
1341846228.525907 0.035925724 -0.012012780 0.008348446 0.005843054 -0.003533796 -0.018616600 0.999803424
1341846228.558208 0.038903806 -0.011577062 0.012518803 0.006108199 -0.003572536 -0.017937815 0.999814093
1341846228.593899 0.046563480 -0.010441381 0.002526971 0.005991446 -0.004364593 -0.016178941 0.999841630
1341846228.626021 0.046102244 -0.016999571 0.006189640 0.004800595 -0.005991930 -0.015023727 0.999857724
1341846228.658069 0.049979471 -0.015886409 0.005215860 0.003899489 -0.007672560 -0.014246413 0.999861538
1341846228.693942 0.040118136 -0.012196156 0.004886821 0.004272502 -0.004665661 -0.016031047 0.999851525
1341846228.726069 0.041587967 -0.013228309 0.005671318 0.003575547 -0.003796394 -0.016332233 0.999853015
1341846228.762090 0.036652785 -0.021700386 -0.001545387 0.002297069 -0.003040160 -0.014536334 0.999887109
1341846228.794000 0.038352229 -0.019328592 0.004472164 0.003693152 -0.003952597 -0.012814181 0.999903321
1341846228.825934 0.039776158 -0.017385455 -0.001144233 0.004635021 -0.003746564 -0.011435422 0.999916911
1341846228.862015 0.037714519 -0.016377291 0.001008652 0.004912522 -0.002975337 -0.011270432 0.999920011
1341846228.893856 0.047626715 -0.015374124 -0.006059202 0.005528449 -0.006153259 -0.008914578 0.999926090
1341846228.926548 0.050284125 -0.018175021 -0.004296778 0.005393292 -0.005857609 -0.011392069 0.999903440
1341846228.961940 0.045047164 -0.012476222 0.005288203 0.005563763 -0.004592053 -0.010759592 0.999916077
1341846228.994040 0.040619656 -0.016421271 0.006385512 0.004332602 -0.003526175 -0.011546109 0.999917746
1341846229.029897 0.043844070 -0.021009166 0.005629994 0.003571614 -0.004725413 -0.010087623 0.999931574
1341846229.061870 0.046233434 -0.020601349 0.006787917 0.005005376 -0.004525494 -0.009256667 0.999934375
1341846229.094829 0.042819206 -0.016097656 -0.001754487 0.005425907 -0.003682392 -0.008865465 0.999939203
1341846229.129930 0.043388005 -0.018617375 -0.007732590 0.004069127 -0.002893775 -0.007136479 0.999962091
1341846229.161882 0.042969048 -0.013505670 0.012261785 0.005131914 -0.002803822 -0.007439923 0.999955237
1341846229.197882 0.038221136 -0.012256152 0.004690594 0.005475806 -0.002008973 -0.007935313 0.999951482
1341846229.229812 0.044557817 -0.014091872 0.001778809 0.006747779 -0.003534375 -0.006411205 0.999950409
1341846229.261994 0.041587938 -0.017979855 0.004642439 0.006877331 -0.003405211 -0.007549333 0.999942064
1341846229.297920 0.043662958 -0.015221987 -0.002892733 0.007514344 -0.003946547 -0.008404687 0.999928713
1341846229.329933 0.046051789 -0.009255779 0.005588735 0.008598455 -0.004984263 -0.008421748 0.999915183
1341846229.361996 0.047021784 -0.018703623 0.001067758 0.006861454 -0.005691085 -0.009468215 0.999915481
1341846229.398029 0.045841519 -0.021839093 0.008297701 0.009102177 -0.005523989 -0.008116195 0.999910414
1341846229.430182 0.042262565 -0.021239042 0.006629793 0.011846161 -0.004870460 -0.008386345 0.999882817
1341846229.471963 0.042790521 -0.016116735 0.003816775 0.013415618 -0.005258180 -0.008282741 0.999861896
1341846229.530149 0.044486757 -0.016264750 0.004666120 0.015211355 -0.004655548 -0.005931236 0.999855876
1341846229.566064 0.045966186 -0.020989873 0.006566827 0.014871998 -0.004813156 -0.003639908 0.999871194
1341846229.630063 0.044042245 -0.026851755 0.005348562 0.017034361 -0.001996553 -0.001978675 0.999850988
1341846229.665946 0.042786486 -0.020064358 0.001382318 0.017161891 -0.001835683 -0.000207781 0.999851048
1341846229.698150 0.047508601 -0.031995837 0.001009669 0.016374541 -0.002211062 0.000929327 0.999863088
1341846229.733828 0.051442135 -0.033558704 0.007310818 0.019691531 -0.000897277 0.001907669 0.999803901
1341846229.765937 0.056003019 -0.023522638 -0.004237516 0.021353932 0.000041010 0.002382636 0.999769151
1341846229.798002 0.047766257 -0.017067796 -0.007662734 0.020203790 0.000803412 0.001724480 0.999794066
1341846229.833857 0.050200228 -0.027669517 -0.000330594 0.018826844 0.001125020 0.001285302 0.999821365
1341846229.865928 0.049756609 -0.029858364 0.001879044 0.020195775 0.002128663 0.000556928 0.999793649
1341846229.897926 0.049021836 -0.017286740 -0.004869923 0.021460935 0.002235132 -0.000057731 0.999767184
1341846229.939857 0.048913255 -0.017228328 -0.004660330 0.019370988 0.002522391 -0.001629946 0.999807835
1341846230.002061 0.045824163 -0.016340807 -0.008145469 0.016668197 0.004061023 -0.003138904 0.999847949
1341846230.033858 0.043037280 -0.016482200 -0.007307255 0.013893448 0.003989728 -0.002636329 0.999892056
1341846230.065938 0.042239103 -0.022401270 0.000235561 0.012952262 0.004766017 -0.002564634 0.999901474
1341846230.103878 0.049143478 -0.024859449 -0.008301272 0.012257039 0.004835471 -0.001504730 0.999912143
1341846230.144719 0.053020868 -0.020404937 -0.010586745 0.012002223 0.004483276 -0.001208016 0.999917269
1341846230.172747 0.055142362 -0.024369644 -0.004354349 0.011262451 0.004478682 0.000849494 0.999926209
1341846230.208544 0.044915821 -0.014687842 0.005839440 0.013637641 0.006309616 0.001610353 0.999885798
1341846230.271971 0.049759772 -0.015277708 0.013915735 0.012443036 0.005606531 0.001158681 0.999906242
1341846230.334051 0.052705348 -0.021368692 0.010900728 0.015860094 0.005892304 0.002900912 0.999852717
1341846230.370031 0.052682236 -0.027921252 0.000177008 0.016817998 0.006942992 0.002812842 0.999830544
1341846230.401932 0.053782340 -0.024697678 0.000693363 0.019374441 0.007421307 0.002100049 0.999782562
1341846230.437965 0.052382052 -0.020434266 -0.005588298 0.021602478 0.008338544 0.000983125 0.999731362
1341846230.469920 0.042549133 -0.016389638 0.001826658 0.023537615 0.009945199 -0.000804107 0.999673247
1341846230.501933 0.046395428 -0.012704850 -0.001508445 0.023786815 0.009779084 -0.002278477 0.999666631
1341846230.537834 0.042038109 -0.015156548 0.005757685 0.022785561 0.009930160 -0.001885480 0.999689341
1341846230.569803 0.049243342 -0.023170393 0.002921690 0.023229651 0.008396182 -0.000615091 0.999694705
1341846230.601945 0.048427615 -0.023697672 -0.003901411 0.024805898 0.007880700 -0.000779641 0.999660969
1341846230.637789 0.044069506 -0.023748066 -0.002295651 0.026152706 0.007910852 -0.000961337 0.999626219
1341846230.670057 0.052985221 -0.013583330 -0.002921676 0.027054906 0.005984210 -0.000104241 0.999616027
1341846230.705937 0.054157991 -0.017278513 0.002035274 0.025410274 0.005240575 -0.001824940 0.999661744
1341846230.737932 0.051518098 -0.015106368 0.011003759 0.026922027 0.005142069 -0.000832871 0.999624014
1341846230.769960 0.044707768 -0.020366270 0.007180023 0.027268512 0.006087373 -0.001015012 0.999609113
1341846230.805852 0.051502902 -0.018352993 0.000039602 0.027787123 0.004675716 -0.001010196 0.999602437
1341846230.837804 0.054098338 -0.019010060 0.002628996 0.027925182 0.004001962 -0.001899561 0.999600232
1341846230.869829 0.052365348 -0.018129192 0.009061061 0.028914237 0.004453257 -0.001524011 0.999570847
1341846230.905851 0.049563292 -0.013727766 0.008259086 0.030037291 0.004430016 -0.000540090 0.999538839
1341846230.937917 0.045220505 -0.016605387 0.004743485 0.029322548 0.004186056 -0.001986135 0.999559343
1341846230.973933 0.051246673 -0.016642595 0.006565488 0.030220477 0.002933775 -0.001365464 0.999538064
1341846231.006047 0.053713381 -0.025999635 -0.003678994 0.029793110 0.002594680 -0.000324945 0.999552727
1341846231.037936 0.050867468 -0.018000845 -0.002918185 0.030850453 0.002283365 -0.001233644 0.999520659
1341846231.074310 0.049543079 -0.019011706 -0.006368875 0.030422509 0.001970631 -0.002745450 0.999531448
1341846231.106085 0.053168043 -0.024856148 -0.005458238 0.031109756 0.000726742 -0.000708211 0.999515474
1341846231.138083 0.048466481 -0.021297149 -0.007787351 0.032396328 0.000852329 -0.000953508 0.999474347
1341846231.174011 0.051491771 -0.021430045 -0.007111106 0.032569278 0.000119621 -0.000943248 0.999469042
1341846231.205909 0.054438613 -0.025420835 -0.002649190 0.032950096 -0.000367320 -0.001230138 0.999456167
1341846231.241869 0.054626811 -0.021959949 -0.005869410 0.034564219 -0.000114070 -0.001576238 0.999401271
1341846231.273832 0.052802134 -0.020238267 -0.004520495 0.034902196 -0.000186145 -0.002580460 0.999387383
1341846231.305846 0.052782238 -0.022190012 -0.002558522 0.035823435 -0.000398466 -0.001418023 0.999357045
1341846231.341923 0.048108872 -0.018082578 -0.005926970 0.036021296 -0.000280923 -0.001419699 0.999350011
1341846231.410022 0.053499933 -0.023473801 -0.005676969 0.033117790 -0.001457732 -0.001654824 0.999449015
1341846231.442103 0.051951379 -0.023611259 -0.002378368 0.033110626 -0.001571380 -0.001062744 0.999449909
1341846231.484245 0.055548962 -0.021819808 -0.005330314 0.033332895 -0.003097662 0.000222006 0.999439478
1341846231.516816 0.054224070 -0.022223530 0.000492593 0.032298021 -0.002965152 -0.000527563 0.999473751
1341846231.547853 0.058341086 -0.012370355 -0.005006832 0.031679872 -0.002076341 -0.002515387 0.999492764
1341846231.583898 0.056113124 -0.015752589 -0.006975088 0.027872475 -0.000041898 -0.004623771 0.999600828
1341846231.615993 0.057817776 -0.019373830 -0.002446129 0.026211448 0.001544081 -0.007774775 0.999625027
1341846231.648015 0.047192447 -0.034998648 -0.009332421 0.025239626 0.002957700 -0.010248994 0.999624550
1341846231.683822 0.049518079 -0.038332079 -0.012995693 0.029944710 0.001150594 -0.011022115 0.999490142
1341846231.716153 0.055137720 -0.035678055 0.001536289 0.037200384 -0.000930713 -0.009114120 0.999265850
1341846231.747846 0.065242290 -0.020782813 -0.003595394 0.043252878 -0.004031514 -0.009578847 0.999010146
1341846231.783993 0.055730421 -0.026412021 -0.003135338 0.042755343 -0.003428017 -0.010100445 0.999028623
1341846231.817027 0.057317976 -0.028419415 0.000157650 0.042088065 -0.003443626 -0.010180073 0.999056101
1341846231.852317 0.051861912 -0.024937248 -0.005273761 0.041840006 -0.003315848 -0.010380896 0.999064922
1341846231.909867 0.050225988 -0.030949250 -0.003644428 0.037384000 -0.005525013 -0.007871781 0.999254763
1341846231.945837 0.043910477 -0.026101276 -0.006921372 0.037966322 -0.005431265 -0.008157452 0.999230981
1341846231.978027 0.047710519 -0.022345614 -0.003707984 0.038449377 -0.006214824 -0.008798777 0.999202549
1341846232.009966 0.042612780 -0.020160105 0.001789979 0.037263934 -0.005663775 -0.008523531 0.999253154
1341846232.045845 0.052648276 -0.025919743 -0.002107129 0.035999890 -0.008570769 -0.005896483 0.999297678
1341846232.077961 0.054227237 -0.025990697 -0.000616140 0.036455050 -0.009989522 -0.005002534 0.999272883
1341846232.109864 0.055410482 -0.026716752 0.000154747 0.036180593 -0.010354013 -0.006046325 0.999273360
1341846232.145999 0.040909696 -0.022639092 -0.005516251 0.036252275 -0.008379778 -0.007939106 0.999275982
1341846232.178314 0.040764496 -0.020923963 -0.007496241 0.036191046 -0.008336066 -0.007764367 0.999279976
1341846232.215951 0.058237419 -0.027869966 -0.002832923 0.035869803 -0.010264738 -0.006465175 0.999282837
1341846232.252037 0.055500284 -0.028465999 -0.006847440 0.037244134 -0.010018914 -0.004598952 0.999245405
1341846232.283944 0.056035377 -0.026367167 -0.005191813 0.037654281 -0.010137373 -0.003476450 0.999233365
1341846232.319867 0.057139531 -0.026902229 -0.006103005 0.037539836 -0.010109654 -0.002460732 0.999240994
1341846232.351854 0.052506182 -0.030669244 -0.012759893 0.034846116 -0.009432460 -0.003548145 0.999341905
1341846232.383877 0.052143451 -0.018020866 0.004636968 0.034721095 -0.008543230 -0.006062229 0.999342144
1341846232.419782 0.043662544 -0.025306655 0.006246579 0.032751009 -0.008358033 -0.008360504 0.999393642
1341846232.451780 0.053429071 -0.023951257 0.008167086 0.034261104 -0.009864327 -0.008337102 0.999329507
1341846232.484170 0.040866014 -0.029296938 0.007272042 0.034365207 -0.007879574 -0.008198491 0.999344707
1341846232.519889 0.054347198 -0.025958356 0.001733817 0.036000017 -0.010233114 -0.007632256 0.999270260
1341846232.551877 0.053972572 -0.028959922 -0.000615252 0.035911765 -0.010491751 -0.007853415 0.999269009
1341846232.583846 0.057669573 -0.026977532 0.004213114 0.037664596 -0.010298357 -0.007399290 0.999210000
1341846232.619798 0.050305266 -0.030044466 -0.001434314 0.039011210 -0.008912921 -0.006391292 0.999178648
1341846232.651799 0.054276124 -0.017193338 0.006987827 0.042151883 -0.008787245 -0.006368271 0.999052346
1341846232.688092 0.054581445 -0.021572545 0.001986473 0.043001425 -0.008723201 -0.006211779 0.999017656
1341846232.719804 0.054516107 -0.019505382 0.005737980 0.045433789 -0.007823360 -0.007633972 0.998907626
1341846232.751767 0.057150081 -0.013323661 0.013040772 0.048467256 -0.006789207 -0.008211814 0.998767972
1341846232.787894 0.057177931 -0.016769774 0.011289404 0.049657211 -0.006243630 -0.009713272 0.998699605
1341846232.819886 0.059235439 -0.017955590 0.009294167 0.051502407 -0.005379838 -0.009391476 0.998614252
1341846232.855850 0.057164822 -0.019159209 0.002775610 0.053502142 -0.004815425 -0.010224998 0.998503745
1341846232.887989 0.062739789 -0.017460871 0.003256324 0.054936662 -0.004661925 -0.010379302 0.998425007
1341846232.919822 0.062406711 -0.022090673 0.006892378 0.054755785 -0.004003974 -0.012116875 0.998418212
1341846232.955993 0.065906323 -0.022979092 0.006323667 0.055547610 -0.004375464 -0.011422496 0.998381138
1341846232.987965 0.067317806 -0.019709658 0.007413343 0.055565551 -0.004020309 -0.011150055 0.998384714
1341846233.023868 0.069303706 -0.021047706 0.005412805 0.053894047 -0.002444763 -0.010777197 0.998485565
1341846233.055880 0.062039144 -0.021647809 0.009577817 0.052658297 0.000104009 -0.011891493 0.998541772
1341846233.087872 0.057691682 -0.023660578 0.010131260 0.051738638 0.000845889 -0.012798100 0.998578370
1341846233.124060 0.056666601 -0.029510643 0.009675795 0.051520523 0.000192302 -0.013599525 0.998579383
1341846233.155902 0.048132852 -0.032584887 0.014973080 0.053701870 0.000238737 -0.015045497 0.998443663
1341846233.218177 0.065473147 -0.022850897 0.009671108 0.058670398 -0.003138874 -0.016099431 0.998142660
1341846233.249926 0.065814659 -0.021983201 0.010416685 0.057331882 -0.003174794 -0.016671147 0.998210907
1341846233.286015 0.061157346 -0.027081063 0.008075228 0.055930000 -0.002043512 -0.019662147 0.998238981
1341846233.317870 0.055885009 -0.027032435 0.014916046 0.056842342 -0.000056966 -0.019578760 0.998191178
1341846233.349815 0.059148960 -0.027985346 0.006048908 0.057216831 -0.000155023 -0.018266719 0.998194635
1341846233.385857 0.059955131 -0.023833405 0.011952730 0.057809878 -0.001105417 -0.017050276 0.998181462
1341846233.417990 0.057416476 -0.023035266 0.010100815 0.057898417 -0.001254544 -0.015752910 0.998197436
1341846233.453822 0.055506621 -0.025899831 0.017445313 0.058402311 -0.001892379 -0.015881112 0.998165011
1341846233.485912 0.056426294 -0.031832371 0.007334301 0.058714963 -0.002561158 -0.018243954 0.998104811
1341846233.517954 0.062839851 -0.027056744 0.003700409 0.059300460 -0.004404917 -0.019343600 0.998043060
1341846233.553882 0.062482279 -0.028457437 0.010777936 0.059089441 -0.005492075 -0.018684488 0.998062789
1341846233.585968 0.052487396 -0.031478859 0.017724376 0.059314247 -0.005314541 -0.019329090 0.998038113
1341846233.621898 0.049167607 -0.027172754 0.025048105 0.061000086 -0.004676774 -0.019705139 0.997932255
1341846233.654396 0.051868394 -0.018778333 0.027109424 0.062000334 -0.004139862 -0.019739231 0.997872353
1341846233.685848 0.049163211 -0.025394322 0.019680841 0.060111508 -0.002724357 -0.021164626 0.997963548
1341846233.721879 0.048115496 -0.033182986 0.006172836 0.058470193 -0.001677297 -0.019768437 0.998091996
1341846233.753961 0.045588247 -0.035715677 0.003115244 0.057646666 -0.000812105 -0.019131742 0.998153389
1341846233.822009 0.054115865 -0.031040912 0.011688361 0.056932364 -0.000849002 -0.017235586 0.998228967
1341846233.853971 0.051381022 -0.026045164 0.018100718 0.056699648 -0.000412477 -0.016435508 0.998255968
1341846233.889920 0.051681589 -0.024694311 0.016324637 0.056247398 -0.000661094 -0.016831158 0.998274803
1341846233.922045 0.051540185 -0.030303378 0.018234668 0.054318495 -0.001360344 -0.017477110 0.998369813
1341846233.953967 0.061090991 -0.032129534 0.013777671 0.053772442 -0.003463603 -0.017418394 0.998395324
1341846233.989945 0.050352838 -0.031490374 0.013115739 0.053530686 -0.003044088 -0.018072767 0.998398066
1341846234.021936 0.051181771 -0.030451095 0.011409082 0.052721538 -0.003770148 -0.017910844 0.998441517
1341846234.053904 0.054031793 -0.031869236 0.014716453 0.052098077 -0.004012592 -0.018577605 0.998461127
1341846234.089899 0.058479350 -0.035721939 0.013773704 0.051346280 -0.004203922 -0.018681005 0.998497307
1341846234.158063 0.065148808 -0.034773737 0.021153936 0.051130902 -0.004976229 -0.017399346 0.998528063
1341846234.189961 0.069500662 -0.031858888 0.021778524 0.052602001 -0.005367126 -0.016570490 0.998463631
1341846234.222130 0.060959768 -0.027164761 0.016281864 0.052866247 -0.003368805 -0.017147852 0.998448730
1341846234.257875 0.062990054 -0.030411152 0.019306645 0.050872598 -0.003345569 -0.016596502 0.998561680
1341846234.289820 0.067107268 -0.035393905 0.019615082 0.050002120 -0.003175946 -0.016512375 0.998607576
1341846234.321998 0.072327293 -0.032422576 0.022698026 0.051602572 -0.003016418 -0.017348167 0.998512506
1341846234.357904 0.069915831 -0.030613298 0.021854259 0.052295730 -0.002819620 -0.018683437 0.998452902
1341846234.389919 0.069700032 -0.033069875 0.022418728 0.052544102 -0.003607344 -0.017345218 0.998461485
1341846234.425915 0.075243711 -0.032694634 0.025684701 0.053554483 -0.005038477 -0.015718576 0.998428583
1341846234.457800 0.075240552 -0.021580402 0.023569738 0.054823238 -0.005268347 -0.015808202 0.998357058
1341846234.490016 0.066266179 -0.029329149 0.019786214 0.050664332 -0.004445640 -0.016417949 0.998570919
1341846234.525867 0.076859191 -0.030611996 0.027499253 0.049644489 -0.005934522 -0.014464764 0.998644650
1341846234.557961 0.074434958 -0.027292103 0.024242835 0.049704649 -0.005703731 -0.014227448 0.998646379
1341846234.593900 0.075804047 -0.022362603 0.025118900 0.049002487 -0.006811399 -0.012846995 0.998692870
1341846234.658173 0.078184046 -0.027909823 0.026462294 0.047265079 -0.009149331 -0.010617981 0.998784125
1341846234.694104 0.079321891 -0.028598053 0.028455319 0.046899635 -0.010609994 -0.010043302 0.998792768
1341846234.725911 0.080073200 -0.030591171 0.030497368 0.046931777 -0.012148555 -0.008464526 0.998788416
1341846234.758643 0.081885621 -0.029382197 0.030951668 0.048101980 -0.013209911 -0.008536429 0.998718619
1341846234.793907 0.082078263 -0.026597433 0.026502930 0.047615767 -0.013089970 -0.008839393 0.998740852
1341846234.826106 0.077400222 -0.026329117 0.027666243 0.046814784 -0.012236944 -0.009036176 0.998787820
1341846234.862270 0.080212481 -0.032843903 0.031680074 0.046015956 -0.013050665 -0.008635660 0.998818159
1341846234.893971 0.079519212 -0.030930415 0.031645037 0.047493137 -0.013546499 -0.008552024 0.998743057
1341846234.926031 0.078241408 -0.029806234 0.029938063 0.048272412 -0.013307271 -0.009379192 0.998701572
1341846234.961979 0.078435518 -0.029939298 0.029825164 0.048852056 -0.013358367 -0.010610827 0.998660386
1341846234.994016 0.078104846 -0.030641900 0.028346291 0.049197495 -0.013916173 -0.011048626 0.998631060
1341846235.026311 0.073945187 -0.021699261 0.027225969 0.049057107 -0.013969778 -0.011968734 0.998626590
1341846235.061915 0.075892642 -0.027209565 0.025781268 0.046650685 -0.014103607 -0.012460182 0.998733997
1341846235.094075 0.070223719 -0.023668293 0.017718451 0.046641760 -0.013309701 -0.012154196 0.998749077
1341846235.130068 0.070001975 -0.021366693 0.017853534 0.047626041 -0.013757807 -0.011479083 0.998704553
1341846235.162449 0.068507843 -0.027343642 0.019419076 0.047604587 -0.014912274 -0.010903925 0.998695433
1341846235.193917 0.073541000 -0.026421836 0.015875673 0.048743486 -0.015925355 -0.010311562 0.998631179
1341846235.229939 0.076521628 -0.020428300 0.019571211 0.050718404 -0.015736749 -0.010419563 0.998534679
1341846235.261811 0.074181594 -0.023853933 0.018462738 0.050323922 -0.015783209 -0.011480557 0.998542249
1341846235.294134 0.077854335 -0.022326358 0.019633288 0.051611848 -0.016641945 -0.012142018 0.998454750
1341846235.329890 0.078681134 -0.020884143 0.017199967 0.051727816 -0.016747547 -0.013067127 0.998435318
1341846235.361974 0.075748861 -0.016822511 0.016699865 0.050402977 -0.015580319 -0.015891930 0.998481035
1341846235.398097 0.072324574 -0.016926365 0.019818511 0.048114251 -0.014920027 -0.017290020 0.998580754
1341846235.462163 0.076690502 -0.021590814 0.019062378 0.047841493 -0.015877856 -0.017802516 0.998570085
1341846235.498142 0.074551992 -0.017740091 0.020422854 0.047323354 -0.015344539 -0.019271677 0.998575807
1341846235.529989 0.074911706 -0.019631075 0.020048289 0.046316788 -0.015658276 -0.019988500 0.998604119
1341846235.561921 0.076790124 -0.021504492 0.020638622 0.047247868 -0.016457986 -0.020040246 0.998546541
1341846235.597951 0.077474207 -0.014729829 0.017659314 0.048647217 -0.016719438 -0.020700434 0.998461545
1341846235.630160 0.075672671 -0.016980259 0.018250523 0.047178183 -0.016880019 -0.021141920 0.998520076
1341846235.667679 0.074284673 -0.024539363 0.023396393 0.046784118 -0.017181620 -0.020255400 0.998551846
1341846235.705783 0.078395247 -0.022762043 0.020512844 0.048349366 -0.018112123 -0.020792678 0.998449802
1341846235.730392 0.076082878 -0.018769946 0.019343035 0.049254388 -0.017615208 -0.022084508 0.998386741
1341846235.766032 0.073217288 -0.025208576 0.021289706 0.049604923 -0.017230431 -0.022489693 0.998367071
1341846235.797942 0.074305609 -0.024114709 0.018208066 0.050903670 -0.017828349 -0.022697387 0.998286426
1341846235.833964 0.073286131 -0.024029491 0.017280487 0.051324178 -0.017515508 -0.022322465 0.998278916
1341846235.866037 0.076344773 -0.023621330 0.015565785 0.051498052 -0.017996188 -0.021177102 0.998286366
1341846235.898007 0.079144299 -0.029809516 0.018242856 0.050995465 -0.018156096 -0.019459102 0.998344183
1341846235.934106 0.077088341 -0.029796908 0.018422419 0.052937269 -0.017084101 -0.018628290 0.998277903
1341846235.965921 0.073997512 -0.022145966 0.017287025 0.055045977 -0.015557053 -0.018621136 0.998188972
1341846235.997897 0.077232815 -0.023621660 0.014445429 0.054329615 -0.015359037 -0.018414987 0.998235106
1341846236.034072 0.076927632 -0.024655586 0.019225232 0.054778274 -0.014243965 -0.017958185 0.998235464
1341846236.065823 0.069339804 -0.024976535 0.016106419 0.055859592 -0.012619180 -0.018407013 0.998189211
1341846236.101989 0.063121229 -0.026459482 0.020436278 0.054236818 -0.011898438 -0.019954862 0.998257816
1341846236.134258 0.065423340 -0.033632141 0.022426087 0.052530065 -0.012375820 -0.019160934 0.998358846
1341846236.166269 0.067895114 -0.032774184 0.023518454 0.053448483 -0.012837566 -0.018639997 0.998314142
1341846236.202022 0.063125059 -0.023319568 0.018572362 0.053921327 -0.011558104 -0.019359190 0.998290598
1341846236.233893 0.072115190 -0.016473286 0.013724686 0.053597372 -0.012638444 -0.018419752 0.998312712
1341846236.265924 0.075629368 -0.022443056 0.014765539 0.052761499 -0.012998562 -0.017061545 0.998376846
1341846236.302018 0.077773988 -0.023301518 0.013988885 0.052974947 -0.013213083 -0.016919462 0.998365104
1341846236.333756 0.075385809 -0.023237295 0.011644072 0.052906763 -0.012541077 -0.017485857 0.998367608
1341846236.369949 0.076634586 -0.019946957 0.014055804 0.053076576 -0.012263534 -0.017829195 0.998355985
1341846236.401964 0.075002588 -0.022322025 0.012291832 0.052494861 -0.011291738 -0.017875016 0.998397350
1341846236.433828 0.075820319 -0.025518117 0.011207744 0.052340094 -0.011242509 -0.018533504 0.998394072
1341846236.469948 0.077341750 -0.020310301 0.012955198 0.054091360 -0.010899877 -0.018209336 0.998310506
1341846236.501946 0.080447704 -0.021339342 0.011001084 0.054208063 -0.010754540 -0.017742924 0.998314142
1341846236.534764 0.077911064 -0.017458839 0.009317459 0.053676751 -0.009718789 -0.016804023 0.998369634
1341846236.569956 0.068952225 -0.033879165 0.020037066 0.050602116 -0.007835625 -0.015295589 0.998571038
1341846236.601901 0.067337111 -0.033003282 0.019089919 0.051627062 -0.007225850 -0.015053415 0.998526871
1341846236.637896 0.079618417 -0.016594870 0.008329615 0.053273909 -0.008514733 -0.014778975 0.998434305
1341846236.669818 0.079385050 -0.022034468 0.006177492 0.050290428 -0.007365370 -0.016127164 0.998577297
1341846236.702100 0.083920173 -0.030743076 0.014502512 0.049331602 -0.006703948 -0.016418198 0.998624980
1341846236.738521 0.083934322 -0.039772321 0.010368098 0.053877901 -0.006410498 -0.012264969 0.998451710
1341846236.769905 0.073555842 -0.034498040 0.006450359 0.063025467 -0.005738357 -0.010487585 0.997940421
1341846236.805999 0.075931810 -0.027255872 0.001596531 0.065853827 -0.007184632 -0.011314068 0.997739315
1341846236.844067 0.082221650 -0.025515398 0.005948219 0.065833904 -0.008044912 -0.011963238 0.997726440
1341846236.876573 0.077909559 -0.020313246 0.002901481 0.065395631 -0.006985553 -0.014377145 0.997731447
1341846236.911899 0.066796072 -0.018411187 0.007633059 0.062606402 -0.005513891 -0.016701961 0.997883320
1341846236.944484 0.077148438 -0.035090964 0.004043321 0.060578898 -0.007129254 -0.015086893 0.998023927
1341846236.975811 0.073765449 -0.030230626 0.006291705 0.062985815 -0.006936169 -0.013757730 0.997895539
1341846237.011848 0.080015182 -0.020318689 0.004902966 0.063735679 -0.007153709 -0.014577048 0.997834742
1341846237.043850 0.078400351 -0.027673185 0.004491554 0.062075809 -0.005700233 -0.015244164 0.997938752
1341846237.075882 0.072126403 -0.033171851 0.008041702 0.062058747 -0.004912274 -0.013138688 0.997973919
1341846237.111887 0.081447802 -0.038149625 0.003304976 0.064114198 -0.007448921 -0.011061724 0.997853458
1341846237.143863 0.082238100 -0.032915123 -0.000280217 0.066912778 -0.007912445 -0.011487192 0.997661412
1341846237.175838 0.083380990 -0.026373340 -0.000359705 0.067114510 -0.008418897 -0.011127190 0.997647762
1341846237.211847 0.070619956 -0.022196641 0.005316578 0.065871246 -0.006204327 -0.010816282 0.997750223
1341846237.243895 0.071164578 -0.031221082 0.004997648 0.065569490 -0.005104558 -0.010358109 0.997781217
1341846237.280228 0.077539891 -0.027669305 -0.003090633 0.067134395 -0.006014085 -0.009679298 0.997678936
1341846237.312079 0.074401520 -0.030555220 0.003763402 0.065971538 -0.006448178 -0.009059465 0.997759581
1341846237.343828 0.077314936 -0.028284626 0.002617724 0.066905744 -0.006914799 -0.007712300 0.997705579
1341846237.379983 0.080182821 -0.025206884 0.003871112 0.066755839 -0.007014383 -0.007290287 0.997718155
1341846237.411962 0.077637352 -0.026341230 0.003483706 0.065003127 -0.006689754 -0.007820428 0.997832060
1341846237.443790 0.078486867 -0.028219750 0.002388533 0.063012972 -0.006906674 -0.009028105 0.997947991
1341846237.479911 0.078263462 -0.023003893 0.004130353 0.062686831 -0.005840430 -0.011409745 0.997951031
1341846237.511862 0.074077472 -0.024991857 0.004031969 0.060759105 -0.005661736 -0.011842174 0.998066127
1341846237.547914 0.080556221 -0.021534765 0.005641372 0.059953999 -0.008450777 -0.010498111 0.998110235
1341846237.579956 0.075820357 -0.032887328 0.009514453 0.057357356 -0.008406003 -0.011145791 0.998256147
1341846237.611852 0.074992038 -0.029530041 0.011644454 0.057256579 -0.008710613 -0.010960654 0.998261333
1341846237.647976 0.074585117 -0.031661481 0.009811558 0.056399968 -0.009219860 -0.010965194 0.998305500
1341846237.680417 0.078840725 -0.031249095 0.011748727 0.056257710 -0.010473751 -0.009584034 0.998315334
1341846237.711902 0.076850422 -0.034983311 0.012678724 0.056194413 -0.011016160 -0.008663225 0.998321533
1341846237.747860 0.075944796 -0.030539131 0.012162148 0.058481842 -0.011126509 -0.008914177 0.998186707
1341846237.779848 0.077899173 -0.026356367 0.011150927 0.059420303 -0.011941269 -0.009443009 0.998116970
1341846237.815934 0.074313708 -0.025857929 0.010796078 0.058086630 -0.012389613 -0.008258991 0.998200536
1341846237.847966 0.079178669 -0.025220476 0.011314950 0.057090510 -0.014289602 -0.007276464 0.998240292
1341846237.879781 0.077380851 -0.026514156 0.011656758 0.056204904 -0.014143663 -0.008073971 0.998286426
1341846237.916026 0.076859690 -0.022996256 0.011321787 0.055586714 -0.014634163 -0.008272298 0.998312354
1341846237.978064 0.079025030 -0.026876312 0.012959583 0.054197211 -0.014945799 -0.008109191 0.998385429
1341846238.010069 0.068415970 -0.021782907 0.000905529 0.054259773 -0.013211169 -0.008131838 0.998406351
1341846238.045995 0.071252123 -0.022252632 0.002296851 0.052803934 -0.013705594 -0.007743224 0.998480856
1341846238.077963 0.070962951 -0.020332754 0.005346138 0.052075569 -0.013826554 -0.007832346 0.998516798
1341846238.109791 0.072044387 -0.026917523 0.004126554 0.051138569 -0.013833217 -0.007883977 0.998564720
1341846238.145837 0.071272410 -0.028653143 0.002481126 0.052423008 -0.013408629 -0.008362778 0.998499990
1341846238.177943 0.069697857 -0.019841876 0.002422696 0.054082431 -0.012442339 -0.009045580 0.998418033
1341846238.209943 0.069586948 -0.019638598 0.003770822 0.052208498 -0.012315146 -0.010175528 0.998508513
1341846238.246227 0.070685707 -0.024734143 0.004795997 0.051148489 -0.012331091 -0.009919506 0.998565674
1341846238.278227 0.069272980 -0.022798788 0.004012783 0.052094001 -0.012007395 -0.009648502 0.998523414
1341846238.345918 0.071742140 -0.023861868 0.006947101 0.051582921 -0.011376696 -0.012305163 0.998528123
1341846238.377978 0.073068313 -0.028725116 0.007317493 0.052006748 -0.012024977 -0.011676103 0.998506129
1341846238.413879 0.069402367 -0.027339172 0.005890989 0.053191960 -0.012272133 -0.011504866 0.998442590
1341846238.445979 0.069531068 -0.019937804 0.003451366 0.054693259 -0.012240364 -0.012753514 0.998346746
1341846238.478188 0.070213981 -0.023933066 0.003313927 0.053488333 -0.011897017 -0.013703206 0.998403549
1341846238.515328 0.073654301 -0.029354967 0.006002808 0.053208094 -0.012725771 -0.013487481 0.998411357
1341846238.545906 0.068425767 -0.029333269 0.005621927 0.054301850 -0.012448303 -0.013903096 0.998350143
1341846238.587827 0.071872763 -0.027207734 0.005026471 0.055254217 -0.012724275 -0.014150418 0.998291016
1341846238.645944 0.070715293 -0.019857949 0.004575259 0.054850440 -0.011660718 -0.014273344 0.998324513
1341846238.681933 0.069817089 -0.026415516 0.006866064 0.053355828 -0.011740719 -0.014030479 0.998407960
1341846238.713917 0.071430795 -0.030025821 0.008192959 0.053529385 -0.012146084 -0.012634395 0.998412549
1341846238.745925 0.070890158 -0.026352242 0.006517192 0.054542951 -0.012172668 -0.012145959 0.998363376
1341846238.781932 0.071235850 -0.023904223 0.006928889 0.053865939 -0.012745366 -0.012307932 0.998391032
1341846238.813869 0.074201398 -0.023112047 0.004223891 0.053048357 -0.012440088 -0.013059577 0.998429060
1341846238.849931 0.071042567 -0.026134165 0.010146101 0.051547796 -0.011566103 -0.013252405 0.998515666
1341846238.881927 0.072880156 -0.028431237 0.007839383 0.051981565 -0.012969556 -0.012309846 0.998487949
1341846238.914000 0.069373511 -0.043290894 0.008311760 0.052100047 -0.014467387 -0.010846626 0.998478174
1341846238.949903 0.070128635 -0.043200973 0.004536473 0.055756453 -0.015631491 -0.009472981 0.998277128
1341846239.017941 0.076242492 -0.034990646 0.006214482 0.059109863 -0.016477598 -0.013564561 0.998023331
1341846239.050041 0.088040918 -0.032509435 0.008341718 0.060058724 -0.017924573 -0.014621146 0.997926831
1341846239.081902 0.085749418 -0.035683084 0.009826682 0.059930682 -0.017821355 -0.015733214 0.997919440
1341846239.117866 0.088043176 -0.033340823 0.008377980 0.061170302 -0.017939594 -0.017124055 0.997819245
1341846239.149976 0.084655024 -0.032963805 0.010860417 0.061493129 -0.016577940 -0.017741742 0.997812152
1341846239.181897 0.068354748 -0.021650052 0.007180386 0.061966579 -0.013793202 -0.016629960 0.997844398
1341846239.217929 0.068195231 -0.022098737 0.007726103 0.060067013 -0.014187152 -0.017095141 0.997947156
1341846239.250009 0.067975275 -0.020767167 0.008181165 0.059162673 -0.013485336 -0.017126895 0.998010397
1341846239.285917 0.083069645 -0.023720680 0.015283667 0.058065731 -0.015273709 -0.017650129 0.998039901
1341846239.318442 0.070278905 -0.020796452 0.010138801 0.056802072 -0.012634286 -0.016938262 0.998161852
1341846239.349930 0.068019509 -0.023060402 0.010043371 0.055011224 -0.011761742 -0.016155608 0.998285770
1341846239.386011 0.065965384 -0.027042355 0.010256190 0.054465409 -0.010967341 -0.015413517 0.998336494
1341846239.417983 0.067688122 -0.026336333 0.009215511 0.054723639 -0.011386490 -0.015064675 0.998322964
1341846239.450112 0.069652058 -0.023595072 0.006291051 0.054338679 -0.011568170 -0.015242629 0.998339295
1341846239.485973 0.067838944 -0.020171024 0.008275057 0.053807199 -0.011001119 -0.014626680 0.998383641
1341846239.517913 0.070144527 -0.020955160 0.009091720 0.052572995 -0.011039500 -0.013699073 0.998462081
1341846239.553979 0.067896269 -0.019502591 0.008753030 0.051687516 -0.010637620 -0.013667569 0.998513162
1341846239.585911 0.067573301 -0.021421578 0.009318001 0.050561298 -0.010505404 -0.012857854 0.998582900
1341846239.617967 0.069390260 -0.024180738 0.011732955 0.050464369 -0.010720462 -0.012030387 0.998595893
1341846239.653941 0.069768585 -0.021771623 0.011822089 0.051845968 -0.010958358 -0.011200041 0.998532236
1341846239.685852 0.069502890 -0.022652395 0.009501586 0.051669642 -0.011067031 -0.010948583 0.998542905
1341846239.717923 0.068215005 -0.021483518 0.011941143 0.051390681 -0.011528468 -0.010385607 0.998558104
1341846239.753857 0.071955793 -0.023530696 0.012502884 0.051295109 -0.012042971 -0.010203990 0.998558819
1341846239.785918 0.069438286 -0.017310839 0.013690419 0.051349934 -0.011888035 -0.009912915 0.998560786
1341846239.821950 0.069362432 -0.030362032 0.014125351 0.049264934 -0.012353595 -0.009481888 0.998664379
1341846239.854023 0.063225210 -0.026083987 0.013986728 0.051282533 -0.011693281 -0.009601117 0.998569608
1341846239.891801 0.069435686 -0.021838030 0.011656161 0.051453307 -0.012873775 -0.010169113 0.998540699
1341846239.953963 0.065400973 -0.029250950 0.015710780 0.050085273 -0.012218187 -0.012840700 0.998587728
1341846239.985997 0.064416833 -0.027565857 0.012495829 0.050772488 -0.012499055 -0.013419343 0.998541892
1341846240.022055 0.070499122 -0.026045009 0.016314603 0.050986070 -0.013811452 -0.013934836 0.998506665
1341846240.053998 0.068449728 -0.032073721 0.017860468 0.050805002 -0.013219200 -0.014285742 0.998518944
1341846240.089841 0.069433786 -0.032554630 0.016796926 0.051897287 -0.013482185 -0.014476389 0.998456478
1341846240.121795 0.069595769 -0.032306172 0.012583464 0.052542716 -0.013799537 -0.015271069 0.998406529
1341846240.159862 0.075484365 -0.038876500 0.004248024 0.053260054 -0.014144101 -0.015741501 0.998356462
1341846240.195884 0.074387968 -0.034783281 0.009290534 0.054558292 -0.013687900 -0.016144913 0.998286247
1341846240.227927 0.073895797 -0.034872912 0.006382118 0.054546759 -0.013778721 -0.015627649 0.998293877
1341846240.290031 0.065877974 -0.032517921 0.017666355 0.056424957 -0.013135782 -0.015920874 0.998193502
1341846240.322206 0.074645303 -0.031821005 0.014609028 0.055982742 -0.014735870 -0.014270122 0.998221040
1341846240.357948 0.074705057 -0.033342309 0.003511918 0.054830462 -0.015356531 -0.012876288 0.998294592
1341846240.422212 0.070912786 -0.033619381 0.004361168 0.057132404 -0.014653347 -0.014250693 0.998157442
1341846240.458143 0.072499178 -0.031965312 0.004111589 0.057578277 -0.015370828 -0.015429234 0.998103440
1341846240.490243 0.067997508 -0.029514365 0.018851265 0.057782181 -0.015981356 -0.015467416 0.998081446
1341846240.525976 0.067653872 -0.035917308 0.018873500 0.057556108 -0.016361227 -0.016258160 0.998075843
1341846240.557894 0.068904549 -0.035315096 0.012551187 0.058820989 -0.016464654 -0.017793698 0.997974157
1341846240.590418 0.079193369 -0.034573194 0.003073145 0.059072606 -0.018227046 -0.016755136 0.997946680
1341846240.626172 0.068562366 -0.034241974 0.011874891 0.059384160 -0.017395414 -0.018424300 0.997913599
1341846240.657964 0.066385850 -0.037351221 0.011480276 0.059441086 -0.017489972 -0.018663667 0.997904062
1341846240.689825 0.063524134 -0.034840249 0.011615740 0.060996402 -0.017096108 -0.019724244 0.997796655
1341846240.725903 0.065453261 -0.034179274 0.006740950 0.060644418 -0.017854085 -0.019208213 0.997814894
1341846240.757973 0.064397857 -0.035098437 0.007940110 0.060771942 -0.017850185 -0.019154908 0.997808278
1341846240.794024 0.061833076 -0.038055886 0.010618751 0.061813165 -0.017899185 -0.019678501 0.997733235
1341846240.826068 0.065546058 -0.034736998 0.009622830 0.062837146 -0.018461043 -0.019447049 0.997663558
1341846240.858147 0.063534394 -0.033485983 0.003209679 0.062109824 -0.017819785 -0.019721309 0.997715354
1341846240.894038 0.063554533 -0.031700972 0.009602951 0.061311718 -0.017763723 -0.019803500 0.997764111
1341846240.925975 0.057625536 -0.033730499 0.009389279 0.060644023 -0.016618202 -0.019961352 0.997821510
1341846240.958080 0.063089624 -0.030759655 0.011137924 0.060957350 -0.017887231 -0.018668104 0.997805476
1341846240.994099 0.064517029 -0.028072221 0.015080692 0.060954165 -0.017850677 -0.018889314 0.997802198
1341846241.026041 0.064551175 -0.033465143 0.011226447 0.060989846 -0.018041538 -0.019245788 0.997789741
1341846241.062449 0.066448420 -0.024750941 0.013293224 0.063211627 -0.017989418 -0.019336710 0.997650623
1341846241.094372 0.057214148 -0.023546362 0.016751677 0.062075317 -0.016648056 -0.019742385 0.997737288
1341846241.126068 0.065118209 -0.027721900 0.017682310 0.061012398 -0.017591726 -0.019989872 0.997781754
1341846241.167863 0.071607076 -0.033561509 0.015944401 0.061250694 -0.018132959 -0.021544460 0.997725129
1341846241.230127 0.091610692 -0.026848391 0.046966393 0.064430900 -0.019737201 -0.018071853 0.997563303
1341846241.261868 0.071567848 -0.027943645 0.033644013 0.062846586 -0.017402230 -0.022357224 0.997621000
1341846241.295211 0.061088152 -0.027116861 0.013826188 0.062365551 -0.017119786 -0.023365740 0.997632980
1341846241.329804 0.048261192 -0.027135840 0.004911234 0.061260216 -0.015946759 -0.024833396 0.997685432
1341846241.362000 0.066065915 -0.025137434 0.009172137 0.061798658 -0.017515978 -0.024193490 0.997641623
1341846241.394012 0.050881188 -0.025918325 0.002902684 0.061370850 -0.016006202 -0.024703708 0.997680902
1341846241.430126 0.032234594 -0.033177860 0.005199366 0.060283199 -0.013302528 -0.025029037 0.997778773
1341846241.462018 0.101241387 -0.015059223 0.002291834 0.063918062 -0.022973418 -0.024259696 0.997395754
1341846241.497907 0.062403772 -0.019843914 0.005468478 0.062458128 -0.016669972 -0.024756754 0.997601211
1341846241.529930 0.062426154 -0.026596757 0.005235464 0.061604735 -0.017095519 -0.025393965 0.997631073
1341846241.562493 0.055054795 -0.024984080 0.006734478 0.061192159 -0.016501255 -0.025421044 0.997665823
1341846241.598412 0.056516152 -0.026301034 0.006478732 0.061258677 -0.016672783 -0.025509756 0.997656584
1341846241.629998 0.065438494 -0.028490599 0.004327835 0.061206359 -0.017810976 -0.025639895 0.997636795
1341846241.662234 0.056470245 -0.026152395 0.006011839 0.061668970 -0.016502045 -0.025251266 0.997640729
1341846241.698098 0.056920320 -0.025271874 0.005179479 0.062084209 -0.016393235 -0.025315149 0.997615159
1341846241.729805 0.056622412 -0.026063487 0.003818396 0.061785761 -0.016320931 -0.025675178 0.997625709
1341846241.765805 0.055180132 -0.027460448 0.005404932 0.061678890 -0.016129412 -0.025939368 0.997628570
1341846241.797970 0.056005295 -0.027071528 0.005823253 0.062225919 -0.016162159 -0.026163463 0.997588217
1341846241.830240 0.055791393 -0.024026047 0.005005671 0.062781297 -0.016034557 -0.025942622 0.997561216
1341846241.865867 0.051275585 -0.029802771 0.005159300 0.061754547 -0.015427935 -0.026432687 0.997622073
1341846241.898156 0.052980334 -0.025599409 0.007965744 0.062688008 -0.015973998 -0.026395703 0.997556210
1341846241.929917 0.058023460 -0.025931066 0.005044243 0.063240215 -0.016328245 -0.026312973 0.997517765
1341846241.965882 0.056880798 -0.021844584 -0.001175848 0.063516989 -0.015681783 -0.027143830 0.997488320
1341846241.998017 0.048682567 -0.030143131 0.006530758 0.062137991 -0.014925621 -0.027829191 0.997567892
1341846242.034019 0.067660294 -0.046671361 0.003647555 0.060129061 -0.018045997 -0.028739812 0.997613609
1341846242.066365 0.060303070 -0.039908417 0.012521387 0.062083501 -0.017369650 -0.028419590 0.997515082
1341846242.097916 0.015539900 -0.040161669 0.005577441 0.062163252 -0.009291887 -0.026711278 0.997665226
1341846242.133980 0.054703590 -0.024851328 0.012714973 0.065606773 -0.016120479 -0.025251970 0.997395694
1341846242.165895 0.060517844 -0.024253435 0.013245884 0.065827765 -0.016751483 -0.024438903 0.997391045
1341846242.197924 0.089982733 -0.020273617 0.019316714 0.067612603 -0.020516619 -0.024540020 0.997198761
1341846242.234487 -0.104309872 -0.069289237 0.026080854 0.058273356 0.007927381 -0.027546016 0.997889102
1341846242.269588 0.048511259 -0.021451080 0.008405558 0.069638744 -0.014733937 -0.026811905 0.997103035
1341846242.301972 0.052102916 -0.021087902 0.003054016 0.068711564 -0.014606756 -0.027175643 0.997159421
1341846242.333996 0.054938667 -0.033085547 0.003856873 0.067491375 -0.014831427 -0.027274484 0.997236729
1341846242.366000 0.059143979 -0.030438909 0.001567821 0.068565510 -0.015147769 -0.026408000 0.997182012
1341846242.401903 0.055321567 -0.023697369 0.002924775 0.069121078 -0.015089921 -0.026234010 0.997149169
1341846242.433933 0.056640830 -0.026288232 0.004404962 0.069097921 -0.015065598 -0.026656238 0.997139931
1341846242.469883 0.064635813 -0.028935766 0.000620395 0.069855176 -0.015568092 -0.026357479 0.997087359
1341846242.501972 0.057310574 -0.025625011 0.000600139 0.070586234 -0.014681303 -0.027273428 0.997024655
1341846242.534063 0.057797767 -0.023864966 0.001774565 0.070117518 -0.015079012 -0.027493082 0.997045815
1341846242.569931 0.056417786 -0.026925057 0.000111171 0.069576561 -0.014423774 -0.027700635 0.997087657
1341846242.602000 0.057981037 -0.021527387 0.001281127 0.070257269 -0.014458627 -0.027319424 0.997049928
1341846242.634077 0.057994165 -0.021755449 0.000736178 0.069345534 -0.014634755 -0.027188594 0.997114778
1341846242.670215 0.061439618 -0.022092156 0.001944281 0.068762280 -0.014822135 -0.027382789 0.997147024
1341846242.701929 0.058858261 -0.022589305 -0.001802189 0.068403348 -0.014446568 -0.027364735 0.997177780
1341846242.737996 0.057590935 -0.022374289 -0.001933158 0.068032414 -0.014733351 -0.027498776 0.997195244
1341846242.769937 0.061344080 -0.025081214 -0.000446374 0.068399377 -0.015409933 -0.027520096 0.997159362
1341846242.808080 0.072839342 -0.018706568 -0.002534773 0.069953375 -0.017268371 -0.027599486 0.997018933
1341846242.869936 0.040556807 -0.023273680 -0.004085085 0.067218795 -0.012668573 -0.028995229 0.997236431
1341846242.902131 0.065451652 -0.029059485 -0.003988845 0.066837236 -0.016106799 -0.028978832 0.997212946
1341846242.938061 0.063287280 -0.024483100 -0.003152256 0.067880526 -0.015925169 -0.029514581 0.997129679
1341846242.969969 0.066899218 -0.029750243 -0.001687179 0.067899197 -0.017158959 -0.029574621 0.997106194
1341846243.005810 0.064734273 -0.026414467 -0.003665730 0.069064118 -0.017134016 -0.029270673 0.997035563
1341846243.038095 0.066403069 -0.026053585 -0.005044802 0.068811670 -0.017933244 -0.029053733 0.997045279
1341846243.070041 0.058894042 -0.019009113 -0.008080429 0.068688177 -0.017188109 -0.029222518 0.997061968
1341846243.106059 0.059868425 -0.022110252 -0.006738714 0.067235053 -0.017372418 -0.030250140 0.997127175
1341846243.137899 0.057942525 -0.025438905 -0.006975336 0.066989034 -0.016637495 -0.029872153 0.997167706
1341846243.169985 0.057574473 -0.024501828 -0.007371285 0.067458704 -0.016924256 -0.029393565 0.997145355
1341846243.206007 0.060194220 -0.021678159 -0.007218511 0.067643061 -0.017112639 -0.030033836 0.997110605
1341846243.237999 0.061819173 -0.019644203 -0.005162000 0.067028664 -0.016685445 -0.030403089 0.997148156
1341846243.274026 0.048184827 -0.031091195 -0.004632832 0.064898923 -0.014235872 -0.031068081 0.997306526
1341846243.305879 0.046862487 -0.033942789 -0.005204652 0.065155469 -0.014105524 -0.031189365 0.997287869
1341846243.338022 0.051167883 -0.032853864 -0.006116616 0.066287629 -0.014735335 -0.031336851 0.997199476
1341846243.374348 0.050308336 -0.027185474 -0.004234680 0.068130858 -0.014636292 -0.031187415 0.997081399
1341846243.405837 0.055164546 -0.023586107 -0.003583388 0.069079757 -0.015867230 -0.030828528 0.997008502
1341846243.442193 0.062108409 -0.024073999 -0.010846136 0.069313601 -0.017271152 -0.030698640 0.996972859
1341846243.473902 0.062280886 -0.024734169 -0.009364642 0.069434814 -0.017087473 -0.030997537 0.996958375
1341846243.505839 0.060371902 -0.021267757 -0.008376923 0.069918826 -0.017062277 -0.031073309 0.996922612
1341846243.542001 0.063756540 -0.023206852 -0.011604557 0.069338046 -0.017775159 -0.031170517 0.996947706
1341846243.574058 0.061184559 -0.024123790 -0.010767456 0.069075041 -0.016918818 -0.030899031 0.996989310
1341846243.605841 0.058375642 -0.032140113 -0.010375557 0.067695081 -0.016188014 -0.030685930 0.997102618
1341846243.642015 0.065732792 -0.023754174 -0.011561381 0.070342861 -0.017142648 -0.030078091 0.996921957
1341846243.673926 0.059153918 -0.024820050 -0.014494323 0.069614038 -0.016229872 -0.030764844 0.996967435
1341846243.710095 0.063254029 -0.028948437 -0.010666233 0.069606282 -0.016417326 -0.030247692 0.996980727
1341846243.741951 0.066515155 -0.020111008 -0.010824435 0.071085848 -0.017288322 -0.030729521 0.996846914
1341846243.774067 0.063056596 -0.021707311 -0.010418239 0.070034996 -0.016776996 -0.031400871 0.996909082
1341846243.809881 0.062373180 -0.024706258 -0.010894986 0.069206066 -0.016373634 -0.031521715 0.996969819
1341846243.841971 0.068729140 -0.022397047 -0.008338238 0.070210204 -0.017500220 -0.030393705 0.996915519
1341846243.874062 0.062861241 -0.022224380 -0.007574198 0.070833981 -0.016901694 -0.029950198 0.996895134
1341846243.910022 0.064186841 -0.024137015 -0.013680001 0.070793554 -0.017584216 -0.030247059 0.996877193
1341846243.978045 0.067554884 -0.021428304 -0.014518059 0.071235865 -0.016573608 -0.031174280 0.996834517
1341846244.009892 0.079015382 -0.026325917 -0.008036708 0.069863595 -0.017861402 -0.030473186 0.996931076
1341846244.042105 0.062696837 -0.024214098 -0.011231948 0.070825458 -0.015279138 -0.029888194 0.996923745
1341846244.077884 0.066426948 -0.024917187 -0.008242020 0.071578190 -0.015588549 -0.029146049 0.996887207
1341846244.115904 0.080122888 -0.010130925 -0.011848466 0.073384933 -0.017888710 -0.029582907 0.996704340
1341846244.151850 0.065792039 -0.021916240 -0.008146533 0.071031734 -0.015520462 -0.028705768 0.996940136
1341846244.184334 0.056706190 -0.029549472 -0.007692809 0.070484020 -0.013673053 -0.028516365 0.997011483
1341846244.215953 0.065086469 -0.019581504 -0.008827867 0.071999684 -0.015071945 -0.028122930 0.996894181
1341846244.251877 0.053994365 -0.027500425 -0.008144761 0.070168957 -0.013342788 -0.028470945 0.997039497
1341846244.283880 0.063604467 -0.020964976 -0.001360777 0.072246887 -0.014528603 -0.028736750 0.996866882
1341846244.316068 0.069699593 -0.022648687 -0.007165240 0.072510816 -0.016112220 -0.028301688 0.996835828
1341846244.351999 0.058865521 -0.021921534 -0.007292762 0.072490297 -0.014675998 -0.028444413 0.996855438
1341846244.384040 0.062064558 -0.023757581 -0.004905651 0.072219528 -0.015713785 -0.027945321 0.996873379
1341846244.419869 0.080522634 -0.015016679 -0.005262044 0.074094839 -0.018764919 -0.027883139 0.996684730
1341846244.451888 0.065100744 -0.021060292 -0.009878349 0.072223447 -0.015850183 -0.028042156 0.996868193
1341846244.483871 0.055508960 -0.028174942 -0.010838008 0.069875360 -0.013605607 -0.028580630 0.997053385
1341846244.519923 0.064615473 -0.028951921 -0.009229223 0.069956869 -0.014363939 -0.028527826 0.997038543
1341846244.551942 0.071689487 -0.025827428 -0.006168337 0.071405038 -0.014632184 -0.027726771 0.996954620
1341846244.583892 0.070341446 -0.025472373 -0.007453792 0.071862742 -0.013901186 -0.026166087 0.996974349
1341846244.619870 0.089759365 -0.007511729 -0.003007524 0.074985646 -0.016610095 -0.024069207 0.996755719
1341846244.651850 0.071779095 -0.023113374 -0.000760562 0.072700284 -0.013521394 -0.022695746 0.997003913
1341846244.683815 0.078321293 -0.026415221 -0.002989391 0.073025852 -0.014362865 -0.021566881 0.996993363
1341846244.719873 0.082654342 -0.022369610 -0.006897070 0.073358782 -0.014583236 -0.021801200 0.996960700
1341846244.751827 0.076037660 -0.026109932 -0.003169780 0.072800234 -0.012683568 -0.021469422 0.997034788
1341846244.788300 0.064469174 -0.034198411 -0.005386340 0.072111629 -0.010635184 -0.021476217 0.997108638
1341846244.820099 0.070821837 -0.034259051 -0.006968854 0.072867319 -0.011011394 -0.022121925 0.997035563
1341846244.851973 0.080528960 -0.034825590 -0.001901076 0.075147465 -0.011243471 -0.021567872 0.996875763
1341846244.887873 0.089011557 -0.021324445 -0.002107659 0.078930750 -0.011247568 -0.021741504 0.996579587
1341846244.920072 0.084028162 -0.027735716 -0.000865033 0.077964105 -0.009101706 -0.021429026 0.996684313
1341846244.952621 0.084023595 -0.031572662 -0.002094522 0.078213900 -0.008375483 -0.020619221 0.996688187
1341846244.987985 0.082759216 -0.024869606 -0.001797242 0.079757817 -0.007760091 -0.019318730 0.996596932
1341846245.020060 0.092708118 -0.017190108 -0.001666294 0.080342412 -0.009061686 -0.018547388 0.996553540
1341846245.051869 0.092749156 -0.018911505 -0.003027579 0.078376986 -0.008268164 -0.019283162 0.996703029
1341846245.088236 0.083001085 -0.024367353 -0.001801949 0.076058730 -0.006005938 -0.019981366 0.996885061
1341846245.119935 0.085929386 -0.028422615 -0.002437880 0.075273238 -0.006008467 -0.019579910 0.996952593
1341846245.151835 0.081121325 -0.032352254 -0.005563172 0.074664615 -0.005214447 -0.020572333 0.996982872
1341846245.187889 0.084791422 -0.029901862 -0.000379989 0.076153986 -0.005525265 -0.020037614 0.996879458
1341846245.219842 0.094792165 -0.018763719 0.001746619 0.078237221 -0.007017874 -0.019354317 0.996722221
1341846245.256030 0.089236803 -0.020368127 0.002462021 0.077367917 -0.006035385 -0.019857232 0.996786654
1341846245.287962 0.090011843 -0.029488947 -0.004233313 0.075553812 -0.006101809 -0.020780589 0.996906459
1341846245.319885 0.086957075 -0.029177815 -0.004339173 0.075493254 -0.005480741 -0.022015911 0.996888220
1341846245.355859 0.087437913 -0.025889693 -0.004252943 0.075948067 -0.005972032 -0.021933645 0.996852696
1341846245.387919 0.082538418 -0.029345719 -0.000777315 0.075137459 -0.005494548 -0.022737330 0.996898770
1341846245.423977 0.082937881 -0.029168932 -0.000461836 0.075462252 -0.005423904 -0.023736557 0.996851385
1341846245.455822 0.078959085 -0.028595315 0.001623354 0.075972810 -0.004580637 -0.025008157 0.996785760
1341846245.487804 0.084169708 -0.027784362 -0.001569618 0.076754145 -0.005498584 -0.023813209 0.996750534
1341846245.523916 0.085475124 -0.029088225 -0.004736517 0.076556578 -0.005787765 -0.023667378 0.996767521
1341846245.555797 0.084276937 -0.024218928 -0.000242360 0.077151969 -0.005333306 -0.023903672 0.996718526
1341846245.591988 0.077153727 -0.029196257 0.003184150 0.076918423 -0.004356824 -0.024803059 0.996719301
1341846245.623837 0.079098709 -0.028787633 0.000223657 0.078342110 -0.005104114 -0.022763845 0.996653557
1341846245.655890 0.082383983 -0.028656861 0.000854026 0.078649096 -0.005404324 -0.022351896 0.996637166
1341846245.692060 0.076309986 -0.027771169 -0.002921873 0.078040339 -0.003911229 -0.024213620 0.996648431
1341846245.724517 0.077836387 -0.030632870 0.001557714 0.077747047 -0.003684369 -0.024077270 0.996675551
1341846245.760068 0.078709349 -0.038170651 -0.006624416 0.077906862 -0.004196328 -0.022260141 0.996703327
1341846245.791914 0.079420589 -0.028515762 -0.002960487 0.079390205 -0.003728716 -0.022836417 0.996575117
1341846245.824142 0.079265863 -0.028067181 0.000533734 0.079082198 -0.002905924 -0.022889193 0.996601045
1341846245.860005 0.077155828 -0.027726218 0.001273128 0.078804977 -0.002179732 -0.022157911 0.996641397
1341846245.891878 0.080209479 -0.029206442 0.004184744 0.077639066 -0.002598517 -0.022393506 0.996726632
1341846245.927903 0.079808846 -0.029965840 0.003723366 0.077817418 -0.001813519 -0.023138389 0.996697485
1341846245.986182 0.065972976 -0.031597458 -0.001034890 0.078225680 -0.000145361 -0.022579588 0.996680021
1341846246.022057 0.071762234 -0.029173218 0.003486853 0.079311095 -0.001103982 -0.023185998 0.996579647
1341846246.053871 0.067598075 -0.032337576 0.000900670 0.080071069 -0.000850861 -0.023237698 0.996517897
1341846246.085916 0.063527957 -0.034776837 -0.007844033 0.080957212 -0.001220882 -0.022663681 0.996459186
1341846246.121806 0.067155093 -0.031517912 0.001977561 0.082432829 -0.002828414 -0.022495806 0.996338725
1341846246.153949 0.068461128 -0.033273041 -0.001541584 0.082835510 -0.003244256 -0.024000457 0.996268928
1341846246.222002 0.065448239 -0.020551285 0.001420254 0.084905155 -0.002708986 -0.026695071 0.996027768
1341846246.253984 0.065046489 -0.024832048 0.005226471 0.084095731 -0.002519043 -0.028767360 0.996039212
1341846246.289808 0.068251006 -0.031282298 0.001588183 0.084502436 -0.002585968 -0.028876366 0.996001422
1341846246.322001 0.072711967 -0.017986342 -0.001235242 0.085528120 -0.002097096 -0.029631536 0.995892823
1341846246.353946 0.065337479 -0.025094684 -0.006203776 0.083060302 -0.000503419 -0.031003354 0.996062100
1341846246.389885 0.067112848 -0.025428124 0.000113015 0.082150206 0.000260049 -0.031531610 0.996121049
1341846246.421855 0.060363542 -0.016690221 0.006991611 0.083412454 0.001822578 -0.030548008 0.996045172
1341846246.457915 0.064035334 -0.010920095 0.010652227 0.083857536 0.001505757 -0.028798781 0.996060431
1341846246.489829 0.072957970 -0.015399972 0.006891738 0.081909753 0.000932087 -0.026395455 0.996289730
1341846246.521912 0.073137447 -0.020423798 -0.002483344 0.079996489 0.002729633 -0.025779959 0.996458054
1341846246.558038 0.071872950 -0.018375831 0.007833701 0.079810940 0.004347803 -0.026118807 0.996458292
1341846246.589826 0.067162015 -0.026242394 0.003923736 0.079300262 0.005519378 -0.025764005 0.996502519
1341846246.622033 0.070015006 -0.023257585 0.003590583 0.079784043 0.004769724 -0.022566369 0.996545374
1341846246.658046 0.073156841 -0.026412420 -0.000815856 0.078942247 0.004183310 -0.022086833 0.996625721
1341846246.689939 0.071257234 -0.028263476 0.011063360 0.078502141 0.003602753 -0.021580955 0.996673822
1341846246.725903 0.079451062 -0.027339838 0.006478995 0.078404933 0.002156614 -0.021464540 0.996688247
1341846246.757894 0.073826484 -0.029642794 0.004118041 0.077438354 0.002920333 -0.022590980 0.996736944
1341846246.789989 0.071257479 -0.023480957 0.003343282 0.077312596 0.003593587 -0.024379870 0.996702313
1341846246.826059 0.074462503 -0.035297155 -0.012843040 0.075383969 0.002996441 -0.024332969 0.996853173
1341846246.857869 0.076864488 -0.031998422 -0.002052279 0.077151284 0.002310175 -0.024538860 0.996714771
1341846246.893944 0.065994672 -0.024456833 -0.000560074 0.078299083 0.002943178 -0.024061108 0.996635199
1341846246.925896 0.062166519 -0.029592728 -0.004370160 0.076975733 0.002619402 -0.024020970 0.996740162
1341846246.958090 0.066754669 -0.031828966 -0.013774092 0.076278269 0.002100443 -0.023811920 0.996800005
1341846246.993936 0.063293986 -0.026170084 0.000415867 0.077358499 0.002180435 -0.024058189 0.996710658
1341846247.026204 0.067968898 -0.026066478 0.000822029 0.077306643 0.001471092 -0.026041295 0.996666193
1341846247.057936 0.070228182 -0.031541437 -0.001562932 0.077263892 0.001325059 -0.027230280 0.996637940
1341846247.093899 0.067724667 -0.029425615 0.009134194 0.078977399 0.000893000 -0.026156269 0.996532798
1341846247.126028 0.067872047 -0.024792178 0.011341818 0.079391956 0.000418695 -0.026248964 0.996497750
1341846247.162093 0.070114762 -0.035107099 0.006378911 0.078680538 -0.000095231 -0.025434785 0.996575415
1341846247.194072 0.074067652 -0.031491339 0.009580759 0.082099900 0.000465295 -0.023138044 0.996355355
1341846247.225977 0.066587649 -0.034565840 0.007967910 0.083250403 0.001180238 -0.020923592 0.996308267
1341846247.261953 0.075052567 -0.049165472 -0.003301265 0.083582386 0.000957987 -0.021330183 0.996272147
1341846247.293957 0.072704725 -0.035217002 0.009640682 0.090219647 0.002352727 -0.020776113 0.995702386
1341846247.325987 0.059134625 -0.023914674 0.006407661 0.092699632 0.003768234 -0.021950077 0.995445013
1341846247.361940 0.069144189 -0.023756007 0.004646633 0.090631552 0.001098475 -0.020919614 0.995664179
1341846247.430187 0.073002584 -0.021865837 0.007248693 0.086661682 -0.000144911 -0.020893268 0.996018708
1341846247.462223 0.072994694 -0.030404445 0.008465289 0.084606864 -0.001017221 -0.022563055 0.996158421
1341846247.493952 0.077959754 -0.024988960 0.010037745 0.085320808 -0.001808326 -0.023254989 0.996080458
1341846247.530027 0.079971060 -0.032573078 0.012564990 0.085521735 -0.001790484 -0.023316978 0.996061862
1341846247.562209 0.078669995 -0.039507303 0.012585692 0.086959541 -0.001494521 -0.022182882 0.995963752
1341846247.594166 0.074995108 -0.023766112 0.013162747 0.090429954 -0.001408152 -0.020848783 0.995683610
1341846247.630035 0.069051713 -0.016074393 0.011994272 0.089856796 -0.001941789 -0.020214455 0.995747745
1341846247.662701 0.077149056 -0.025793236 0.012811585 0.087695733 -0.003261052 -0.018956149 0.995961607
1341846247.697913 0.076130137 -0.024375118 0.012573471 0.088603571 -0.002390471 -0.017559636 0.995909333
1341846247.730051 0.075253032 -0.024668116 0.014900510 0.087520957 -0.003205581 -0.016724383 0.996017218
1341846247.762180 0.078553878 -0.033991542 0.012013698 0.086839385 -0.004144915 -0.015365781 0.996095181
1341846247.798768 0.075351708 -0.028068013 0.011553455 0.089495689 -0.003400151 -0.013622737 0.995888233
1341846247.830259 0.076533735 -0.017910276 0.012747714 0.089632563 -0.003717720 -0.013012236 0.995883048
1341846247.865875 0.080635130 -0.027965117 0.014701476 0.086743206 -0.004238764 -0.013580489 0.996129155
1341846247.898157 0.079364203 -0.035916928 0.014149816 0.088238798 -0.002797977 -0.012899532 0.996011913
1341846247.930002 0.073753126 -0.024636820 0.012831956 0.090643071 -0.003359737 -0.012022830 0.995805264
1341846247.966006 0.076022550 -0.025873519 0.015647873 0.089422017 -0.005993553 -0.011140659 0.995913565
1341846247.998062 0.088731416 -0.036954664 0.016193880 0.090341963 -0.007241096 -0.010109333 0.995833218
1341846248.030615 0.083672985 -0.024847895 0.021989407 0.093211770 -0.005694272 -0.011979346 0.995557964
1341846248.065891 0.080273621 -0.015877815 0.020216923 0.092918485 -0.005222404 -0.012041645 0.995587230
1341846248.098211 0.095545918 -0.033854187 0.014149169 0.089809984 -0.006030345 -0.012889677 0.995857298
1341846248.133929 0.093321331 -0.029414132 0.017041828 0.092029840 -0.002039492 -0.014958932 0.995641828
1341846248.166050 0.084874846 -0.018197881 0.024159977 0.092745498 0.001149786 -0.017447820 0.995536387
1341846248.198024 0.077881128 -0.027490025 0.024441579 0.090596117 0.001730259 -0.017769389 0.995727718
1341846248.233930 0.085071445 -0.031065272 0.030765990 0.092178062 0.001285092 -0.018004106 0.995578945
1341846248.265968 0.076340362 -0.024283068 0.016485013 0.092833012 0.003015704 -0.019984897 0.995476544
1341846248.297927 0.072301321 -0.023573058 0.021414097 0.090836547 0.003268699 -0.022328159 0.995610118
1341846248.333956 0.086225078 -0.031694677 0.030430263 0.090642534 0.001278253 -0.023822566 0.995597720
1341846248.366013 0.083772130 -0.027462071 0.028305542 0.092727460 0.001545948 -0.024201652 0.995396137
1341846248.402093 0.078920282 -0.020444848 0.028745882 0.093272902 0.001132151 -0.023646040 0.995359182
1341846248.433862 0.087595724 -0.031236876 0.026113329 0.091929227 0.000004370 -0.023786418 0.995481431
1341846248.466804 0.087163508 -0.024007324 0.026963040 0.093731023 0.001286012 -0.024939422 0.995284319
1341846248.502139 0.080044754 -0.012008059 0.026751451 0.093128607 0.001952329 -0.025602080 0.995323002
1341846248.534215 0.080318414 -0.025579110 0.033674765 0.089543045 -0.000066463 -0.024908701 0.995671451
1341846248.565971 0.086893506 -0.035000950 0.021639330 0.090065517 -0.001343969 -0.024459012 0.995634615
1341846248.602003 0.085730091 -0.019264506 0.017993459 0.090709932 0.000174485 -0.025914924 0.995540082
1341846248.640295 0.085386693 -0.034694668 0.017954787 0.087756619 0.000324555 -0.025678599 0.995810926
1341846248.675831 0.087977864 -0.037735511 0.026510594 0.090390563 0.000603509 -0.025292234 0.995585084
1341846248.708095 0.090226479 -0.031499181 0.017614480 0.092479460 0.001223251 -0.025005253 0.995399833
1341846248.740085 0.084397689 -0.031315077 0.020918069 0.091975957 0.001867511 -0.025367061 0.995436370
1341846248.802167 0.089280978 -0.030535894 0.019866671 0.094668671 0.000738796 -0.025501817 0.995181918
1341846248.833950 0.081473075 -0.032939266 0.025912084 0.094040714 0.001483317 -0.025953723 0.995228887
1341846248.869901 0.081798479 -0.042035550 0.023298584 0.094466686 0.001027781 -0.025362784 0.995204389
1341846248.901932 0.086400084 -0.036905888 0.023148151 0.096704639 0.000756426 -0.024616489 0.995008409
1341846248.938035 0.080822647 -0.029368652 0.021092609 0.097062677 0.001551672 -0.025328951 0.994954765
1341846248.969908 0.081063762 -0.031464726 0.021868590 0.096149527 0.000816315 -0.025345672 0.995043874
1341846249.001964 0.080694877 -0.037376743 0.024442023 0.094903827 0.000979538 -0.025871165 0.995149732
1341846249.037998 0.079863831 -0.025440207 0.023145016 0.096522026 0.000970364 -0.024739712 0.995022833
1341846249.069961 0.079155684 -0.027035829 0.024808947 0.094912879 -0.000005118 -0.023767168 0.995201886
1341846249.105888 0.085672751 -0.033724826 0.023332886 0.093932681 -0.000273802 -0.023872646 0.995292246
1341846249.138041 0.083930843 -0.026174007 0.027164869 0.095038570 0.001148988 -0.023849690 0.995187223
1341846249.169904 0.083354004 -0.029797740 0.029904546 0.094549626 0.001148450 -0.022359522 0.995268404
1341846249.206013 0.088411681 -0.035719745 0.027392264 0.095357396 0.001248747 -0.021477118 0.995210648
1341846249.237872 0.088303447 -0.025498895 0.022183102 0.096500441 0.002487239 -0.021833463 0.995090425
1341846249.306095 0.089895338 -0.038193218 0.027428096 0.094393812 0.002999934 -0.022420576 0.995278001
1341846249.337853 0.090107463 -0.026288759 0.028351542 0.096793681 0.004069745 -0.021796700 0.995057523
1341846249.373854 0.088586375 -0.025339872 0.026933094 0.095390551 0.004610234 -0.022389632 0.995177448
1341846249.405928 0.096920192 -0.033033513 0.029969925 0.093656525 0.004595532 -0.022511955 0.995339453
1341846249.437945 0.096464112 -0.033220325 0.028757393 0.094676517 0.006413654 -0.023196260 0.995217144
1341846249.474182 0.095940568 -0.025460158 0.030394370 0.095169976 0.006531355 -0.023037577 0.995172977
1341846249.505956 0.095913835 -0.025004882 0.033117600 0.093832888 0.006386225 -0.022691358 0.995308876
1341846249.538288 0.095139056 -0.025590770 0.035741512 0.093613990 0.006897797 -0.023216782 0.995313942
1341846249.574263 0.093547091 -0.026487527 0.033847816 0.093003452 0.007185153 -0.022913950 0.995376170
1341846249.606015 0.093782708 -0.024619784 0.035948291 0.092083596 0.005952241 -0.020808760 0.995516121
1341846249.641995 0.093247160 -0.029939950 0.033509310 0.091555908 0.004885376 -0.018918440 0.995608270
1341846249.674108 0.095629781 -0.015610136 0.037175275 0.092110440 0.003436112 -0.017633995 0.995586753
1341846249.706034 0.089635476 -0.022501737 0.032965969 0.088380307 0.003188933 -0.017833969 0.995922089
1341846249.742012 0.093672737 -0.027843053 0.037833266 0.087640792 0.001617376 -0.016257705 0.996018171
1341846249.773906 0.086643368 -0.021513777 0.032450706 0.088825919 -0.000205518 -0.013228990 0.995959342
1341846249.806093 0.090181820 -0.015745288 0.038274519 0.088622548 -0.003231144 -0.010818457 0.996001363
1341846249.842148 0.088073172 -0.019344080 0.035772473 0.087539904 -0.005027886 -0.009651295 0.996101558
1341846249.873923 0.088706657 -0.021675879 0.039982349 0.087339208 -0.006843141 -0.008265745 0.996120870
1341846249.909991 0.082666032 -0.008503539 0.040139262 0.088503644 -0.010228577 -0.005817706 0.996006370
1341846249.942024 0.089386225 -0.017378330 0.035740204 0.086710714 -0.013665820 -0.003402816 0.996133983
1341846249.974199 0.096604683 -0.012596378 0.036571879 0.087835260 -0.015864644 -0.003984801 0.996000707
1341846250.010384 0.085382611 -0.011078992 0.031603374 0.087582462 -0.016244108 -0.004073494 0.996016562
1341846250.042022 0.094423793 -0.011794458 0.036067728 0.087597661 -0.019239891 -0.002732337 0.995966375
1341846250.078047 0.104398295 -0.014493941 0.028696625 0.088874124 -0.020419121 -0.001938226 0.995831668
1341846250.109945 0.108824760 -0.001083405 0.031172171 0.090360068 -0.019262783 -0.003295186 0.995717466
1341846250.141849 0.105882592 -0.002745667 0.027730731 0.087910861 -0.017572811 -0.003481186 0.995967269
1341846250.177803 0.112201668 -0.012578315 0.034209397 0.087312795 -0.015672991 -0.003352616 0.996052027
1341846250.210137 0.121904105 -0.006580670 0.032181282 0.088497996 -0.012693582 -0.004138155 0.995986879
1341846250.241903 0.117932640 -0.002601153 0.032461137 0.088000491 -0.009814911 -0.006882977 0.996048331
1341846250.277878 0.116393246 -0.002125138 0.041579816 0.087566145 -0.008096744 -0.009344969 0.996081948
1341846250.309873 0.108080082 0.000315159 0.041281417 0.087225772 -0.006968886 -0.010058821 0.996113420
1341846250.346142 0.110552512 -0.002373542 0.038058423 0.086932525 -0.007564621 -0.010112866 0.996134162
1341846250.377944 0.111961700 0.000169628 0.043918416 0.087897725 -0.007801777 -0.009331864 0.996055245
1341846250.410038 0.112648204 0.000195856 0.041744556 0.088360772 -0.007876531 -0.009656867 0.996010602
1341846250.445984 0.109470330 -0.000273844 0.039189000 0.089448713 -0.007737134 -0.010259605 0.995908558
1341846250.477872 0.106002964 0.001301375 0.039412968 0.089198709 -0.007482531 -0.011179021 0.995923042
1341846250.509930 0.103910960 -0.002062309 0.045255676 0.088635214 -0.009203537 -0.009116762 0.995979905
1341846250.546119 0.111795269 -0.001198844 0.040263087 0.089331739 -0.011444521 -0.008642828 0.995898724
1341846250.577998 0.115928456 0.006398815 0.038741298 0.088881314 -0.010986279 -0.009532548 0.995936036
1341846250.613828 0.112354107 0.001150838 0.045073926 0.087054193 -0.010290296 -0.009122503 0.996108651
1341846250.646114 0.115058556 0.001461546 0.043862823 0.087274872 -0.010904339 -0.006539494 0.996103108
1341846250.677812 0.114062130 0.006393875 0.040301360 0.087551437 -0.010557523 -0.004225492 0.996095121
1341846250.713958 0.109603062 0.004558661 0.036124062 0.085652113 -0.009542154 -0.003613140 0.996272862
1341846250.745904 0.113612846 0.016237965 0.050256588 0.085733756 -0.009474383 -0.001474013 0.996271968
1341846250.777886 0.111164734 0.017175131 0.048285816 0.085239440 -0.011100762 0.000516990 0.996298611
1341846250.814024 0.114060774 0.015049049 0.041976098 0.084177919 -0.012307752 0.001378760 0.996373773
1341846250.846025 0.115965784 0.014691988 0.044196941 0.082822546 -0.012094087 0.000049229 0.996490896
1341846250.881824 0.113659807 0.008835024 0.050286628 0.082495704 -0.011976846 0.000255621 0.996519446
1341846250.913808 0.115384072 0.010558837 0.047296744 0.084736958 -0.012277290 0.000596936 0.996327579
1341846250.946118 0.114883311 0.003469578 0.041684579 0.084662266 -0.011173600 -0.000329396 0.996347010
1341846250.981803 0.107487716 0.002338053 0.041449007 0.085658789 -0.010533208 -0.000748413 0.996268630
1341846251.014047 0.105626896 0.000080008 0.038975906 0.085372254 -0.011695103 -0.001756066 0.996278942
1341846251.046033 0.111605540 -0.003914401 0.039261684 0.085678220 -0.012987508 -0.002788903 0.996234357
1341846251.081959 0.112810381 -0.009314924 0.037653077 0.086816110 -0.012660922 -0.003164354 0.996138930
1341846251.114058 0.110544465 -0.008394594 0.037861228 0.088650271 -0.011917345 -0.003645166 0.995984852
1341846251.149920 0.116390705 -0.007578879 0.035610490 0.090006426 -0.011922419 -0.003870989 0.995862365
1341846251.181983 0.117646545 -0.003788227 0.035057150 0.091105439 -0.011282755 -0.004962719 0.995765030
1341846251.214205 0.107641920 -0.004399365 0.039744452 0.092158929 -0.010103777 -0.006157157 0.995674074
1341846251.249978 0.102322862 -0.005134458 0.038039085 0.092321150 -0.011620007 -0.005492409 0.995646417
1341846251.281923 0.104908161 -0.006469245 0.034390528 0.092762165 -0.013502804 -0.005289207 0.995582759
1341846251.318026 0.104172260 0.000923597 0.036672343 0.093266658 -0.014318664 -0.005895522 0.995520711
1341846251.350003 0.102598578 -0.000009869 0.034660172 0.091032073 -0.016511530 -0.006224983 0.995691657
1341846251.382003 0.102160454 -0.005775099 0.035455257 0.090451673 -0.018770998 -0.005643706 0.995707989
1341846251.417971 0.107024379 0.004869216 0.040543687 0.091877528 -0.019989653 -0.006255988 0.995550036
1341846251.449878 0.094639786 0.006239114 0.032650754 0.089083143 -0.019793598 -0.007931164 0.995795906
1341846251.481872 0.097170912 0.006667062 0.041526571 0.086788401 -0.021330982 -0.008506550 0.995962083
1341846251.517870 0.098563023 0.007111302 0.035834018 0.085419230 -0.023227196 -0.006977092 0.996049881
1341846251.549884 0.103560500 0.009886316 0.040613633 0.083809450 -0.024000408 -0.007237068 0.996166468
1341846251.586071 0.101734683 0.006041375 0.044793148 0.082881846 -0.023478763 -0.007103912 0.996257484
1341846251.618241 0.094661817 0.002186771 0.041700970 0.083225027 -0.023714697 -0.005632600 0.996232688
1341846251.649917 0.107553661 0.001215077 0.038080361 0.083748765 -0.024351124 -0.004642738 0.996178567
1341846251.686034 0.108928949 0.004175093 0.038422477 0.084716432 -0.022461455 -0.005864099 0.996134698
1341846251.718103 0.099512719 0.006862055 0.041069970 0.084777541 -0.020073211 -0.007938519 0.996166110
1341846251.749907 0.097327299 0.004366210 0.043922134 0.085134648 -0.020502219 -0.006723715 0.996135831
