1341845688.561749 0.000000000 0.000000000 0.000000000 -0.000000000 -0.000000000 -0.000000000 1.000000000
1341845688.593654 -0.008393487 -0.001683556 0.000338429 0.000560265 -0.001873249 0.002978305 0.999993682
1341845688.629688 -0.009025943 -0.002151683 -0.002934323 0.001692947 -0.006239230 0.004191909 0.999970317
1341845688.663680 -0.004089591 -0.000830604 -0.015682977 0.003369315 -0.011954401 0.009060571 0.999881804
1341845688.697719 -0.009474294 0.004756192 -0.023193527 0.006334483 -0.017227592 0.017170696 0.999684095
1341845688.729899 0.014583583 0.018282726 -0.021985522 0.012499026 -0.026745753 0.019159446 0.999380529
1341845688.761762 0.014270737 0.019549219 -0.020534554 0.015148619 -0.030729702 0.020743109 0.999197662
1341845688.797687 -0.004144456 0.003175086 -0.022568421 0.014987087 -0.027064163 0.019152973 0.999337852
1341845688.829892 -0.010870899 0.008499993 -0.026096901 0.015663708 -0.024174936 0.017592881 0.999430239
1341845688.865774 -0.017391162 0.008475456 -0.028152369 0.015204020 -0.022762915 0.016862525 0.999483109
1341845688.929779 -0.016009627 0.014569667 -0.033438589 0.016173556 -0.029065475 0.018696640 0.999271810
1341845688.965631 -0.007372726 0.011948199 -0.040591020 0.015204128 -0.032820854 0.016279856 0.999213040
1341845688.997750 -0.017460389 0.021519396 -0.037956581 0.015372848 -0.032336298 0.015816340 0.999233723
1341845689.029751 -0.015875185 0.036653019 -0.043880139 0.012992484 -0.030078823 0.010595301 0.999406934
1341845689.065755 -0.020561295 0.028343452 -0.051396914 0.007554939 -0.027068984 0.006659792 0.999582827
1341845689.097725 -0.013737831 0.031047961 -0.044466056 0.004947471 -0.026764259 0.006841021 0.999606192
1341845689.133718 -0.009896008 0.028872050 -0.047901325 0.001683552 -0.025944913 0.009225021 0.999619484
1341845689.165884 -0.012412438 0.028238092 -0.047456577 -0.000438792 -0.024690419 0.012316532 0.999619186
1341845689.198264 -0.014583242 0.024928814 -0.049539015 -0.004314561 -0.024005642 0.014407705 0.999598742
1341845689.234322 -0.017810322 0.024901995 -0.043334372 -0.006885172 -0.022928463 0.016998379 0.999568939
1341845689.265745 -0.022722820 0.029772552 -0.049728971 -0.007932119 -0.021687552 0.018422320 0.999563634
1341845689.297769 -0.019454265 0.037516881 -0.052189786 -0.008372438 -0.022747409 0.020275461 0.999500573
1341845689.333650 -0.015516425 0.032494634 -0.052353337 -0.010117002 -0.022285311 0.020582816 0.999488652
1341845689.365881 -0.020884318 0.031234404 -0.055094328 -0.010058900 -0.021311140 0.020186434 0.999518454
1341845689.401592 -0.019345256 0.033120677 -0.055756345 -0.008704956 -0.022283591 0.019864285 0.999516487
1341845689.433744 -0.020080674 0.030051759 -0.057476759 -0.008337454 -0.022943113 0.019255444 0.999516606
1341845689.465651 -0.024858505 0.018435398 -0.055864953 -0.007438325 -0.023767786 0.019110311 0.999507189
1341845689.501840 -0.016307723 0.029825183 -0.063422211 -0.001903739 -0.027992284 0.017689778 0.999449790
1341845689.533687 -0.006977795 0.032684989 -0.067370683 0.000393362 -0.031600546 0.014275598 0.999398589
1341845689.565814 -0.012449537 0.033580292 -0.072575219 0.002347450 -0.030690989 0.010482422 0.999471247
1341845689.601682 -0.018673750 0.029920619 -0.073506348 0.005028706 -0.031282455 0.007657803 0.999468625
1341845689.633591 -0.013716284 0.031626645 -0.076839425 0.007025009 -0.034549389 0.002206375 0.999375880
1341845689.669672 -0.015885156 0.032548599 -0.078478292 0.008190284 -0.036148239 -0.000007983 0.999312937
1341845689.701700 -0.017455978 0.033293236 -0.080619782 0.009301486 -0.038129102 0.000732789 0.999229252
1341845689.733773 -0.015350765 0.034000233 -0.076083802 0.009573608 -0.040602747 -0.002847859 0.999125421
1341845689.769822 -0.016578525 0.036038600 -0.071127042 0.010280155 -0.042386580 -0.003082430 0.999043703
1341845689.802003 -0.021223418 0.035972469 -0.079748169 0.010094267 -0.043427873 -0.003736403 0.998998642
1341845689.833757 -0.034592438 0.033586353 -0.086971745 0.010719201 -0.045599528 -0.005150761 0.998889089
1341845689.869861 -0.032812063 0.034493949 -0.086115703 0.011864477 -0.048216246 -0.006737519 0.998743773
1341845689.901825 -0.031736545 0.033658497 -0.086364500 0.011841329 -0.049667202 -0.007212770 0.998669624
1341845689.937674 -0.032856904 0.034406655 -0.090850122 0.012920522 -0.051809158 -0.006458634 0.998552620
1341845689.969679 -0.026879201 0.035813812 -0.089638218 0.013091106 -0.053846266 -0.007038996 0.998438656
1341845690.003830 -0.029123206 0.036038987 -0.090516590 0.013022454 -0.053744335 -0.005956858 0.998452067
1341845690.037686 -0.030365184 0.032290593 -0.089142621 0.012599598 -0.053898379 -0.007795589 0.998436511
1341845690.069636 -0.028258817 0.034320425 -0.088587545 0.013486929 -0.054076813 -0.007201246 0.998419702
1341845690.106587 -0.032067768 0.032164570 -0.089521632 0.013043518 -0.053560659 -0.007395793 0.998452008
1341845690.138859 -0.025638936 0.033491779 -0.089218803 0.012901503 -0.055111095 -0.008479385 0.998360872
1341845690.169919 -0.028262926 0.033975538 -0.090209380 0.013057833 -0.054111302 -0.007515074 0.998421311
1341845690.206103 -0.023381647 0.034987852 -0.093120731 0.012584384 -0.054343805 -0.008331104 0.998408258
1341845690.237700 -0.027111271 0.031643271 -0.092971109 0.011399540 -0.054516941 -0.008110809 0.998414874
1341845690.269981 -0.028594993 0.033938523 -0.090703778 0.012584883 -0.055767644 -0.008233846 0.998330534
1341845690.306143 -0.027953539 0.033269685 -0.086181678 0.013105474 -0.057161883 -0.009870853 0.998230100
1341845690.338646 -0.031373147 0.036098976 -0.083608240 0.013006028 -0.057104584 -0.008769637 0.998245001
1341845690.373833 -0.031166144 0.035381213 -0.081079796 0.011563552 -0.057305217 -0.008933593 0.998249829
1341845690.405976 -0.030526169 0.033758488 -0.079154000 0.011579729 -0.057606168 -0.009659228 0.998225510
1341845690.437908 -0.027862290 0.039060745 -0.081987508 0.012398139 -0.057735514 -0.009560891 0.998209178
1341845690.473654 -0.035565697 0.035971623 -0.083050705 0.011823779 -0.057113279 -0.008418141 0.998262227
1341845690.505978 -0.032752518 0.034607738 -0.082411170 0.012333825 -0.059150770 -0.007918884 0.998141527
1341845690.537884 -0.022812605 0.038911682 -0.089057617 0.012814827 -0.060354311 -0.010333004 0.998041332
1341845690.573708 -0.022251232 0.037396360 -0.091572627 0.011946569 -0.058995366 -0.009613776 0.998140514
1341845690.605848 -0.031886272 0.036600448 -0.082862675 0.011755423 -0.057635803 -0.007883950 0.998237371
1341845690.641747 -0.023279876 0.031871744 -0.083677463 0.012027787 -0.058857091 -0.009362494 0.998150051
1341845690.673751 -0.022290578 0.033375133 -0.081495695 0.012417904 -0.058513921 -0.009253289 0.998166502
1341845690.706003 -0.020293158 0.032450195 -0.081308842 0.012386262 -0.057440143 -0.009300016 0.998228788
1341845690.741684 -0.024942776 0.031912744 -0.080182560 0.013218760 -0.056294993 -0.010452071 0.998272002
1341845690.773770 -0.021591268 0.033451874 -0.081580438 0.013600179 -0.056161106 -0.009750262 0.998281479
1341845690.805715 -0.032180533 0.035486259 -0.080849312 0.014054483 -0.054099236 -0.008275021 0.998402417
1341845690.841674 -0.024003934 0.033964381 -0.080613181 0.014274618 -0.054486122 -0.007803537 0.998382032
1341845690.873770 -0.020492848 0.035328224 -0.084644318 0.014378392 -0.054404620 -0.007785305 0.998385131
1341845690.909837 -0.024306681 0.033452913 -0.080801263 0.013715485 -0.052912127 -0.007544900 0.998476505
1341845690.941576 -0.026761405 0.034580417 -0.079428166 0.013697442 -0.052535310 -0.007071093 0.998500109
1341845690.973879 -0.012466783 0.030025147 -0.090328082 0.012906464 -0.053542223 -0.006383143 0.998461783
1341845691.011558 -0.014920509 0.031081237 -0.091356486 0.012814772 -0.052644674 -0.005369622 0.998516679
1341845691.077986 -0.024885433 0.037832197 -0.078481145 0.014332467 -0.051433671 -0.007043616 0.998548806
1341845691.109685 -0.009221060 0.032958705 -0.085130915 0.014172547 -0.052551948 -0.006917220 0.998493671
1341845691.141759 -0.009944527 0.033266112 -0.085083842 0.014608464 -0.051260304 -0.006666169 0.998556256
1341845691.177729 -0.010981734 0.032330543 -0.089704551 0.015154689 -0.051383741 -0.007253857 0.998537719
1341845691.209644 -0.013069125 0.038067818 -0.082603872 0.016222700 -0.051416788 -0.009099339 0.998504102
1341845691.241757 -0.004950323 0.032519706 -0.085613452 0.015323554 -0.050890394 -0.009772605 0.998538852
1341845691.277595 -0.007474021 0.031149816 -0.087149382 0.015992424 -0.050514266 -0.008618324 0.998558104
1341845691.310138 -0.015523068 0.034667376 -0.087015979 0.017143443 -0.051742721 -0.009218635 0.998470783
1341845691.345620 -0.005774886 0.031417917 -0.087016933 0.016305616 -0.052485872 -0.010834428 0.998429775
1341845691.378062 -0.002284955 0.031436171 -0.089898944 0.016693927 -0.050450459 -0.012281967 0.998511553
1341845691.451922 -0.004883263 0.035647292 -0.087318756 0.018082066 -0.050107621 -0.013445264 0.998489678
1341845691.509739 -0.007822282 0.032436766 -0.083650976 0.016717151 -0.047999620 -0.012913353 0.998623967
1341845691.545833 -0.003899537 0.034762606 -0.086970054 0.017533578 -0.048773460 -0.015404942 0.998537183
1341845691.578399 0.000057744 0.037099931 -0.079465024 0.016857022 -0.048299264 -0.017447725 0.998538256
1341845691.613857 -0.009107572 0.035380960 -0.093101203 0.015897103 -0.044790126 -0.019626131 0.998677135
1341845691.645632 -0.005474702 0.034071956 -0.087111242 0.017266246 -0.041727275 -0.023746934 0.998697579
1341845691.677793 -0.003935806 0.033487212 -0.075842030 0.018908843 -0.041019190 -0.024389436 0.998681664
1341845691.713727 -0.002833354 0.032741159 -0.085503146 0.019004313 -0.043009616 -0.019997124 0.998693764
1341845691.746050 -0.008297984 0.036749464 -0.081623346 0.019803613 -0.042945303 -0.019837068 0.998684168
1341845691.778411 -0.000687831 0.042642869 -0.077923708 0.019399127 -0.041444555 -0.021260947 0.998726249
1341845691.813646 -0.015298886 0.038790863 -0.075603649 0.017629061 -0.038388476 -0.020585444 0.998895288
1341845691.845603 -0.014987187 0.038141884 -0.083873086 0.017549288 -0.039408002 -0.018958759 0.998889208
1341845691.881595 -0.013092231 0.038548212 -0.082496539 0.017761912 -0.040879544 -0.020347130 0.998799026
1341845691.913600 -0.011995758 0.037683558 -0.081379697 0.017827583 -0.040191617 -0.020373225 0.998825192
1341845691.945997 -0.026762284 0.036918309 -0.083413057 0.018231105 -0.038769823 -0.017896442 0.998921514
1341845691.981657 -0.010531336 0.035084274 -0.075599633 0.020212697 -0.044911429 -0.016966956 0.998642385
1341845692.013904 -0.001905378 0.037413131 -0.074631512 0.022411939 -0.049801726 -0.015724873 0.998383880
1341845692.049676 0.002731315 0.038086411 -0.079888202 0.022633802 -0.051251240 -0.013719327 0.998335004
1341845692.081862 -0.013119740 0.037916999 -0.081703529 0.023401260 -0.050824106 -0.010734061 0.998375773
1341845692.113695 0.004399800 0.038394444 -0.084037103 0.023871528 -0.053598218 -0.013048314 0.998192012
1341845692.149736 -0.002879363 0.038757298 -0.082017802 0.023754777 -0.052623995 -0.012205122 0.998257220
1341845692.182123 -0.004075729 0.036083709 -0.083002038 0.024269132 -0.051317468 -0.012434874 0.998310030
1341845692.213661 -0.011798326 0.037211698 -0.082524158 0.025689960 -0.051301386 -0.010421576 0.998298347
1341845692.249828 -0.009227986 0.037387833 -0.085489549 0.025292778 -0.051412836 -0.010331883 0.998303711
1341845692.282146 -0.006992712 0.035221577 -0.084133543 0.024656281 -0.050817080 -0.011188518 0.998340905
1341845692.317711 -0.008429213 0.034451369 -0.089179561 0.024140721 -0.050775662 -0.011708510 0.998349667
1341845692.349688 -0.006303370 0.034454893 -0.079713747 0.024806878 -0.052602470 -0.011759730 0.998238146
1341845692.381560 -0.004151284 0.032522142 -0.079703838 0.025755374 -0.053030834 -0.013081574 0.998174965
1341845692.417776 -0.003148487 0.034981471 -0.085006915 0.026946150 -0.052617513 -0.013812941 0.998155594
1341845692.449672 -0.003389966 0.036165748 -0.081788614 0.027743850 -0.052786462 -0.014457631 0.998115718
1341845692.481594 -0.004029654 0.031644206 -0.084529892 0.028323539 -0.053006280 -0.015858131 0.998066485
1341845692.517778 0.002205069 0.031137716 -0.086292483 0.029415984 -0.053831067 -0.016199348 0.997985303
1341845692.549744 -0.004876998 0.033059880 -0.085021511 0.031023597 -0.053186774 -0.016252067 0.997970223
1341845692.585822 -0.004682725 0.032362606 -0.091372430 0.030997192 -0.053413302 -0.016789120 0.997950077
1341845692.617836 -0.009457726 0.039169509 -0.086285569 0.032178428 -0.052437395 -0.016354827 0.997971654
1341845692.649770 -0.009152322 0.032030653 -0.089341521 0.032039735 -0.051504873 -0.017165344 0.998011053
1341845692.685749 -0.000304319 0.029942878 -0.093114287 0.032219749 -0.053324610 -0.017633731 0.997901559
1341845692.717676 0.000604359 0.030041143 -0.092499673 0.032309745 -0.053318232 -0.018090323 0.997890830
1341845692.749897 -0.008297159 0.040332504 -0.091403134 0.033521581 -0.051610377 -0.015645320 0.997981966
1341845692.785833 -0.011520345 0.032692131 -0.094401009 0.033747736 -0.051025614 -0.017789975 0.997968495
1341845692.817657 -0.007529384 0.032709979 -0.092034206 0.034803025 -0.052652709 -0.020696152 0.997791588
1341845692.853833 -0.012065002 0.037835240 -0.090492502 0.036185320 -0.051465239 -0.021568237 0.997785985
1341845692.885614 -0.016514689 0.037929840 -0.092335090 0.037828662 -0.050605662 -0.021528840 0.997769833
1341845692.917728 -0.009790138 0.041125432 -0.092230394 0.039200891 -0.052176714 -0.022717653 0.997609615
1341845692.953573 -0.005878682 0.035574619 -0.099545844 0.039207108 -0.051515453 -0.024007540 0.997613430
1341845692.985667 -0.001967770 0.036648348 -0.105226971 0.040537067 -0.051265720 -0.024119578 0.997570515
1341845693.017585 0.000419178 0.036396366 -0.105507031 0.040749282 -0.051426575 -0.024481727 0.997544706
1341845693.053684 -0.002567072 0.034808230 -0.099163257 0.040527508 -0.050491113 -0.025178291 0.997584224
1341845693.086059 -0.008490404 0.034326874 -0.107795596 0.041180450 -0.049516033 -0.024373749 0.997626364
1341845693.121690 -0.005736632 0.033303242 -0.112816647 0.041219033 -0.050596096 -0.023284847 0.997596622
1341845693.153852 -0.005520872 0.039905023 -0.107099682 0.041201193 -0.052450120 -0.022695551 0.997515142
1341845693.185655 -0.003276956 0.036422480 -0.104772940 0.040053699 -0.050694760 -0.023377823 0.997636795
1341845693.221687 -0.008289116 0.038289748 -0.105029926 0.040452149 -0.049437106 -0.021326402 0.997729838
1341845693.254518 -0.010987364 0.035249859 -0.107220702 0.040578995 -0.052241735 -0.019831743 0.997612596
1341845693.289735 -0.003510246 0.037025336 -0.108134076 0.040958647 -0.054014947 -0.019678108 0.997505724
1341845693.321741 0.008808299 0.037246700 -0.101679191 0.040433772 -0.051016498 -0.019946305 0.997679591
1341845693.353715 -0.008704756 0.038759965 -0.100493982 0.040597815 -0.045544937 -0.018982720 0.997956514
1341845693.421993 0.000784270 0.036801860 -0.091563642 0.041242640 -0.043286588 -0.019062074 0.998029053
1341845693.453700 -0.001781444 0.040940799 -0.095995642 0.041723009 -0.041406810 -0.021487763 0.998039603
1341845693.489783 -0.000682076 0.035179146 -0.094128266 0.042207539 -0.039803658 -0.022429738 0.998063684
1341845693.522084 -0.004458739 0.036542457 -0.095594235 0.044092059 -0.039887778 -0.022318065 0.997981369
1341845693.557666 0.006036352 0.036406990 -0.097033314 0.046108134 -0.042667240 -0.022355618 0.997774422
1341845693.589792 0.007487718 0.039502271 -0.104919523 0.047010385 -0.043417741 -0.022738019 0.997691333
1341845693.622158 0.006147872 0.038546931 -0.097359344 0.047325168 -0.042219240 -0.024337256 0.997690082
1341845693.689929 0.006101234 0.042511597 -0.107324287 0.046399120 -0.040966708 -0.022821140 0.997821689
1341845693.721602 0.003084039 0.048317529 -0.103563674 0.045053445 -0.039071318 -0.024053557 0.997930408
1341845693.757636 0.001617286 0.042338844 -0.103354141 0.042526569 -0.038012389 -0.024670668 0.998067081
1341845693.789776 0.001689796 0.044881783 -0.100103289 0.042081621 -0.038793132 -0.024300938 0.998064995
1341845693.825637 -0.003121969 0.042518482 -0.098822974 0.040346637 -0.038242523 -0.024342442 0.998156905
1341845693.857724 0.000144060 0.037772123 -0.097102903 0.038860507 -0.038516328 -0.024603184 0.998198926
1341845693.889741 -0.001303133 0.039563611 -0.100246333 0.039573479 -0.038178120 -0.023050260 0.998220980
1341845693.925573 -0.008027915 0.040035322 -0.102503240 0.038828429 -0.037095185 -0.020493096 0.998346806
1341845693.957722 -0.007234998 0.037597947 -0.092906915 0.039362133 -0.036952917 -0.019520150 0.998350739
1341845693.990410 0.002420250 0.043246564 -0.097521000 0.040609885 -0.037794251 -0.019048328 0.998278320
1341845694.025740 -0.000208056 0.045664106 -0.095881291 0.041569218 -0.036005929 -0.020480629 0.998276651
1341845694.057728 -0.003622595 0.045667313 -0.096828081 0.042044487 -0.034512553 -0.020446813 0.998310089
1341845694.093631 -0.003413626 0.038695458 -0.098373659 0.042843297 -0.034742329 -0.020736448 0.998262227
1341845694.125598 -0.002601589 0.038559638 -0.094805472 0.044281110 -0.035046142 -0.020719135 0.998189270
1341845694.157890 0.001245414 0.040229410 -0.101365693 0.045107957 -0.034601569 -0.021370729 0.998153985
1341845694.193528 0.002929198 0.037607372 -0.100839630 0.045536596 -0.034358155 -0.021098191 0.998148739
1341845694.226254 0.002916761 0.039458800 -0.100918427 0.047179203 -0.034313768 -0.021045420 0.998075068
1341845694.261793 0.005887491 0.039758556 -0.102553219 0.047772776 -0.034680862 -0.019552404 0.998064518
1341845694.293655 -0.001413736 0.035748281 -0.104657866 0.047689728 -0.033230059 -0.019854184 0.998111844
1341845694.325844 -0.000491568 0.034681294 -0.103337556 0.048816558 -0.035195932 -0.017414046 0.998035550
1341845694.361761 0.001346719 0.036457714 -0.097668223 0.050627582 -0.037978835 -0.014547145 0.997889221
1341845694.393754 0.003094390 0.038177136 -0.103530928 0.051487967 -0.040178154 -0.013175370 0.997778118
1341845694.425809 -0.003426313 0.041371040 -0.105172858 0.051823620 -0.041202940 -0.012311859 0.997730017
1341845694.461731 -0.001118800 0.042231847 -0.101677477 0.051827583 -0.042697951 -0.013667718 0.997649252
1341845694.493931 -0.005136348 0.045335241 -0.099264033 0.051042601 -0.042098127 -0.014947017 0.997696936
1341845694.529694 0.012539145 0.039873134 -0.098078690 0.049220297 -0.043097205 -0.017031141 0.997712374
1341845694.561652 0.007864462 0.035300232 -0.095794804 0.048538834 -0.043800738 -0.017106883 0.997713864
1341845694.595586 0.005340456 0.044725548 -0.096991815 0.050183583 -0.045277160 -0.015072554 0.997599363
1341845694.629850 0.007560547 0.045014419 -0.093426280 0.051450655 -0.047100797 -0.015096611 0.997449994
1341845694.661659 0.011212204 0.044795517 -0.102702193 0.052652538 -0.048276063 -0.013424503 0.997354984
1341845694.693720 0.017293707 0.041183874 -0.094491042 0.052476570 -0.045801390 -0.012966618 0.997487068
1341845694.735664 0.029787479 0.045197133 -0.102338254 0.050373338 -0.039669260 -0.011826453 0.997872293
1341845694.767988 0.027947923 0.045771372 -0.108073115 0.048571859 -0.033630297 -0.010469713 0.998198509
1341845694.803611 0.019734476 0.043322638 -0.097850576 0.046361532 -0.027723921 -0.008033544 0.998507619
1341845694.835585 0.010032020 0.043349188 -0.098538540 0.045280177 -0.022949105 -0.006754858 0.998687863
1341845694.867728 0.004970213 0.048223350 -0.108778499 0.044880915 -0.019825213 -0.004732840 0.998784423
1341845694.903566 0.019413516 0.043990273 -0.094017938 0.043629650 -0.018122453 -0.005872524 0.998866200
1341845694.935679 0.010545615 0.041260451 -0.092955098 0.042979892 -0.015348990 -0.005600026 0.998942375
1341845694.967669 0.015854312 0.041551605 -0.094734818 0.043366410 -0.014517430 -0.003824566 0.998946428
1341845695.003730 0.024031153 0.041248739 -0.094327696 0.043462392 -0.013483090 -0.003650937 0.998957455
1341845695.035689 0.025316156 0.039062541 -0.085507162 0.043112244 -0.010799118 -0.003420670 0.999006033
1341845695.072465 0.019494288 0.041789163 -0.088381343 0.043563280 -0.008104050 -0.002264297 0.999015272
1341845695.103895 0.018743288 0.040980130 -0.085228406 0.043756131 -0.009802671 -0.001178811 0.998993516
1341845695.135680 0.009996379 0.037297957 -0.080840237 0.044332497 -0.011919588 -0.000798987 0.998945415
1341845695.172193 0.021552509 0.028472589 -0.072302245 0.046687555 -0.019155972 -0.002534734 0.998722672
1341845695.203618 0.032135174 0.034462433 -0.106666803 0.049066544 -0.027109556 -0.002024067 0.998425484
1341845695.235612 0.019073933 0.039108709 -0.102948017 0.053205084 -0.034632679 0.002698738 0.997979224
1341845695.271738 0.029431362 0.033268075 -0.104537413 0.055692703 -0.039972544 -0.001722161 0.997646034
1341845695.303569 0.046190489 0.048265632 -0.100970417 0.058823809 -0.046062786 -0.000740117 0.997204840
1341845695.335657 0.035241589 0.049847838 -0.109515607 0.059560727 -0.047505215 -0.004411528 0.997083902
1341845695.371706 0.019290822 0.038968511 -0.097061872 0.059262644 -0.049704138 -0.006276459 0.996984482
1341845695.403745 0.013901368 0.037664421 -0.094858296 0.059569027 -0.052023008 -0.008020169 0.996835411
1341845695.435657 0.012098541 0.037359860 -0.089544699 0.060830396 -0.055277180 -0.009330642 0.996572673
1341845695.471720 0.014010428 0.040961422 -0.091354683 0.062764354 -0.059468295 -0.009857554 0.996206343
1341845695.503710 0.010631051 0.037857313 -0.098584495 0.062596664 -0.061673373 -0.011651415 0.996063471
1341845695.539693 0.012911184 0.038331587 -0.098299101 0.062349938 -0.065264590 -0.011566244 0.995851040
1341845695.603908 0.016123332 0.038699757 -0.097691797 0.063048944 -0.068149522 -0.014068953 0.995581567
1341845695.665980 0.022020118 0.040629268 -0.100251861 0.062531151 -0.070940629 -0.014800099 0.995408595
1341845695.701693 0.022655854 0.039731916 -0.102253683 0.062397331 -0.072413504 -0.013878522 0.995324194
1341845695.733686 0.025232825 0.037797436 -0.105773471 0.061709397 -0.073288783 -0.012992727 0.995315015
1341845695.769679 0.024235116 0.041899607 -0.103734940 0.061793737 -0.073532514 -0.012691765 0.995295644
1341845695.801697 0.019318454 0.047452241 -0.098717593 0.061317895 -0.073074393 -0.012273791 0.995364070
1341845695.833635 0.021315495 0.038823038 -0.099263653 0.059341941 -0.073173247 -0.012148543 0.995478094
1341845695.869766 0.022547806 0.042036030 -0.105176412 0.059146464 -0.072706714 -0.011206614 0.995535016
1341845695.901827 0.013840728 0.041721247 -0.103348032 0.058288496 -0.071510077 -0.011150355 0.995672882
1341845695.933900 0.018769208 0.042825274 -0.106877185 0.056772836 -0.072228491 -0.009873086 0.995722115
1341845695.969774 0.023628166 0.042882375 -0.102137029 0.055893254 -0.071880534 -0.009160683 0.995803893
1341845696.001940 0.021341404 0.042846851 -0.102715589 0.055266146 -0.070760578 -0.008607242 0.995923996
1341845696.037778 0.021769838 0.040646009 -0.094717920 0.054369450 -0.070932217 -0.007802675 0.995967746
1341845696.069962 0.019127754 0.040647611 -0.099887617 0.053165574 -0.070691541 -0.005548249 0.996064901
1341845696.102048 0.021401614 0.039120633 -0.099460125 0.052761402 -0.071583442 -0.004132336 0.996029615
1341845696.137759 0.022991979 0.038857188 -0.101885244 0.052328113 -0.072327681 -0.003619301 0.996000707
1341845696.169934 0.017843105 0.040039457 -0.100366257 0.051502734 -0.071989335 -0.004061086 0.996066570
1341845696.201602 0.026884509 0.042206299 -0.099529617 0.051181134 -0.072897501 -0.005310812 0.996011198
1341845696.237582 0.025505915 0.044434220 -0.095259242 0.049857676 -0.072770998 -0.006154673 0.996082723
1341845696.269654 0.025932787 0.041641660 -0.097589120 0.048111640 -0.073534757 -0.006739043 0.996108711
1341845696.305713 0.025512435 0.042365666 -0.093852900 0.047820318 -0.074495375 -0.006256580 0.996054530
1341845696.337790 0.016248401 0.039626189 -0.095395714 0.047333155 -0.074451253 -0.004143725 0.996092141
1341845696.369780 0.029901795 0.044292826 -0.098732613 0.047444098 -0.076185971 -0.003026542 0.995959640
1341845696.406019 0.030682111 0.044195309 -0.102935314 0.045997668 -0.076727882 -0.003657065 0.995983839
1341845696.437910 0.034399737 0.045256134 -0.098497219 0.044537485 -0.077220172 -0.003406329 0.996012986
1341845696.473667 0.033839241 0.041823160 -0.102662936 0.042707358 -0.076245844 -0.004547133 0.996163666
1341845696.505801 0.025762225 0.042604279 -0.100739934 0.041125018 -0.075036846 -0.004115506 0.996323884
1341845696.537879 0.029744757 0.042432174 -0.101043738 0.040156700 -0.075053588 -0.003156936 0.996365607
1341845696.573790 0.028351260 0.042678088 -0.105433650 0.039852362 -0.075474672 -0.002681449 0.996347427
1341845696.611644 0.033101879 0.039682772 -0.106009722 0.039502442 -0.076522991 -0.002890316 0.996280849
1341845696.648592 0.033488382 0.043748625 -0.102529526 0.039354879 -0.077282622 -0.002087549 0.996230066
1341845696.705640 0.039557122 0.042194445 -0.096096903 0.037134696 -0.077038735 -0.002014075 0.996334314
1341845696.741801 0.031422857 0.041474953 -0.091078930 0.036497198 -0.075296894 -0.001668431 0.996491611
1341845696.773765 0.033184856 0.045230016 -0.090244360 0.036663279 -0.074462116 -0.000652359 0.996549428
1341845696.805698 0.031412110 0.047796760 -0.085337438 0.035762515 -0.073920645 0.000333796 0.996622682
1341845696.841908 0.035958994 0.042443618 -0.090316691 0.034524605 -0.073717877 0.000230088 0.996681333
1341845696.873637 0.040697668 0.045770146 -0.099760160 0.033863340 -0.073073797 0.002173442 0.996749163
1341845696.905693 0.048738282 0.045400653 -0.092453167 0.032865137 -0.073027104 0.002003129 0.996786296
1341845696.941841 0.039989553 0.039798383 -0.108920991 0.030657480 -0.070857316 0.002116705 0.997013032
1341845696.973560 0.032238018 0.043740604 -0.092147499 0.030312095 -0.070658103 0.004785796 0.997028470
1341845697.009723 0.039318901 0.046010204 -0.105102226 0.029480692 -0.070607886 0.004961521 0.997056127
1341845697.041678 0.042398881 0.048087589 -0.094702005 0.028501898 -0.069396645 0.003673178 0.997175217
1341845697.073636 0.045073792 0.045471027 -0.101166710 0.028449347 -0.068882205 0.003895118 0.997211516
1341845697.109770 0.044831496 0.047722787 -0.099030741 0.029209947 -0.068095416 0.003283949 0.997245729
1341845697.141787 0.049962029 0.045960195 -0.100603476 0.028241407 -0.067987621 0.002264625 0.997283816
1341845697.173791 0.040524933 0.042129796 -0.100954384 0.027904652 -0.067205489 0.003525364 0.997342646
1341845697.209803 0.042303469 0.044186044 -0.101143286 0.028227281 -0.066981688 0.003587924 0.997348368
1341845697.241685 0.044844378 0.044297278 -0.104428753 0.027894290 -0.066951275 0.004263551 0.997357190
1341845697.277780 0.042995047 0.045442682 -0.103507787 0.027658498 -0.066647083 0.004197032 0.997384429
1341845697.309575 0.035625305 0.046262257 -0.101783678 0.027844818 -0.066232577 0.005136107 0.997402370
1341845697.342252 0.044147640 0.043344680 -0.099554352 0.027315101 -0.067327492 0.004580718 0.997346461
1341845697.377604 0.046196144 0.047391526 -0.102185510 0.027956242 -0.067621998 0.004389790 0.997309685
1341845697.409528 0.044554539 0.045243312 -0.103137530 0.027656104 -0.067125775 0.003675332 0.997354388
1341845697.441666 0.037365843 0.043779049 -0.099477321 0.027363503 -0.066108175 0.004035822 0.997429073
1341845697.477718 0.036038484 0.045802698 -0.100113347 0.028317967 -0.065819278 0.003864315 0.997422218
1341845697.509822 0.040015385 0.046709616 -0.098785251 0.028656740 -0.066617802 0.003417285 0.997361124
1341845697.545892 0.039145570 0.046855532 -0.105170295 0.028332274 -0.066956632 0.004376892 0.997343957
1341845697.577742 0.039230350 0.046198774 -0.103547908 0.028868964 -0.067393288 0.003828143 0.997301400
1341845697.609653 0.040250711 0.046182510 -0.100941904 0.029192049 -0.068314113 0.004191858 0.997227907
1341845697.645769 0.043923147 0.046401866 -0.099512786 0.028746098 -0.069209054 0.004352315 0.997178435
1341845697.677795 0.039612450 0.046734415 -0.101335250 0.028403690 -0.068995565 0.005273990 0.997198641
1341845697.713520 0.038804434 0.046804205 -0.097925186 0.028082874 -0.068415545 0.004540033 0.997251272
1341845697.745975 0.045165986 0.046776567 -0.097604975 0.027466798 -0.069201842 0.004437579 0.997214615
1341845697.777683 0.045053463 0.046642885 -0.098962650 0.027124295 -0.069454148 0.004312411 0.997207046
1341845697.813673 0.043221142 0.048420336 -0.098139770 0.026706811 -0.069167107 0.005216825 0.997233927
1341845697.845793 0.041273933 0.047650304 -0.098150745 0.025393888 -0.068452977 0.004962173 0.997318745
1341845697.877887 0.038106684 0.048581377 -0.092540964 0.024579866 -0.067914993 0.004644631 0.997377515
1341845697.913637 0.040636897 0.049156249 -0.095899381 0.024377448 -0.068714425 0.004687901 0.997327507
1341845697.945734 0.041721854 0.048200373 -0.095343888 0.023671631 -0.069019906 0.003738036 0.997327447
1341845697.981763 0.039736222 0.048077490 -0.094808981 0.023223527 -0.068508923 0.002870215 0.997376025
1341845698.013639 0.039429482 0.047850370 -0.093419425 0.023389837 -0.068451136 0.002859053 0.997376144
1341845698.045700 0.041204393 0.047241073 -0.096029989 0.023643514 -0.068414509 0.002050888 0.997374713
1341845698.081804 0.042977083 0.048313741 -0.097390741 0.023489317 -0.069249161 0.003236156 0.997317612
1341845698.113733 0.040469255 0.048799902 -0.095242754 0.023812082 -0.069416746 0.003039408 0.997298896
1341845698.145605 0.044567119 0.048404280 -0.099238209 0.024152119 -0.070204370 0.002661456 0.997236669
1341845698.181637 0.045071468 0.045668688 -0.097943321 0.024123540 -0.070462890 0.002322734 0.997219980
1341845698.213981 0.046703104 0.042718172 -0.099125512 0.023953835 -0.071303487 0.002611343 0.997163653
1341845698.249641 0.043138377 0.045554116 -0.102007106 0.024746744 -0.071779966 0.002314604 0.997110844
1341845698.281737 0.044777095 0.050941888 -0.098015614 0.024265068 -0.072334915 0.001217404 0.997084439
1341845698.313940 0.046740875 0.044233251 -0.099160701 0.023316054 -0.072835907 0.000335041 0.997071326
1341845698.349629 0.040486664 0.047849756 -0.096035019 0.023909688 -0.071800321 -0.000943064 0.997132003
1341845698.381667 0.044578064 0.049171735 -0.095981680 0.024195140 -0.073396355 -0.000249519 0.997009277
1341845698.413724 0.041778013 0.049304519 -0.095603324 0.024597649 -0.074456215 0.000296754 0.996920884
1341845698.449543 0.041497607 0.045705199 -0.101364449 0.024241164 -0.075039893 -0.000064052 0.996885896
1341845698.481693 0.042420991 0.044045150 -0.099632069 0.024251997 -0.076532863 0.000569803 0.996771932
1341845698.517644 0.042315107 0.046787761 -0.097586185 0.024549646 -0.077524252 -0.000282265 0.996688187
1341845698.549633 0.042192739 0.046834171 -0.098477811 0.025103450 -0.078317985 -0.001115934 0.996611714
1341845698.581773 0.048737921 0.045101341 -0.100294776 0.025675971 -0.079120934 -0.003309261 0.996528864
1341845698.617608 0.050825298 0.043638017 -0.098352104 0.026015727 -0.079794072 -0.003015952 0.996467292
1341845698.649887 0.045059301 0.045818958 -0.100300163 0.026493754 -0.079893723 -0.003977429 0.996443391
1341845698.685838 0.041454233 0.048061453 -0.097291365 0.028003670 -0.080049515 -0.003379488 0.996391773
1341845698.717744 0.042632431 0.048550863 -0.095724232 0.027729208 -0.079786904 -0.004301191 0.996416986
1341845698.749680 0.041954786 0.046625931 -0.098769844 0.026864007 -0.079723865 -0.002569193 0.996451676
1341845698.785826 0.046426196 0.049112115 -0.093286261 0.027053572 -0.079577915 -0.003451622 0.996455491
1341845698.817603 0.051494371 0.047746271 -0.099671707 0.026336828 -0.080168754 -0.003405029 0.996427476
1341845698.849705 0.043407831 0.044321213 -0.095410876 0.024992635 -0.078835376 -0.004649214 0.996563494
1341845698.885714 0.048568867 0.046604440 -0.093756445 0.025036009 -0.079818524 -0.003972103 0.996487021
1341845698.917723 0.049740121 0.047341723 -0.096734114 0.024546852 -0.079918809 -0.003802979 0.996491849
1341845698.953706 0.049046598 0.044149552 -0.095282681 0.023107326 -0.079025596 -0.004543841 0.996594429
1341845698.985694 0.049849853 0.046241857 -0.103025660 0.023093225 -0.078801587 -0.004405157 0.996613145
1341845699.017571 0.034146212 0.054467421 -0.093704455 0.023228507 -0.078282714 -0.002631724 0.996657073
1341845699.053593 0.044209339 0.048794270 -0.090214461 0.021501385 -0.079548799 -0.003400308 0.996593297
1341845699.086340 0.042062648 0.050174560 -0.094793297 0.019984981 -0.078896657 -0.003504309 0.996676326
1341845699.117688 0.043049522 0.049026441 -0.095766656 0.017940463 -0.078866452 -0.004288886 0.996714532
1341845699.153695 0.038417701 0.047657922 -0.096239157 0.016245024 -0.078484289 -0.004041295 0.996774793
1341845699.185845 0.039847583 0.051543791 -0.087363325 0.015811456 -0.078129239 -0.004083590 0.996809483
1341845699.221973 0.043901004 0.048367567 -0.090776801 0.014438925 -0.077737950 -0.004874561 0.996857345
1341845699.253571 0.041009739 0.050444584 -0.088115267 0.014464415 -0.078216016 -0.003430867 0.996825635
1341845699.285622 0.046195175 0.045516886 -0.099670537 0.014364524 -0.079192862 -0.003963224 0.996747971
1341845699.321906 0.054021996 0.047295135 -0.102513857 0.015315543 -0.081005938 -0.003004970 0.996591508
1341845699.354916 0.056222104 0.047101334 -0.099255159 0.015271417 -0.081900269 -0.002657221 0.996519983
1341845699.385859 0.058100566 0.047790620 -0.099709690 0.015557572 -0.082390904 -0.002822938 0.996474683
1341845699.421535 0.056792151 0.046715286 -0.103212461 0.015957534 -0.081521049 -0.004311495 0.996534586
1341845699.454093 0.050894681 0.048292786 -0.106394351 0.016246770 -0.080431819 -0.004620550 0.996617019
1341845699.489836 0.048241749 0.047646914 -0.100501992 0.015797108 -0.079392418 -0.004995702 0.996705770
1341845699.522001 0.054354157 0.043034691 -0.103820071 0.015540556 -0.080342785 -0.005002502 0.996633649
1341845699.556281 0.056335963 0.048110109 -0.101947710 0.016814180 -0.081367977 -0.003281269 0.996536911
1341845699.595416 0.060915422 0.043567359 -0.101830937 0.016878469 -0.080959886 -0.003284328 0.996569097
1341845699.628631 0.060681872 0.043806095 -0.104709543 0.016512999 -0.079826057 -0.004152392 0.996663392
1341845699.663810 0.054926608 0.045396354 -0.096673824 0.016665705 -0.079065032 -0.003408715 0.996724367
1341845699.696113 0.051302031 0.042390462 -0.098528676 0.017111899 -0.078275315 -0.002923328 0.996780694
1341845699.727683 0.051390298 0.052064199 -0.098865017 0.017200705 -0.077857688 -0.002727247 0.996812403
1341845699.789808 0.054030169 0.045671187 -0.092957988 0.014616452 -0.077140927 -0.003452036 0.996907115
1341845699.821737 0.058192842 0.043828547 -0.101595007 0.014159774 -0.077003136 -0.003656696 0.996923625
1341845699.857825 0.051869653 0.050448366 -0.100179419 0.014779583 -0.076561205 -0.003283232 0.996949911
1341845699.889686 0.049318571 0.047664791 -0.094747439 0.014817155 -0.076761611 -0.003031668 0.996934772
1341845699.925749 0.052649692 0.049032424 -0.098344296 0.015064334 -0.076743938 -0.003170969 0.996932030
1341845699.957536 0.055379041 0.045682181 -0.097429648 0.015441476 -0.076296099 -0.003684459 0.996958852
1341845699.989671 0.053760853 0.046236522 -0.095567681 0.016447568 -0.076431938 -0.003099229 0.996934354
1341845700.025810 0.060861923 0.046217106 -0.090214930 0.017847721 -0.077637590 -0.001995240 0.996819913
1341845700.058133 0.058690429 0.046805028 -0.094319612 0.018481720 -0.076965399 -0.001608860 0.996861160
1341845700.090754 0.060470298 0.047776449 -0.095841594 0.018799137 -0.076443516 -0.003707462 0.996889830
1341845700.125852 0.060324151 0.046872064 -0.092808813 0.018783396 -0.076468691 -0.004176940 0.996886313
1341845700.157773 0.053096376 0.044194568 -0.092488468 0.019044705 -0.076023571 -0.004017134 0.996916056
1341845700.193533 0.055556305 0.045454837 -0.091840886 0.019685240 -0.075693436 -0.004224821 0.996927917
1341845700.225771 0.059852008 0.044561520 -0.091881283 0.019302594 -0.075117059 -0.004466651 0.996977925
1341845700.257669 0.040187228 0.051764339 -0.081427142 0.020571120 -0.073709719 -0.002500595 0.997064412
1341845700.293641 0.041939743 0.048743650 -0.086131066 0.019987332 -0.073330969 -0.002432749 0.997104406
1341845700.325714 0.043887597 0.048053231 -0.087097451 0.020109117 -0.073441051 -0.001116423 0.997096241
1341845700.357742 0.050137814 0.056446817 -0.085819408 0.021034898 -0.073399901 -0.001344939 0.997079849
1341845700.393681 0.047342543 0.052500896 -0.085905857 0.020215837 -0.072334982 -0.002535260 0.997172296
1341845700.425997 0.045642190 0.048307143 -0.084224410 0.019444313 -0.071758211 -0.003287295 0.997227132
1341845700.461682 0.047850940 0.048196726 -0.080079876 0.019469228 -0.071764670 -0.003956732 0.997223735
1341845700.493808 0.045962550 0.051229950 -0.080448069 0.019601416 -0.071461923 -0.004088245 0.997242391
1341845700.526106 0.046109203 0.051523343 -0.084534802 0.019214515 -0.071222208 -0.004064854 0.997267187
1341845700.562458 0.045314431 0.051071867 -0.086762078 0.018972766 -0.071241856 -0.003399315 0.997272849
1341845700.626137 0.046442065 0.053018153 -0.085223094 0.018656604 -0.071635991 -0.002861835 0.997252226
1341845700.661872 0.048999157 0.053534366 -0.086707681 0.018412601 -0.071112193 -0.003915315 0.997290730
1341845700.693861 0.049274024 0.049744010 -0.086790890 0.017578457 -0.070383124 -0.004956709 0.997352839
1341845700.732394 0.042882856 0.050732944 -0.084408090 0.017728657 -0.070617810 -0.004219342 0.997337043
1341845700.767794 0.042028807 0.050349630 -0.082740024 0.017878402 -0.070699222 -0.003694939 0.997330666
1341845700.799058 0.044396106 0.050525878 -0.085215382 0.018383021 -0.070434846 -0.004156126 0.997338355
1341845700.867749 0.049225550 0.054039679 -0.082706757 0.018934637 -0.070633881 -0.004687784 0.997311592
1341845700.930007 0.043875653 0.053368669 -0.080552109 0.020105863 -0.071287557 -0.002926366 0.997248888
1341845700.961797 0.047693267 0.055209279 -0.081794523 0.020272296 -0.071648858 -0.003646447 0.997217298
1341845700.997752 0.046457481 0.053349163 -0.079871282 0.019890022 -0.071296394 -0.003927991 0.997249126
1341845701.029597 0.048844576 0.054602984 -0.082259439 0.020073170 -0.072065771 -0.004054901 0.997189701
1341845701.061618 0.050484423 0.055385634 -0.081834055 0.020280780 -0.072615959 -0.003862374 0.997146308
1341845701.097561 0.050263252 0.050268583 -0.087899521 0.019799292 -0.072342455 -0.005411384 0.997168660
1341845701.129741 0.044661060 0.051464729 -0.082969770 0.020206690 -0.071702704 -0.005465576 0.997206390
1341845701.165734 0.043877225 0.051190671 -0.084936716 0.019853182 -0.071167238 -0.005904747 0.997249365
1341845701.197714 0.047613043 0.048151705 -0.088976443 0.020160813 -0.071976624 -0.005662259 0.997186482
1341845701.230497 0.048509207 0.051763825 -0.083663784 0.020813396 -0.072421119 -0.005625241 0.997141182
1341845701.265852 0.051452465 0.052032243 -0.082633257 0.021131698 -0.073051184 -0.005362386 0.997089922
1341845701.297730 0.053918246 0.047947146 -0.083678961 0.021553351 -0.074186437 -0.005274848 0.996997535
1341845701.329611 0.052786760 0.057778012 -0.079607658 0.022775045 -0.074119359 -0.005236862 0.996975541
1341845701.365791 0.053558458 0.056619246 -0.078732878 0.021985330 -0.073868699 -0.005284302 0.997011602
1341845701.397757 0.054082487 0.052282337 -0.079422005 0.021488594 -0.073616959 -0.007045245 0.997030199
1341845701.433542 0.052902579 0.050323784 -0.083908774 0.020802580 -0.072997257 -0.006717036 0.997092545
1341845701.465617 0.051089555 0.050559036 -0.082453988 0.021192823 -0.072906859 -0.005054824 0.997100770
1341845701.497704 0.049604401 0.057928517 -0.085383207 0.021447988 -0.072933920 -0.003871741 0.997098625
1341845701.533597 0.048117619 0.052839264 -0.085458942 0.020613769 -0.072786875 -0.004807529 0.997122884
1341845701.597762 0.045561433 0.047377981 -0.084046528 0.019818885 -0.071702860 -0.005848685 0.997211993
1341845701.633825 0.047827464 0.050974756 -0.085140347 0.020803221 -0.072260834 -0.005423695 0.997154117
1341845701.665709 0.050448157 0.050662551 -0.079936385 0.021733459 -0.072709575 -0.005091671 0.997103393
1341845701.701676 0.055504609 0.048930470 -0.084470764 0.021873487 -0.072360396 -0.005921170 0.997121096
1341845701.733527 0.049193736 0.057495981 -0.082495011 0.023049274 -0.071888141 -0.005801934 0.997129560
1341845701.765764 0.047405589 0.057149071 -0.080771141 0.023059707 -0.071782954 -0.005801059 0.997136831
1341845701.801701 0.053933449 0.052050255 -0.081846736 0.022763748 -0.072407253 -0.005244620 0.997101605
1341845701.833700 0.053517964 0.050187852 -0.078755155 0.022925075 -0.072380640 -0.004920666 0.997101426
1341845701.865775 0.048642043 0.051648308 -0.077526271 0.023397796 -0.071692146 -0.004897086 0.997140348
1341845701.901711 0.053819284 0.053709161 -0.082403451 0.023101587 -0.071935356 -0.005200271 0.997128189
1341845701.933585 0.053582776 0.052647062 -0.078258939 0.022935323 -0.071328782 -0.005972412 0.997171283
1341845701.969726 0.055005100 0.054711740 -0.078631140 0.022674190 -0.071341068 -0.006462999 0.997173369
1341845702.002544 0.053867988 0.056312419 -0.080722801 0.022749931 -0.071413852 -0.005245847 0.997173488
1341845702.034379 0.054486707 0.056825269 -0.082109712 0.022997888 -0.071237609 -0.005757854 0.997177660
1341845702.101809 0.059180822 0.050918512 -0.080728315 0.023129903 -0.071657166 -0.007220490 0.997134984
1341845702.137663 0.052187540 0.054450024 -0.081760667 0.023415416 -0.071753845 -0.006215664 0.997128189
1341845702.169629 0.054416060 0.054672599 -0.080558419 0.024142684 -0.072098374 -0.006809003 0.997082055
1341845702.201769 0.056317221 0.057667252 -0.079003312 0.024578452 -0.072240315 -0.007245291 0.997058034
1341845702.237691 0.056286257 0.055880211 -0.076519236 0.024622114 -0.071348868 -0.007800251 0.997116983
1341845702.269760 0.056035988 0.058538415 -0.083843023 0.024871984 -0.071316764 -0.008088998 0.997110784
1341845702.301761 0.052475810 0.056991406 -0.080446824 0.025128949 -0.070836857 -0.009006868 0.997130692
1341845702.337713 0.049418937 0.057199452 -0.082457267 0.024959503 -0.069921002 -0.008679718 0.997202456
1341845702.369720 0.047347065 0.057255864 -0.081003353 0.024678923 -0.070017077 -0.008809130 0.997201622
1341845702.405655 0.050066989 0.057861164 -0.079840757 0.024882283 -0.070359819 -0.008476439 0.997175336
1341845702.469691 0.055449456 0.050979525 -0.075013600 0.024189543 -0.070183128 -0.009070411 0.997199535
1341845702.506265 0.052863788 0.052003685 -0.072215497 0.024627965 -0.070141383 -0.008315928 0.997198343
1341845702.569753 0.047614757 0.050918501 -0.073510870 0.024181508 -0.070098393 -0.006526945 0.997225642
1341845702.605685 0.053930990 0.056416508 -0.073879801 0.024700148 -0.070535302 -0.006231682 0.997184038
1341845702.637718 0.053165004 0.057157010 -0.077041447 0.024036966 -0.070421524 -0.006483741 0.997206688
1341845702.673733 0.045612812 0.058033284 -0.071349517 0.023939064 -0.069461517 -0.006568620 0.997275710
1341845702.705735 0.050793588 0.056630868 -0.080126524 0.023101261 -0.069320433 -0.007602315 0.997298002
1341845702.737648 0.060154621 0.060160108 -0.082992740 0.022648497 -0.069661289 -0.008579636 0.997276664
1341845702.773644 0.058914546 0.061058275 -0.088006802 0.020943008 -0.068591647 -0.009425298 0.997380495
1341845702.805893 0.050352976 0.054003585 -0.071238548 0.019279560 -0.067481279 -0.010732595 0.997476518
1341845702.837969 0.051482987 0.060972419 -0.074036159 0.018715251 -0.066851750 -0.011099818 0.997525632
1341845702.874009 0.051823534 0.057593279 -0.076568596 0.016353341 -0.066184752 -0.011022042 0.997612536
1341845702.908704 0.053981896 0.052570157 -0.076730527 0.015364394 -0.065488338 -0.012268324 0.997659624
1341845702.941673 0.053517047 0.053217079 -0.078208461 0.016098049 -0.065905966 -0.011127857 0.997633934
1341845702.973595 0.048448637 0.051566862 -0.070213854 0.018169450 -0.067017630 -0.009295525 0.997543097
1341845703.005769 0.044576954 0.050879091 -0.072185166 0.019915057 -0.068183802 -0.007382967 0.997446716
1341845703.041648 0.045916807 0.053931922 -0.080159761 0.021076884 -0.069070958 -0.006893340 0.997365296
1341845703.073714 0.054112315 0.061732873 -0.083608359 0.021217482 -0.069723025 -0.007376591 0.997313440
1341845703.109699 0.056479342 0.058969092 -0.074747644 0.018917521 -0.068190619 -0.010134296 0.997441471
1341845703.142006 0.054217841 0.058774717 -0.077909030 0.017717525 -0.066547684 -0.010815202 0.997567356
1341845703.173706 0.058111973 0.053688355 -0.082736112 0.015733471 -0.065948524 -0.011714080 0.997630239
1341845703.209732 0.052420743 0.055797428 -0.078321069 0.015710767 -0.065555066 -0.011791758 0.997655630
1341845703.242050 0.053966258 0.052313931 -0.077346183 0.016124343 -0.066042192 -0.012160203 0.997612476
1341845703.273874 0.049865376 0.052640561 -0.075007871 0.017181804 -0.066744648 -0.010620189 0.997565627
1341845703.309758 0.049366314 0.055461247 -0.071559466 0.018563440 -0.067572743 -0.009316889 0.997498155
1341845703.341850 0.051883519 0.051630117 -0.072708584 0.018473415 -0.067846477 -0.009841593 0.997476220
1341845703.377702 0.055083793 0.055123068 -0.075116567 0.019391587 -0.067497060 -0.009434160 0.997486413
1341845703.409585 0.054274194 0.054014590 -0.079159349 0.019449279 -0.066954315 -0.010563407 0.997510552
1341845703.441629 0.053365503 0.055917729 -0.077561960 0.019643871 -0.067294471 -0.010775551 0.997481585
1341845703.477741 0.063555740 0.058633294 -0.078944996 0.020137327 -0.068294667 -0.011150043 0.997399628
1341845703.509995 0.058282182 0.056634743 -0.079049662 0.020235384 -0.067813143 -0.011046836 0.997431695
1341845703.541800 0.053619124 0.053315051 -0.079309724 0.020231342 -0.066980787 -0.012803804 0.997466981
1341845703.577765 0.052863508 0.052027732 -0.079620682 0.020213842 -0.067121752 -0.013362509 0.997450590
1341845703.609650 0.054015227 0.051799018 -0.080814093 0.020687178 -0.067691743 -0.013551516 0.997399747
1341845703.651761 0.060919516 0.057331685 -0.080915838 0.021734001 -0.068661377 -0.012506767 0.997324884
1341845703.709916 0.058117390 0.056862239 -0.076392218 0.021976911 -0.069516212 -0.013026519 0.997253656
1341845703.745719 0.060318958 0.057597674 -0.077549957 0.021017028 -0.069335908 -0.013572219 0.997279644
1341845703.777733 0.059941228 0.057956949 -0.074303590 0.019713469 -0.068205178 -0.014726170 0.997367859
1341845703.809711 0.056361023 0.054969486 -0.077412181 0.018816940 -0.067114972 -0.014732691 0.997459054
1341845703.845769 0.055066384 0.054836679 -0.076212533 0.018916085 -0.067222357 -0.014868622 0.997447908
1341845703.877728 0.055149935 0.055540558 -0.074828140 0.018949922 -0.067236811 -0.014791995 0.997447491
1341845703.913808 0.054555386 0.058828879 -0.079338022 0.018454103 -0.067121811 -0.014532049 0.997468233
1341845703.945653 0.054216105 0.053574681 -0.068966158 0.018257502 -0.066617265 -0.015209389 0.997495651
1341845703.977870 0.054679617 0.055677913 -0.078544833 0.018730106 -0.066488400 -0.014456499 0.997506678
1341845704.013637 0.057001363 0.054513291 -0.073393866 0.019769324 -0.067124419 -0.014098298 0.997449100
1341845704.045703 0.057036582 0.057085749 -0.072929703 0.021109970 -0.067553356 -0.013334053 0.997403204
1341845704.077666 0.057226110 0.052175693 -0.074493758 0.020728581 -0.067521825 -0.013848150 0.997406363
1341845704.113706 0.058332857 0.054894693 -0.078305326 0.021136429 -0.067435987 -0.013371555 0.997410119
1341845704.145681 0.061256610 0.052203864 -0.075493969 0.020363765 -0.067166768 -0.013686131 0.997440040
1341845704.181785 0.059786342 0.053521954 -0.071870990 0.020333637 -0.066584319 -0.014437249 0.997469127
1341845704.213778 0.058576874 0.054684483 -0.077274375 0.020089468 -0.066362351 -0.013896987 0.997496545
1341845704.245863 0.056922384 0.053797480 -0.075335458 0.020190440 -0.066145323 -0.013816542 0.997510016
1341845704.281578 0.061424792 0.055635501 -0.074547961 0.019986279 -0.066505946 -0.013377317 0.997496188
1341845704.313707 0.063028499 0.057145420 -0.072010487 0.019308908 -0.066088296 -0.013320541 0.997538030
1341845704.349873 0.059121851 0.054862507 -0.077346578 0.018458538 -0.064633742 -0.012960060 0.997654200
1341845704.381729 0.062717758 0.053492300 -0.065235406 0.017726120 -0.063089967 -0.014252390 0.997748613
1341845704.413817 0.058463011 0.055848945 -0.071491674 0.017631976 -0.061434228 -0.013417102 0.997865260
1341845704.449837 0.059061147 0.057204474 -0.074506812 0.017933363 -0.059835482 -0.013429882 0.997956812
1341845704.481600 0.056885425 0.063411444 -0.070103504 0.017455112 -0.058122918 -0.012842462 0.998074234
1341845704.513671 0.050522227 0.049448572 -0.067714415 0.016589528 -0.056612778 -0.013510049 0.998166978
1341845704.549869 0.055192310 0.049019758 -0.068159588 0.021054583 -0.057962976 -0.011222125 0.998033583
1341845704.581901 0.052156292 0.052099254 -0.069979109 0.025261927 -0.059777196 -0.009000952 0.997851491
1341845704.617838 0.053837646 0.055269442 -0.075620212 0.027555043 -0.060881760 -0.009442859 0.997719944
1341845704.650477 0.056700509 0.055222899 -0.069393948 0.028244715 -0.061176226 -0.011502442 0.997661054
1341845704.681708 0.054870918 0.055138774 -0.072542153 0.029120667 -0.061181761 -0.012072874 0.997628689
1341845704.717704 0.055655204 0.056724757 -0.072056055 0.030760564 -0.062572919 -0.011690283 0.997497797
1341845704.749702 0.060337834 0.060119722 -0.072734229 0.031498283 -0.063576810 -0.012650312 0.997399569
1341845704.781791 0.060177129 0.059430741 -0.069476672 0.030602891 -0.062912814 -0.014510411 0.997444212
1341845704.817744 0.055622309 0.055928443 -0.072480500 0.030554986 -0.063089520 -0.015984382 0.997412026
1341845704.849705 0.052557610 0.055713538 -0.073666483 0.032126620 -0.064371191 -0.016705524 0.997268856
1341845704.885675 0.057051595 0.057752196 -0.071616173 0.032377355 -0.065583169 -0.016683476 0.997182190
1341845704.917742 0.056653012 0.057706561 -0.075036809 0.032003056 -0.065963842 -0.017589854 0.997153580
1341845704.949746 0.053697191 0.057128515 -0.078767680 0.031112708 -0.066460498 -0.017841281 0.997144341
1341845704.985761 0.052958649 0.059291929 -0.080185451 0.030485962 -0.066609763 -0.018551467 0.997140706
1341845705.017537 0.055985205 0.057689827 -0.074398339 0.030057048 -0.067235887 -0.018880308 0.997105598
1341845705.049660 0.057231031 0.057910129 -0.072529085 0.029174505 -0.067494191 -0.020435020 0.997083724
1341845705.085710 0.056277748 0.057105016 -0.076668046 0.028470384 -0.067912012 -0.020707363 0.997070074
1341845705.117831 0.055122808 0.057224169 -0.081313923 0.028637981 -0.068732813 -0.020159960 0.997020245
1341845705.154005 0.056013070 0.057939503 -0.075121835 0.027699331 -0.069208778 -0.020835161 0.996999919
1341845705.185648 0.054353788 0.056501001 -0.078380026 0.026147330 -0.068466574 -0.021472456 0.997079611
1341845705.217695 0.054397255 0.056814339 -0.076447658 0.026372245 -0.067940749 -0.021251304 0.997114301
1341845705.253735 0.054869924 0.057157259 -0.076440737 0.025991082 -0.067398787 -0.022018481 0.997144520
1341845705.285554 0.055782694 0.055640526 -0.074228220 0.025445662 -0.067414403 -0.022473326 0.997147322
1341845705.321646 0.053129084 0.056113344 -0.079283774 0.025768369 -0.068017356 -0.020621423 0.997138143
1341845705.353674 0.054991018 0.055641491 -0.076466084 0.025925681 -0.068488754 -0.020103594 0.997112393
1341845705.385774 0.056615323 0.056498028 -0.075536534 0.026618263 -0.069034860 -0.020185586 0.997054756
1341845705.421801 0.057044957 0.056837402 -0.074851833 0.027529597 -0.068974078 -0.018867066 0.997060061
1341845705.453568 0.056705512 0.057026949 -0.072859444 0.029863169 -0.069186047 -0.018253870 0.996989608
1341845705.485749 0.055882111 0.057406384 -0.075563677 0.031745151 -0.070038795 -0.016644262 0.996900141
1341845705.521655 0.057232033 0.055339441 -0.071302690 0.032996390 -0.071066968 -0.016045641 0.996796489
1341845705.553548 0.057812937 0.061964359 -0.069490165 0.034435596 -0.070964307 -0.015774086 0.996759474
1341845705.589775 0.058190461 0.057857588 -0.072286710 0.033756528 -0.070845328 -0.015933637 0.996788621
1341845705.621894 0.055808201 0.057214778 -0.075819485 0.033536211 -0.070721276 -0.014960468 0.996820033
1341845705.653569 0.051305432 0.057230815 -0.080064282 0.033447400 -0.072006583 -0.015755342 0.996718705
1341845705.689868 0.057142321 0.053835638 -0.078351624 0.033815335 -0.074329756 -0.016626954 0.996521592
1341845705.721810 0.056726720 0.057821330 -0.076959446 0.034058418 -0.074026592 -0.014735498 0.996565580
1341845705.753738 0.055984773 0.055287693 -0.076893874 0.033706482 -0.073468029 -0.015761942 0.996603191
1341845705.789861 0.055997919 0.055112343 -0.074462704 0.033660810 -0.072360173 -0.015898572 0.996683657
1341845705.821704 0.055078045 0.054666754 -0.073282376 0.033441901 -0.071445309 -0.015104457 0.996769369
1341845705.863629 0.051811613 0.054383717 -0.070880041 0.033856567 -0.072046973 -0.015100419 0.996712089
1341845705.895623 0.051519159 0.055181488 -0.079904467 0.035397373 -0.073249198 -0.014310407 0.996582568
1341845705.931726 0.056266293 0.056272354 -0.082162373 0.036996078 -0.076014288 -0.012680231 0.996339440
1341845705.963641 0.060628399 0.055691268 -0.072969116 0.037062440 -0.077717245 -0.015099224 0.996171951
1341845705.995677 0.061796132 0.057717368 -0.074210703 0.036026202 -0.078058489 -0.017794799 0.996138692
1341845706.031837 0.059600640 0.062276997 -0.068802781 0.034226406 -0.076113440 -0.018717887 0.996335804
1341845706.063631 0.048751898 0.056183092 -0.068052284 0.032431737 -0.075539380 -0.017915139 0.996454298
1341845706.095737 0.057258036 0.061566290 -0.069219902 0.033113651 -0.077771179 -0.019380974 0.996232688
1341845706.131716 0.060192935 0.058372375 -0.068731867 0.031581916 -0.077598691 -0.021378266 0.996254981
1341845706.163718 0.062098369 0.061218292 -0.062394343 0.031260118 -0.076540135 -0.019589029 0.996383846
1341845706.195662 0.059272449 0.063075840 -0.068562679 0.032054696 -0.076784030 -0.018780380 0.996355414
1341845706.231610 0.059450224 0.062101249 -0.067310065 0.031248359 -0.076175228 -0.019775201 0.996408463
1341845706.263724 0.057343379 0.057993356 -0.068876602 0.029568978 -0.074294992 -0.017956454 0.996636152
1341845706.299838 0.053741425 0.064880438 -0.066875160 0.029372253 -0.073763505 -0.016294679 0.996710002
1341845706.331753 0.053913128 0.065021805 -0.062103212 0.028809400 -0.074105412 -0.018501889 0.996662557
1341845706.363574 0.053450551 0.060382590 -0.065764233 0.027605224 -0.073998719 -0.017640889 0.996720135
1341845706.399690 0.050573718 0.062611565 -0.063987486 0.027939940 -0.073803082 -0.018235600 0.996714592
1341845706.431735 0.057168610 0.062171645 -0.056608208 0.028592637 -0.074309878 -0.018208507 0.996658981
1341845706.463612 0.058295354 0.058692340 -0.059004255 0.028265480 -0.073627077 -0.016173886 0.996753991
1341845706.499655 0.058527794 0.056799792 -0.064124741 0.028543871 -0.074137002 -0.014695116 0.996731222
1341845706.531782 0.054986183 0.061693270 -0.054462351 0.029821156 -0.074790843 -0.014838004 0.996642888
1341845706.563559 0.063893221 0.052774023 -0.051461063 0.029376848 -0.073966756 -0.014775692 0.996718407
1341845706.599529 0.060238324 0.055398710 -0.060874186 0.030445365 -0.071663044 -0.014913569 0.996852577
1341845706.631786 0.062304486 0.057216480 -0.056454726 0.032393783 -0.073327973 -0.015141750 0.996666670
1341845706.667647 0.063719317 0.054038733 -0.055628650 0.032744572 -0.072823972 -0.015545295 0.996685982
1341845706.700732 0.064732693 0.054820925 -0.056529615 0.032875959 -0.070608206 -0.015163359 0.996846914
1341845706.732115 0.061287317 0.053811025 -0.049054865 0.033482403 -0.069488473 -0.015942527 0.996893227
1341845706.768143 0.066468753 0.052382138 -0.044687986 0.034234393 -0.069506377 -0.014115505 0.996894002
1341845706.800357 0.062335506 0.054067876 -0.060525466 0.034660943 -0.068736374 -0.011679068 0.996964157
1341845706.832602 0.064465679 0.055370428 -0.057482049 0.034928191 -0.069057129 -0.011652306 0.996932983
1341845706.869449 0.062249422 0.055819731 -0.061224911 0.034389157 -0.068706766 -0.011459294 0.996978164
1341845706.933651 0.064416632 0.056588590 -0.058446884 0.033956666 -0.069855064 -0.009884669 0.996930063
1341845706.994021 0.065104984 0.055697836 -0.056803156 0.032410219 -0.069286458 -0.010017289 0.997019947
1341845707.029674 0.063433185 0.052517328 -0.055249069 0.032828476 -0.069893241 -0.007446850 0.996986389
1341845707.061864 0.065437429 0.052804586 -0.051267900 0.033603158 -0.069844894 -0.007346238 0.996964693
1341845707.097704 0.064079881 0.050264109 -0.048196454 0.033428576 -0.068110213 -0.008126804 0.997084498
1341845707.129770 0.061684966 0.049204253 -0.049791180 0.035333227 -0.068003193 -0.006797081 0.997036159
1341845707.161817 0.064544693 0.049396377 -0.049198806 0.037756130 -0.068828881 -0.006628179 0.996891737
1341845707.197721 0.066597991 0.049257461 -0.042912427 0.038724422 -0.068295091 -0.005882266 0.996896029
1341845707.229795 0.064111732 0.048647657 -0.051038109 0.039379857 -0.066828758 -0.006151743 0.996968091
1341845707.261851 0.069000810 0.048254706 -0.046072923 0.039777506 -0.067016803 -0.006556904 0.996937096
1341845707.297710 0.069235660 0.048807699 -0.045357827 0.039846107 -0.066424206 -0.006259422 0.996975899
1341845707.329761 0.068764813 0.047274828 -0.049217530 0.039089181 -0.065066494 -0.005454048 0.997100115
1341845707.365850 0.066124283 0.050070137 -0.047984049 0.039619684 -0.063220039 -0.005001525 0.997200310
1341845707.397796 0.065731630 0.050143059 -0.046357989 0.040962286 -0.063087389 -0.002944082 0.997162700
1341845707.429752 0.070963763 0.047506191 -0.045537986 0.041686255 -0.063551374 -0.002715499 0.997103930
1341845707.465767 0.070147984 0.047638584 -0.040712222 0.042701833 -0.061735120 -0.003749826 0.997171700
1341845707.497642 0.068611495 0.049075745 -0.051419131 0.043110795 -0.060304310 -0.002755318 0.997244895
1341845707.533665 0.074050546 0.046333089 -0.042145375 0.044129238 -0.059773166 -0.002675770 0.997232556
1341845707.565754 0.081839852 0.041873485 -0.046969283 0.044290330 -0.058424827 -0.002670793 0.997305334
1341845707.597603 0.078146391 0.044403799 -0.039146055 0.045132730 -0.056282025 -0.002550035 0.997391105
1341845707.633748 0.076194525 0.047551680 -0.042262524 0.045585282 -0.055551451 -0.002003788 0.997412682
1341845707.665870 0.073470846 0.044866271 -0.042761728 0.045903683 -0.055287268 -0.000911902 0.997414351
1341845707.698455 0.077741005 0.044120543 -0.037526958 0.045395952 -0.055010986 -0.000466726 0.997453153
1341845707.734303 0.073932819 0.045610346 -0.044070736 0.044850215 -0.053781874 -0.002143375 0.997542739
1341845707.766259 0.079815507 0.044824630 -0.031635236 0.045087446 -0.055131506 -0.002512750 0.997457504
1341845707.836344 0.078703351 0.044012144 -0.033527263 0.046931501 -0.055076018 -0.002456575 0.997375607
1341845707.866230 0.074701451 0.051985774 -0.034682244 0.047413182 -0.055111073 -0.002135720 0.997351646
1341845707.901694 0.073887654 0.042396907 -0.025489630 0.046006247 -0.055754710 -0.002569792 0.997380733
1341845707.933640 0.075809166 0.045470465 -0.036845729 0.046202511 -0.056436557 -0.001763784 0.997335017
1341845707.965831 0.077632450 0.044898544 -0.033009343 0.046586040 -0.056841660 -0.000848036 0.997295439
1341845708.001954 0.078837581 0.043652017 -0.034660511 0.046440508 -0.056063611 -0.000955128 0.997346163
1341845708.034393 0.082712412 0.042446394 -0.044038735 0.046499204 -0.057524387 -0.000584265 0.997260451
1341845708.069946 0.088210523 0.047610652 -0.043443933 0.046760678 -0.058361232 -0.001105449 0.997199178
1341845708.101700 0.078728154 0.044309612 -0.041774970 0.045597438 -0.056584675 -0.001250210 0.997355282
1341845708.133697 0.078683481 0.043784913 -0.041023541 0.046050247 -0.057390656 -0.001904190 0.997287393
1341845708.169675 0.084861845 0.042907488 -0.037874915 0.045977652 -0.058912963 -0.002213829 0.997201383
1341845708.201793 0.085422151 0.039497331 -0.046373501 0.045254830 -0.058680728 -0.003157604 0.997245550
1341845708.233744 0.080326885 0.043041509 -0.040328428 0.046085846 -0.058651432 -0.004227489 0.997205257
1341845708.269711 0.083900191 0.042500135 -0.037060250 0.046719600 -0.060070824 -0.003761303 0.997093081
1341845708.301629 0.087963842 0.047194783 -0.049471252 0.047369212 -0.060929440 -0.004331203 0.997008026
1341845708.337612 0.089553647 0.041802622 -0.046771452 0.046331529 -0.060879763 -0.005771117 0.997052550
1341845708.369900 0.088047929 0.046088204 -0.044324223 0.046504300 -0.060600873 -0.005803653 0.997061312
1341845708.401883 0.089605711 0.046255648 -0.046352699 0.046493389 -0.061426654 -0.006086184 0.997009635
1341845708.443610 0.095293880 0.046990354 -0.047744580 0.046818253 -0.061672036 -0.006581156 0.996976137
1341845708.501776 0.086436801 0.046667263 -0.049717836 0.046143956 -0.062492713 -0.005268682 0.996964276
1341845708.543852 0.088162817 0.048119783 -0.051382914 0.046516605 -0.064370632 -0.004815540 0.996829748
1341845708.605675 0.084329695 0.048877828 -0.050843924 0.045693312 -0.065461293 -0.007929983 0.996776938
1341845708.637641 0.076735117 0.047559876 -0.043952189 0.045804095 -0.066124767 -0.010157436 0.996707797
1341845708.669692 0.081836872 0.048616104 -0.044014961 0.046275038 -0.068669550 -0.010740178 0.996507823
1341845708.705736 0.079135224 0.049685836 -0.041288503 0.045445994 -0.067660883 -0.011225796 0.996609628
1341845708.738027 0.071832545 0.048818603 -0.044018015 0.045048341 -0.067443252 -0.011633294 0.996637702
1341845708.773829 0.084908769 0.053795915 -0.040892750 0.045671262 -0.071260944 -0.012461817 0.996333659
1341845708.805763 0.091988571 0.060975250 -0.037895948 0.045876991 -0.072595082 -0.011791277 0.996236026
1341845708.838653 0.084996641 0.052963912 -0.057997473 0.044154570 -0.071730733 -0.013106940 0.996360064
1341845708.873912 0.079955935 0.055848524 -0.045045406 0.044858791 -0.073086932 -0.014636107 0.996208727
1341845708.905735 0.082393304 0.059322655 -0.045576680 0.044956245 -0.073520467 -0.014768169 0.996170521
1341845708.938426 0.081367277 0.056064356 -0.043465804 0.044532541 -0.073944844 -0.016068595 0.996137977
1341845708.973642 0.081983231 0.054941576 -0.053204864 0.044386774 -0.074863411 -0.016595185 0.996067226
1341845709.005742 0.088512711 0.054716103 -0.060079154 0.043848738 -0.076072596 -0.016999492 0.995992661
1341845709.041686 0.081621192 0.053310182 -0.050156876 0.043678869 -0.075920604 -0.018713610 0.995980978
1341845709.073656 0.080909505 0.053035069 -0.050702523 0.043129392 -0.076355234 -0.020204328 0.995942533
1341845709.105658 0.079310253 0.053784043 -0.055451121 0.043129101 -0.077062503 -0.019650817 0.995899141
1341845709.141741 0.080475971 0.054198872 -0.056140475 0.043204531 -0.078703627 -0.019802555 0.995764554
1341845709.173646 0.077959262 0.053795278 -0.051128753 0.042786885 -0.078479804 -0.019774534 0.995800793
1341845709.205765 0.082648776 0.054443724 -0.050563771 0.042339161 -0.078761801 -0.020523952 0.995782554
1341845709.241765 0.076550409 0.053182282 -0.053757608 0.041507632 -0.078338921 -0.020983107 0.995841324
1341845709.273754 0.076294586 0.052566435 -0.051225740 0.040886477 -0.077660903 -0.021300863 0.995913327
1341845709.309890 0.075597428 0.053742379 -0.056842748 0.041076545 -0.078034744 -0.019422492 0.995914698
1341845709.341728 0.077156380 0.058941428 -0.053755011 0.041157868 -0.078350082 -0.018743491 0.995899618
1341845709.373776 0.074497856 0.059797436 -0.059755266 0.040233996 -0.078070521 -0.018191488 0.995969594
1341845709.409657 0.079538368 0.059662182 -0.053392813 0.038411763 -0.078028277 -0.018751724 0.996034384
1341845709.442072 0.071006440 0.065174215 -0.054045416 0.036620267 -0.077645250 -0.016362080 0.996173978
1341845709.473660 0.070888378 0.066304035 -0.056535549 0.035152029 -0.078882806 -0.013918592 0.996166766
1341845709.509632 0.071190096 0.066688031 -0.063494980 0.033201169 -0.078462064 -0.014215998 0.996262670
1341845709.541673 0.071194857 0.062072154 -0.065600552 0.030655067 -0.079014368 -0.014099726 0.996302307
1341845709.578645 0.067605093 0.066795990 -0.055734262 0.030627543 -0.080067538 -0.013259962 0.996230602
1341845709.609672 0.070362352 0.063521318 -0.051958315 0.029887121 -0.081259809 -0.015236318 0.996128321
1341845709.642057 0.074463673 0.062601656 -0.048469815 0.029771039 -0.082648344 -0.015462988 0.996013999
1341845709.709730 0.077111952 0.064245202 -0.056488805 0.028584365 -0.084293805 -0.015439006 0.995911241
1341845709.745593 0.076006278 0.062719598 -0.050120674 0.028136114 -0.083541051 -0.016882434 0.995964050
1341845709.777709 0.067874528 0.065204360 -0.058088806 0.027777029 -0.083530053 -0.014150108 0.996017575
1341845709.809687 0.070712194 0.062533528 -0.057722766 0.027395548 -0.084191270 -0.014983965 0.995960236
1341845709.845686 0.074045531 0.060968496 -0.053621985 0.027305042 -0.082840733 -0.017199581 0.996040225
1341845709.878752 0.067426935 0.063001886 -0.053282514 0.027283657 -0.080408894 -0.018242793 0.996221483
1341845709.909693 0.068836205 0.059682544 -0.055759143 0.027641365 -0.079554856 -0.018414086 0.996277034
1341845709.945663 0.068353318 0.057635754 -0.055931099 0.029191669 -0.080953114 -0.016910477 0.996146858
1341845709.977698 0.073083408 0.059847724 -0.054833233 0.030734656 -0.081627086 -0.017425625 0.996036589
1341845710.013739 0.068925120 0.057846423 -0.058561377 0.031031732 -0.080813318 -0.016765798 0.996105015
1341845710.045754 0.071108311 0.061158430 -0.057104565 0.032549553 -0.080474190 -0.017265402 0.996075511
1341845710.077705 0.072907776 0.059985951 -0.058913514 0.032082733 -0.081036501 -0.017931482 0.996033311
1341845710.113730 0.075691126 0.062944748 -0.056901589 0.032601129 -0.080900371 -0.017989341 0.996026516
1341845710.145759 0.070480190 0.060997851 -0.060741670 0.032413267 -0.080224633 -0.017205676 0.996101141
1341845710.177824 0.071936265 0.056029078 -0.061581653 0.032389149 -0.081284069 -0.017574687 0.996009529
1341845710.213581 0.070971511 0.055909764 -0.063350320 0.032644827 -0.081068918 -0.018488474 0.996002197
1341845710.245636 0.071088605 0.053129748 -0.056469776 0.033438783 -0.081188664 -0.018791106 0.995960414
1341845710.281582 0.070976339 0.055180334 -0.061172210 0.035433870 -0.082608424 -0.020845661 0.995733857
1341845710.313617 0.072388433 0.054600336 -0.058006816 0.036199018 -0.083669506 -0.020232316 0.995630324
1341845710.345643 0.070722021 0.055828717 -0.059716616 0.035953298 -0.082734190 -0.019947655 0.995723188
1341845710.381860 0.072766490 0.055271707 -0.061154921 0.036797091 -0.083792299 -0.019060727 0.995621204
1341845710.413817 0.074645370 0.055542782 -0.060727585 0.036959182 -0.084396072 -0.019316090 0.995559275
1341845710.445824 0.071859099 0.056663685 -0.065183260 0.036530718 -0.083104432 -0.018698515 0.995695531
1341845710.481794 0.071833238 0.055795629 -0.062862866 0.036589369 -0.084062733 -0.018668991 0.995613456
1341845710.513650 0.074746892 0.054570999 -0.059491090 0.036570430 -0.084698424 -0.018171366 0.995569468
1341845710.549635 0.068630397 0.056470968 -0.069743790 0.036973163 -0.084057294 -0.016874004 0.995631754
1341845710.581654 0.072658412 0.055430811 -0.061955482 0.037941251 -0.084994942 -0.017188216 0.995510399
1341845710.613694 0.076305501 0.055245470 -0.061391607 0.037914351 -0.084856793 -0.017344970 0.995520473
1341845710.649564 0.074959166 0.056779437 -0.065416336 0.038182456 -0.084633268 -0.015993727 0.995551884
1341845710.681648 0.074195907 0.056899305 -0.069063649 0.039057206 -0.084783629 -0.016255992 0.995500863
1341845710.713728 0.076024890 0.055244174 -0.062872030 0.039201744 -0.084338315 -0.016171804 0.995534360
1341845710.749785 0.077165104 0.054437362 -0.059919912 0.039302714 -0.083630256 -0.016153203 0.995590508
1341845710.781816 0.074507028 0.054571088 -0.054831382 0.039966419 -0.083398387 -0.016254656 0.995581925
1341845710.817567 0.075573295 0.059671957 -0.055987108 0.040661946 -0.083207563 -0.016503636 0.995565593
1341845710.850205 0.068713136 0.060830269 -0.064078405 0.040213518 -0.081812575 -0.015039346 0.995722592
1341845710.882136 0.074393950 0.060586940 -0.061453756 0.039791837 -0.082742386 -0.014301579 0.995673597
1341845710.917631 0.076954946 0.059141535 -0.053238042 0.039982539 -0.083125189 -0.015520435 0.995615780
1341845710.950281 0.074658372 0.057447247 -0.056710992 0.039688077 -0.082316235 -0.013745047 0.995720863
1341845710.985647 0.072308645 0.053116668 -0.059887599 0.040158719 -0.082180262 -0.015643438 0.995685220
1341845711.017722 0.076042086 0.055417582 -0.058220845 0.042001557 -0.084279023 -0.016780026 0.995415211
1341845711.049965 0.076924168 0.055078182 -0.057545856 0.041015096 -0.083097987 -0.017842129 0.995537162
1341845711.085583 0.076694399 0.055179004 -0.051160317 0.039739508 -0.080173008 -0.017600782 0.995832980
1341845711.117670 0.076017387 0.057904311 -0.056490574 0.040818729 -0.081034109 -0.017638244 0.995718956
1341845711.149770 0.076120943 0.054392025 -0.055639129 0.040463213 -0.081810556 -0.016519547 0.995689154
1341845711.191691 0.077871837 0.055124614 -0.059769098 0.039460506 -0.080905743 -0.015263978 0.995823383
1341845711.253627 0.077183552 0.056707360 -0.061874278 0.040742837 -0.082397774 -0.016219579 0.995634317
1341845711.285627 0.075831585 0.052964482 -0.056367755 0.039131351 -0.082726061 -0.017123492 0.995656550
1341845711.317874 0.075524658 0.052074384 -0.056470692 0.038593352 -0.081692949 -0.017785696 0.995751262
1341845711.353756 0.077679411 0.054303169 -0.057009734 0.037806898 -0.081665888 -0.018000513 0.995779753
1341845711.385687 0.077435158 0.054608520 -0.058473017 0.036011308 -0.079522684 -0.019737642 0.995986879
1341845711.417635 0.075798720 0.054919947 -0.062164985 0.035436820 -0.078708567 -0.019002939 0.996086419
1341845711.485895 0.077404052 0.054527462 -0.058594733 0.037379749 -0.081600398 -0.015833905 0.995838106
1341845711.521704 0.079437748 0.053137876 -0.054090817 0.037836302 -0.081075527 -0.015945179 0.995861888
1341845711.553696 0.078511439 0.053999998 -0.057738330 0.038266748 -0.080781564 -0.015425782 0.995877564
1341845711.585708 0.078708030 0.053836007 -0.055347346 0.037539829 -0.079750858 -0.017006120 0.995962560
1341845711.621659 0.077866018 0.052287079 -0.055902563 0.036674537 -0.078440376 -0.016849944 0.996101499
1341845711.653731 0.078041419 0.053110730 -0.055744246 0.037226602 -0.078983210 -0.015889378 0.996053934
1341845711.685758 0.078620724 0.053244594 -0.052316360 0.037374754 -0.079149686 -0.015775435 0.996037006
1341845711.721850 0.078424230 0.053483412 -0.055431057 0.037444692 -0.079095870 -0.014735231 0.996054590
1341845711.754323 0.076151289 0.054355353 -0.061140642 0.037866943 -0.079386592 -0.014497301 0.996018946
1341845711.789716 0.076529868 0.053894266 -0.057865255 0.038161036 -0.080397680 -0.014455449 0.995927215
1341845711.821820 0.077153258 0.054049239 -0.057275470 0.037945237 -0.080142528 -0.014415694 0.995956600
1341845711.854173 0.077095300 0.058439557 -0.055165742 0.039148591 -0.080130011 -0.014861287 0.995904565
1341845711.889875 0.079130672 0.052837566 -0.052769966 0.038061392 -0.079026528 -0.016007718 0.996017039
1341845711.923959 0.077596478 0.053198945 -0.054552205 0.037201907 -0.076534830 -0.016740320 0.996232092
1341845711.957595 0.078825131 0.053496253 -0.052035905 0.036580496 -0.076044314 -0.017804129 0.996274173
1341845711.989820 0.079467155 0.053306434 -0.052928451 0.035741571 -0.075787053 -0.019324079 0.996295869
1341845712.057899 0.076704763 0.055134110 -0.060098208 0.034641247 -0.075062491 -0.016284687 0.996443927
1341845712.090038 0.080252431 0.053212654 -0.049666006 0.033856064 -0.074521355 -0.020378517 0.996436238
1341845712.127587 0.079434410 0.054432809 -0.053244878 0.032493975 -0.071970582 -0.020429114 0.996667981
1341845712.195638 0.076750800 0.061102230 -0.053865954 0.035331000 -0.076638937 -0.017320352 0.996282220
1341845712.257830 0.079445139 0.059283689 -0.045581747 0.033466846 -0.073208608 -0.021672968 0.996519327
1341845712.289935 0.076129556 0.056299966 -0.055330250 0.033399709 -0.073490433 -0.020461613 0.996526539
