1403637262838319104.000000 0.000000000 0.000000000 0.000000000 -0.000000000 -0.000000000 -0.000000000 1.000000000
1403637262888318976.000000 -0.000044167 -0.000163784 0.000035071 -0.002398198 -0.002780149 0.002902241 0.999989033
1403637262888318976.000000 -0.000044167 -0.000163784 0.000035071 -0.002398198 -0.002780149 0.002902241 0.999989033
1403637262888318976.000000 -0.000044167 -0.000163784 0.000035071 -0.002398198 -0.002780149 0.002902241 0.999989033
1403637262888318976.000000 -0.000044167 -0.000163784 0.000035071 -0.002398198 -0.002780149 0.002902241 0.999989033
1403637262888318976.000000 -0.000044167 -0.000163784 0.000035071 -0.002398198 -0.002780149 0.002902241 0.999989033
1403637262888318976.000000 -0.000044167 -0.000163784 0.000035071 -0.002398198 -0.002780149 0.002902241 0.999989033
1403637262888318976.000000 -0.000044167 -0.000163784 0.000035071 -0.002398198 -0.002780149 0.002902241 0.999989033
1403637262888318976.000000 -0.000044167 -0.000163784 0.000035071 -0.002398198 -0.002780149 0.002902241 0.999989033
1403637262888318976.000000 -0.000044167 -0.000163784 0.000035071 -0.002398198 -0.002780149 0.002902241 0.999989033
1403637262888318976.000000 -0.000044167 -0.000163784 0.000035071 -0.002398198 -0.002780149 0.002902241 0.999989033
1403637262888318976.000000 -0.000044167 -0.000163784 0.000035071 -0.002398198 -0.002780149 0.002902241 0.999989033
1403637262888318976.000000 -0.000044167 -0.000163784 0.000035071 -0.002398198 -0.002780149 0.002902241 0.999989033
1403637262888318976.000000 -0.000044167 -0.000163784 0.000035071 -0.002398198 -0.002780149 0.002902241 0.999989033
1403637262888318976.000000 -0.000044167 -0.000163784 0.000035071 -0.002398198 -0.002780149 0.002902241 0.999989033
1403637262888318976.000000 -0.000044167 -0.000163784 0.000035071 -0.002398198 -0.002780149 0.002902241 0.999989033
1403637262888318976.000000 -0.000044167 -0.000163784 0.000035071 -0.002398198 -0.002780149 0.002902241 0.999989033
1403637262888318976.000000 -0.000044167 -0.000163784 0.000035071 -0.002398198 -0.002780149 0.002902241 0.999989033
1403637262888318976.000000 -0.000044167 -0.000163784 0.000035071 -0.002398198 -0.002780149 0.002902241 0.999989033
1403637262888318976.000000 -0.000044167 -0.000163784 0.000035071 -0.002398198 -0.002780149 0.002902241 0.999989033
1403637262888318976.000000 -0.000044167 -0.000163784 0.000035071 -0.002398198 -0.002780149 0.002902241 0.999989033
1403637262888318976.000000 -0.000044167 -0.000163784 0.000035071 -0.002398198 -0.002780149 0.002902241 0.999989033
1403637262888318976.000000 -0.000044167 -0.000163784 0.000035071 -0.002398198 -0.002780149 0.002902241 0.999989033
1403637262888318976.000000 -0.000044167 -0.000163784 0.000035071 -0.002398198 -0.002780149 0.002902241 0.999989033
1403637262888318976.000000 -0.000044167 -0.000163784 0.000035071 -0.002398198 -0.002780149 0.002902241 0.999989033
1403637262888318976.000000 -0.000044167 -0.000163784 0.000035071 -0.002398198 -0.002780149 0.002902241 0.999989033
1403637262888318976.000000 -0.000044167 -0.000163784 0.000035071 -0.002398198 -0.002780149 0.002902241 0.999989033
1403637262888318976.000000 -0.000044167 -0.000163784 0.000035071 -0.002398198 -0.002780149 0.002902241 0.999989033
1403637262888318976.000000 -0.000044167 -0.000163784 0.000035071 -0.002398198 -0.002780149 0.002902241 0.999989033
1403637262888318976.000000 -0.000044167 -0.000163784 0.000035071 -0.002398198 -0.002780149 0.002902241 0.999989033
1403637262888318976.000000 -0.000044167 -0.000163784 0.000035071 -0.002398198 -0.002780149 0.002902241 0.999989033
1403637262888318976.000000 -0.000044167 -0.000163784 0.000035071 -0.002398198 -0.002780149 0.002902241 0.999989033
1403637262888318976.000000 -0.000044167 -0.000163784 0.000035071 -0.002398198 -0.002780149 0.002902241 0.999989033
1403637262888318976.000000 -0.000044167 -0.000163784 0.000035071 -0.002398198 -0.002780149 0.002902241 0.999989033
1403637262888318976.000000 -0.000044167 -0.000163784 0.000035071 -0.002398198 -0.002780149 0.002902241 0.999989033
1403637262888318976.000000 -0.000044167 -0.000163784 0.000035071 -0.002398198 -0.002780149 0.002902241 0.999989033
1403637262888318976.000000 -0.000044167 -0.000163784 0.000035071 -0.002398198 -0.002780149 0.002902241 0.999989033
1403637262888318976.000000 -0.000044167 -0.000163784 0.000035071 -0.002398198 -0.002780149 0.002902241 0.999989033
1403637262888318976.000000 -0.000044167 -0.000163784 0.000035071 -0.002398198 -0.002780149 0.002902241 0.999989033
1403637262888318976.000000 -0.000044167 -0.000163784 0.000035071 -0.002398198 -0.002780149 0.002902241 0.999989033
1403637262888318976.000000 -0.000044167 -0.000163784 0.000035071 -0.002398198 -0.002780149 0.002902241 0.999989033
1403637262888318976.000000 -0.000044167 -0.000163784 0.000035071 -0.002398198 -0.002780149 0.002902241 0.999989033
1403637262888318976.000000 -0.000044167 -0.000163784 0.000035071 -0.002398198 -0.002780149 0.002902241 0.999989033
1403637262888318976.000000 -0.000044167 -0.000163784 0.000035071 -0.002398198 -0.002780149 0.002902241 0.999989033
1403637262888318976.000000 -0.000044167 -0.000163784 0.000035071 -0.002398198 -0.002780149 0.002902241 0.999989033
1403637262888318976.000000 -0.000044167 -0.000163784 0.000035071 -0.002398198 -0.002780149 0.002902241 0.999989033
1403637262888318976.000000 -0.000044167 -0.000163784 0.000035071 -0.002398198 -0.002780149 0.002902241 0.999989033
1403637262888318976.000000 -0.000044167 -0.000163784 0.000035071 -0.002398198 -0.002780149 0.002902241 0.999989033
1403637262888318976.000000 -0.000044167 -0.000163784 0.000035071 -0.002398198 -0.002780149 0.002902241 0.999989033
1403637262888318976.000000 -0.000044167 -0.000163784 0.000035071 -0.002398198 -0.002780149 0.002902241 0.999989033
1403637262888318976.000000 -0.000044167 -0.000163784 0.000035071 -0.002398198 -0.002780149 0.002902241 0.999989033
1403637262888318976.000000 -0.000044167 -0.000163784 0.000035071 -0.002398198 -0.002780149 0.002902241 0.999989033
1403637262888318976.000000 -0.000044167 -0.000163784 0.000035071 -0.002398198 -0.002780149 0.002902241 0.999989033
1403637262888318976.000000 -0.000044167 -0.000163784 0.000035071 -0.002398198 -0.002780149 0.002902241 0.999989033
