1403638629.227830 0.000000000 0.000000000 0.000000000 -0.000000000 -0.000000000 -0.000000000 1.000000000
1403638629.277829 -0.002811908 -0.000539189 -0.009373336 -0.001811431 0.002062557 0.000514488 0.999996126
1403638629.277829 -0.002811908 -0.000539189 -0.009373336 -0.001811431 0.002062557 0.000514488 0.999996126
1403638629.277829 -0.002811908 -0.000539189 -0.009373336 -0.001811431 0.002062557 0.000514488 0.999996126
1403638629.277829 -0.002811908 -0.000539189 -0.009373336 -0.001811431 0.002062557 0.000514488 0.999996126
1403638629.277829 -0.002811908 -0.000539189 -0.009373336 -0.001811431 0.002062557 0.000514488 0.999996126
1403638629.277829 -0.002811908 -0.000539189 -0.009373336 -0.001811431 0.002062557 0.000514488 0.999996126
1403638629.277829 -0.002811908 -0.000539189 -0.009373336 -0.001811431 0.002062557 0.000514488 0.999996126
1403638629.277829 -0.002811908 -0.000539189 -0.009373336 -0.001811431 0.002062557 0.000514488 0.999996126
1403638629.277829 -0.002811908 -0.000539189 -0.009373336 -0.001811431 0.002062557 0.000514488 0.999996126
1403638629.277829 -0.002811908 -0.000539189 -0.009373336 -0.001811431 0.002062557 0.000514488 0.999996126
1403638629.277829 -0.002811908 -0.000539189 -0.009373336 -0.001811431 0.002062557 0.000514488 0.999996126
1403638629.277829 -0.002811908 -0.000539189 -0.009373336 -0.001811431 0.002062557 0.000514488 0.999996126
1403638629.277829 -0.002811908 -0.000539189 -0.009373336 -0.001811431 0.002062557 0.000514488 0.999996126
1403638629.277829 -0.002811908 -0.000539189 -0.009373336 -0.001811431 0.002062557 0.000514488 0.999996126
1403638629.277829 -0.002811908 -0.000539189 -0.009373336 -0.001811431 0.002062557 0.000514488 0.999996126
1403638629.277829 -0.002811908 -0.000539189 -0.009373336 -0.001811431 0.002062557 0.000514488 0.999996126
1403638629.277829 -0.002811908 -0.000539189 -0.009373336 -0.001811431 0.002062557 0.000514488 0.999996126
1403638629.277829 -0.002811908 -0.000539189 -0.009373336 -0.001811431 0.002062557 0.000514488 0.999996126
1403638629.277829 -0.002811908 -0.000539189 -0.009373336 -0.001811431 0.002062557 0.000514488 0.999996126
1403638629.277829 -0.002811908 -0.000539189 -0.009373336 -0.001811431 0.002062557 0.000514488 0.999996126
1403638629.277829 -0.002811908 -0.000539189 -0.009373336 -0.001811431 0.002062557 0.000514488 0.999996126
1403638629.277829 -0.002811908 -0.000539189 -0.009373336 -0.001811431 0.002062557 0.000514488 0.999996126
1403638629.277829 -0.002811908 -0.000539189 -0.009373336 -0.001811431 0.002062557 0.000514488 0.999996126
1403638629.277829 -0.002811908 -0.000539189 -0.009373336 -0.001811431 0.002062557 0.000514488 0.999996126
1403638629.277829 -0.002811908 -0.000539189 -0.009373336 -0.001811431 0.002062557 0.000514488 0.999996126
1403638629.277829 -0.002811908 -0.000539189 -0.009373336 -0.001811431 0.002062557 0.000514488 0.999996126
1403638629.277829 -0.002811908 -0.000539189 -0.009373336 -0.001811431 0.002062557 0.000514488 0.999996126
1403638629.277829 -0.002811908 -0.000539189 -0.009373336 -0.001811431 0.002062557 0.000514488 0.999996126
1403638629.277829 -0.002811908 -0.000539189 -0.009373336 -0.001811431 0.002062557 0.000514488 0.999996126
1403638629.277829 -0.002811908 -0.000539189 -0.009373336 -0.001811431 0.002062557 0.000514488 0.999996126
1403638629.277829 -0.002811908 -0.000539189 -0.009373336 -0.001811431 0.002062557 0.000514488 0.999996126
1403638629.277829 -0.002811908 -0.000539189 -0.009373336 -0.001811431 0.002062557 0.000514488 0.999996126
1403638629.277829 -0.002811908 -0.000539189 -0.009373336 -0.001811431 0.002062557 0.000514488 0.999996126
1403638629.277829 -0.002811908 -0.000539189 -0.009373336 -0.001811431 0.002062557 0.000514488 0.999996126
1403638629.277829 -0.002811908 -0.000539189 -0.009373336 -0.001811431 0.002062557 0.000514488 0.999996126
1403638629.277829 -0.002811908 -0.000539189 -0.009373336 -0.001811431 0.002062557 0.000514488 0.999996126
1403638629.277829 -0.002811908 -0.000539189 -0.009373336 -0.001811431 0.002062557 0.000514488 0.999996126
1403638629.277829 -0.002811908 -0.000539189 -0.009373336 -0.001811431 0.002062557 0.000514488 0.999996126
1403638629.277829 -0.002811908 -0.000539189 -0.009373336 -0.001811431 0.002062557 0.000514488 0.999996126
1403638629.277829 -0.002811908 -0.000539189 -0.009373336 -0.001811431 0.002062557 0.000514488 0.999996126
1403638629.277829 -0.002811908 -0.000539189 -0.009373336 -0.001811431 0.002062557 0.000514488 0.999996126
1403638629.277829 -0.002811908 -0.000539189 -0.009373336 -0.001811431 0.002062557 0.000514488 0.999996126
1403638629.277829 -0.002811908 -0.000539189 -0.009373336 -0.001811431 0.002062557 0.000514488 0.999996126
1403638629.277829 -0.002811908 -0.000539189 -0.009373336 -0.001811431 0.002062557 0.000514488 0.999996126
1403638629.277829 -0.002811908 -0.000539189 -0.009373336 -0.001811431 0.002062557 0.000514488 0.999996126
1403638629.277829 -0.002811908 -0.000539189 -0.009373336 -0.001811431 0.002062557 0.000514488 0.999996126
1403638629.277829 -0.002811908 -0.000539189 -0.009373336 -0.001811431 0.002062557 0.000514488 0.999996126
1403638629.277829 -0.002811908 -0.000539189 -0.009373336 -0.001811431 0.002062557 0.000514488 0.999996126
1403638629.277829 -0.002811908 -0.000539189 -0.009373336 -0.001811431 0.002062557 0.000514488 0.999996126
