1341846313.592026 0.000000000 0.000000000 0.000000000 -0.000000000 -0.000000000 -0.000000000 1.000000000
1341846313.654184 0.004845043 0.003114713 -0.009588450 -0.000005535 -0.002603875 0.004622338 0.999985933
1341846313.686156 0.012073719 0.007494356 -0.008054680 0.001852736 -0.004873455 0.003951003 0.999978662
1341846313.721918 0.013052289 0.009796520 -0.010463037 0.002036715 -0.005021874 0.004441580 0.999975443
1341846313.753994 0.017674752 0.012432348 -0.007184590 0.002071519 -0.005445400 0.005695886 0.999966860
1341846313.789969 0.018099098 0.015315888 -0.006122588 0.003677183 -0.005160684 0.004163425 0.999971330
1341846313.822075 0.009713323 0.019239584 -0.008723471 0.004370854 -0.001497901 0.002431893 0.999986351
1341846313.853928 0.003599441 0.022191597 -0.005933062 0.004408598 0.002897053 0.001358712 0.999985218
1341846313.890011 -0.009233200 0.015519602 -0.007536724 0.002285460 0.008052809 0.001197417 0.999964237
1341846313.922055 -0.026887830 0.016967511 -0.009862144 0.000230585 0.012612033 0.001638038 0.999919176
1341846313.957927 -0.053755406 0.022187993 -0.015216422 -0.000787754 0.023081172 0.001405397 0.999732316
1341846313.990058 -0.061486345 0.022141581 -0.008923725 -0.001691023 0.030202430 0.001942895 0.999540508
1341846314.022042 -0.100871608 0.017267937 -0.018039767 -0.005729605 0.040203542 0.004468186 0.999165118
1341846314.057816 -0.113787286 0.025939090 -0.006932762 -0.007055494 0.046212427 0.004912558 0.998894691
1341846314.089801 -0.135732263 0.031130478 -0.001721646 -0.004801876 0.056798626 0.004177010 0.998365343
1341846314.122037 -0.152482569 0.022133712 -0.003040319 -0.008676278 0.063870028 0.006689850 0.997898102
1341846314.157989 -0.169183344 0.030159473 0.005156220 -0.008507686 0.071161680 0.007575558 0.997399747
1341846314.190094 -0.181575984 0.031463247 0.004521577 -0.008326613 0.077673219 0.008358246 0.996909082
1341846314.225969 -0.200757667 0.031212941 -0.001744860 -0.011193740 0.083782852 0.011688937 0.996352613
1341846314.257923 -0.197256267 0.037685074 0.006856308 -0.011432766 0.086016677 0.011953630 0.996156454
1341846314.290052 -0.215049699 0.046082530 0.004211888 -0.008571336 0.091441251 0.009953945 0.995723844
1341846314.325981 -0.226949826 0.055564776 0.002074202 -0.008287882 0.095546193 0.007554742 0.995361865
1341846314.357905 -0.217732802 0.068461299 0.008627430 -0.006562946 0.097923145 0.005021825 0.995159686
1341846314.389899 -0.219869554 0.071445920 0.009495151 -0.004396119 0.101575829 0.003863097 0.994810581
1341846314.427905 -0.225661322 0.074526422 0.009312850 -0.004802228 0.105685234 0.001981458 0.994386137
1341846314.493987 -0.272947609 0.048277326 0.016968966 -0.007803364 0.125463471 -0.004878904 0.992055535
1341846314.526085 -0.285575002 0.054234508 0.008331859 -0.006956280 0.130127534 -0.006859593 0.991449118
1341846314.558292 -0.269278556 0.059078675 0.009681880 -0.007287411 0.131322980 -0.006969048 0.991288364
1341846314.594085 -0.270458281 0.054716945 0.016787047 -0.006146156 0.137872547 -0.006366197 0.990410447
1341846314.626096 -0.315549880 0.051602092 0.007642052 -0.006601839 0.149275720 -0.005264146 0.988759577
1341846314.658455 -0.326966643 0.057576615 -0.002024115 -0.007256907 0.153162524 -0.005750242 0.988157690
1341846314.694004 -0.304695010 0.056439511 0.010956925 -0.006526963 0.155668408 -0.007314708 0.987760782
1341846314.725910 -0.315908641 0.063678615 0.017264269 -0.000537278 0.160874769 -0.004992850 0.986962080
1341846314.761942 -0.321752399 0.061663158 0.008717652 0.002873406 0.162135139 -0.000060632 0.986764431
1341846314.794030 -0.351281136 0.079949081 0.009024705 0.008983179 0.170943797 -0.000495666 0.985239744
1341846314.826092 -0.368669242 0.086439796 -0.001549562 0.012159199 0.178579614 -0.000336674 0.983850300
1341846314.862145 -0.364694327 0.089454152 -0.002007220 0.012606728 0.182166398 -0.001330058 0.983186007
1341846314.894072 -0.370538324 0.091921873 -0.004975962 0.013233942 0.187667802 0.000376524 0.982143342
1341846314.925969 -0.396952689 0.087267041 -0.007262906 0.012565948 0.195596129 0.005436154 0.980588973
1341846314.961937 -0.417626023 0.085295521 -0.015323519 0.009329517 0.199682012 0.011417517 0.979749858
1341846314.994564 -0.406091750 0.096083157 -0.009736435 0.008270667 0.199592620 0.009562082 0.979797423
1341846315.029900 -0.425834447 0.105169237 -0.009791184 0.009916576 0.208027184 0.006498496 0.978051245
1341846315.061965 -0.437624961 0.098584250 -0.007263115 0.008307559 0.212577298 0.011171455 0.977045119
1341846315.094388 -0.437458217 0.109555364 -0.008715278 0.010538526 0.211909011 0.011593745 0.977163851
1341846315.129851 -0.448661655 0.126190871 -0.009126956 0.015272590 0.215006664 0.009106344 0.976450741
1341846315.161941 -0.485104859 0.107649110 -0.017784689 0.008798204 0.220850706 0.016675921 0.975125372
1341846315.197984 -0.481770962 0.123653546 -0.015519092 0.004831749 0.218561918 0.012362855 0.975732803
1341846315.230076 -0.484717280 0.132987186 -0.016189417 0.002641312 0.219091937 0.007599959 0.975671053
1341846315.262069 -0.490919560 0.110370710 -0.007261883 -0.003739918 0.218770877 0.013397382 0.975677133
1341846315.298000 -0.493346274 0.122944221 -0.003989458 -0.002812734 0.216474816 0.014582556 0.976175308
1341846315.329931 -0.505809486 0.149412617 -0.003431601 0.006400621 0.217864171 0.013259499 0.975868106
1341846315.361981 -0.509756327 0.153633624 -0.001945486 0.012502144 0.218288183 0.014830858 0.975691557
1341846315.397962 -0.522649944 0.165927231 -0.000219380 0.017651554 0.221201658 0.017759316 0.974906683
1341846315.429923 -0.544277847 0.182494372 0.000654511 0.023470670 0.227257088 0.017734040 0.973390400
1341846315.466047 -0.568954468 0.189059153 0.004431767 0.025792038 0.236215919 0.019743823 0.971157551
1341846315.497883 -0.580393314 0.195393264 0.002444077 0.026949808 0.240519479 0.023630392 0.969982386
1341846315.530008 -0.579609931 0.190012440 0.008743605 0.026060428 0.242596999 0.024693297 0.969462633
1341846315.566108 -0.555867314 0.152961537 0.012917055 0.018187482 0.240973741 0.025889473 0.970015764
1341846315.597986 -0.573163927 0.156277746 0.019672710 0.018679347 0.245639890 0.025257098 0.968852043
1341846315.630109 -0.581539571 0.159845337 0.025077477 0.019344440 0.248703986 0.024601202 0.968073845
1341846315.666042 -0.586189866 0.166322008 0.009387635 0.019887112 0.250598490 0.023829097 0.967593491
1341846315.698114 -0.618747234 0.181480557 0.021357305 0.016864469 0.260086060 0.022091080 0.965185404
1341846315.733985 -0.587701321 0.161155477 0.024148466 0.011798639 0.257620096 0.024218153 0.965870738
1341846315.766041 -0.577038884 0.136573836 0.024532717 0.007825003 0.253249347 0.027524859 0.966977775
1341846315.798188 -0.548367620 0.153148726 0.014123637 0.009078072 0.247466922 0.025265813 0.968524337
1341846315.834140 -0.561082542 0.160630912 0.026810534 0.011772503 0.252201706 0.023652513 0.967314005
1341846315.866751 -0.564428926 0.158748567 0.029754115 0.013519425 0.253866583 0.021673597 0.966901898
1341846315.898492 -0.541347921 0.160983548 0.018095408 0.015214687 0.249392986 0.022714458 0.968016446
1341846315.936901 -0.516333401 0.151490703 0.014897500 0.016258867 0.246789366 0.020530723 0.968715250
1341846315.966572 -0.516157985 0.156346112 0.013130791 0.020612350 0.247138232 0.019467415 0.968565404
1341846316.034204 -0.518237710 0.154263467 0.012466265 0.023521831 0.245901242 0.018363331 0.968835473
1341846316.066113 -0.512682736 0.158942387 0.009385306 0.027052548 0.243707195 0.019269457 0.969279945
1341846316.101867 -0.469706595 0.136527076 0.001128662 0.024330866 0.233657509 0.020355105 0.971801400
1341846316.134066 -0.464580357 0.135119095 0.001849489 0.022465441 0.228945255 0.019025097 0.972994089
1341846316.202049 -0.455299318 0.120997809 0.011694217 0.020266486 0.221287116 0.016344607 0.974861085
1341846316.233979 -0.440381587 0.126043782 -0.005138854 0.020899596 0.216313675 0.013716709 0.976003885
1341846316.270052 -0.442215025 0.132683694 -0.007143896 0.020460185 0.217141986 0.009272399 0.975881517
1341846316.301915 -0.432498962 0.133295521 0.002413644 0.021060117 0.216062963 0.007521379 0.976123333
1341846316.334208 -0.420805186 0.127730340 -0.006812770 0.021786598 0.211973682 0.009021826 0.976990879
1341846316.370006 -0.412625492 0.128366724 -0.007526692 0.024122411 0.208317876 0.008721596 0.977724731
1341846316.401994 -0.408801198 0.121749878 -0.008069536 0.025153147 0.205863014 0.013596639 0.978163064
1341846316.438069 -0.393204600 0.125807583 -0.007206761 0.028629698 0.201662600 0.016712034 0.978893936
1341846316.470076 -0.384792298 0.112618931 0.000659330 0.031112051 0.199060068 0.019866176 0.979291797
1341846316.502034 -0.389040917 0.101705745 -0.016672697 0.030195259 0.195189878 0.020648012 0.980083108
1341846316.537975 -0.359576941 0.093910284 -0.009752995 0.025988696 0.187110737 0.019166112 0.981808007
1341846316.570121 -0.332795560 0.088963225 0.003237709 0.025067601 0.181612462 0.015150332 0.982933939
1341846316.601885 -0.322504997 0.080326192 0.000487995 0.025430612 0.177997738 0.014517885 0.983595133
1341846316.638009 -0.294121325 0.066350676 0.006288437 0.025011890 0.171046212 0.015161014 0.984828830
1341846316.669925 -0.277368098 0.066516042 0.005289879 0.027667940 0.166414201 0.014461722 0.985561609
1341846316.705941 -0.268118560 0.067726247 0.014207072 0.032692850 0.164334506 0.014342256 0.985758424
1341846316.738062 -0.273869127 0.055288777 0.000768170 0.032505624 0.162900910 0.019106446 0.985921741
1341846316.770433 -0.250266701 0.050180253 -0.000336406 0.029771566 0.156585276 0.019047562 0.987031937
1341846316.805932 -0.242067397 0.050872371 0.005216128 0.031330738 0.154260620 0.017629130 0.987375975
1341846316.838029 -0.223459527 0.038956899 0.006630472 0.030470319 0.148588136 0.019774090 0.988231838
1341846316.870034 -0.204956383 0.035386339 0.012215075 0.030156940 0.140659586 0.019984635 0.989396870
1341846316.906344 -0.205855384 0.036636528 0.008091720 0.031658411 0.136559159 0.020656884 0.989910424
1341846316.937940 -0.204722285 0.047773797 -0.005033561 0.033270065 0.133888021 0.017195709 0.990288556
1341846316.973994 -0.199451849 0.039162245 -0.005678514 0.030454494 0.129318118 0.016503630 0.990998030
1341846317.005913 -0.194864362 0.037333418 -0.003839212 0.029334977 0.124911338 0.019001836 0.991552114
1341846317.037936 -0.192729741 0.040113743 -0.008743928 0.030812426 0.121047392 0.021496782 0.991935492
1341846317.073972 -0.198559672 0.035073109 -0.004367116 0.031402741 0.119494945 0.022393487 0.992085338
1341846317.106113 -0.184259251 0.040435705 -0.005778059 0.035216261 0.114525273 0.026739020 0.992435813
1341846317.137887 -0.166694432 0.027489813 -0.018019812 0.035659086 0.103030436 0.030715721 0.993564129
1341846317.173970 -0.169874698 0.023443801 -0.019982375 0.035350647 0.095943093 0.032755271 0.994219482
1341846317.205887 -0.139523074 0.024387727 -0.013237603 0.035555433 0.087075040 0.033083882 0.995017171
1341846317.248131 -0.147393376 0.024595015 -0.014578938 0.037170243 0.083543114 0.033654220 0.995241821
1341846317.306289 -0.154181942 0.023720209 -0.030586073 0.039370321 0.076853052 0.041331660 0.995407104
1341846317.348137 -0.163968727 0.021525363 -0.032857351 0.040580004 0.078701973 0.042047236 0.995184124
1341846317.410120 -0.186765194 0.032393970 -0.040230382 0.044082180 0.079028755 0.047501668 0.994763732
1341846317.442569 -0.197067186 0.028285854 -0.031229101 0.046712257 0.080461286 0.049404826 0.994436085
1341846317.474010 -0.189252034 0.031283192 -0.040896606 0.053288672 0.077945143 0.052835725 0.994129419
1341846317.509927 -0.179025486 0.034792513 -0.049174506 0.055744819 0.072009176 0.057161864 0.994203091
1341846317.542282 -0.197661355 0.033809420 -0.045617919 0.054667499 0.071733586 0.057568967 0.994259298
1341846317.573943 -0.207816109 0.027923955 -0.044607107 0.053944528 0.074289419 0.055880498 0.994207501
1341846317.610159 -0.215749726 0.029721254 -0.039085969 0.057363633 0.076294854 0.056204382 0.993845880
1341846317.643553 -0.215232849 0.037088726 -0.042371389 0.060963012 0.073921919 0.061709817 0.993484259
1341846317.677993 -0.210838422 0.042803667 -0.049943954 0.062823594 0.067420535 0.063825145 0.993697166
1341846317.709996 -0.209920242 0.038646124 -0.051365387 0.064703517 0.064014912 0.063008055 0.993853927
1341846317.741834 -0.207863376 0.046461485 -0.053690858 0.065097295 0.061529666 0.063955098 0.993924677
1341846317.777923 -0.201084986 0.051404160 -0.051916175 0.064071596 0.057631087 0.061828911 0.994359434
1341846317.810021 -0.189459294 0.047364496 -0.056491341 0.063415721 0.052855127 0.062355697 0.994633913
1341846317.841886 -0.169393197 0.040965986 -0.057945579 0.060287297 0.047206510 0.059428535 0.995291531
1341846317.878017 -0.148147225 0.047232728 -0.062124204 0.059117332 0.042663366 0.057246510 0.995694637
1341846317.909910 -0.134239569 0.040998831 -0.052907839 0.057146352 0.041012548 0.052845642 0.996122360
1341846317.946031 -0.117677331 0.040752620 -0.050158851 0.058035869 0.037347492 0.054927602 0.996102393
1341846317.978041 -0.077272952 0.036833916 -0.048059270 0.059172254 0.027631782 0.054314435 0.996385992
1341846318.009897 -0.073646687 0.030921143 -0.047852691 0.060461041 0.026777027 0.051634811 0.996474445
1341846318.045949 -0.051925905 0.023278231 -0.047786653 0.058742728 0.022903016 0.050000146 0.996757150
1341846318.078074 -0.037539087 0.015047612 -0.045867033 0.056041796 0.017901588 0.049683265 0.997030795
1341846318.109894 0.010889241 0.004959255 -0.037939183 0.053649303 0.004017613 0.044973642 0.997538447
1341846318.145957 0.008559505 0.005785075 -0.035318509 0.053463757 0.001550679 0.042554911 0.997661412
1341846318.178001 0.016484633 0.005034565 -0.034759074 0.052577134 -0.000621737 0.040055953 0.997813046
1341846318.214074 0.032155368 0.002503528 -0.029571058 0.052771218 -0.005813638 0.037971430 0.997867525
1341846318.245970 0.052858472 0.000234217 -0.023337938 0.055455904 -0.016623063 0.039600756 0.997537017
1341846318.278018 0.065767579 0.004539618 -0.026042983 0.059777129 -0.024762809 0.039057903 0.997139931
1341846318.313937 0.094426215 0.010665416 -0.028814886 0.062456191 -0.038200233 0.039964732 0.996515334
1341846318.345989 0.102075294 0.011469823 -0.024579696 0.064405531 -0.049641900 0.038225997 0.995955110
1341846318.382046 0.114725657 0.002370109 -0.021248130 0.064698786 -0.059775058 0.036869079 0.995430410
1341846318.414072 0.115543284 0.003953476 -0.023694037 0.066416129 -0.067601770 0.038806792 0.994742632
1341846318.446035 0.132995307 -0.006068726 -0.020220112 0.066681892 -0.077751607 0.039350864 0.993961632
1341846318.482196 0.141213492 -0.011389273 -0.023091568 0.066389188 -0.082112603 0.038702484 0.993655980
1341846318.514144 0.148746878 -0.009988463 -0.021408882 0.066958807 -0.086077735 0.040329233 0.993217349
1341846318.546259 0.149453416 -0.004167548 -0.021977797 0.070030935 -0.088214509 0.040995158 0.992790699
1341846318.582042 0.160392150 -0.011855077 -0.025425598 0.069215484 -0.091246113 0.041403048 0.992556870
1341846318.614115 0.161675125 -0.015479085 -0.031165916 0.068148091 -0.093220219 0.041138209 0.992458344
1341846318.650038 0.176501870 -0.012043695 -0.029883597 0.068577416 -0.097963482 0.040671736 0.991990983
1341846318.682350 0.171892762 -0.011535014 -0.035624042 0.068568960 -0.098960787 0.040367037 0.991905093
1341846318.714063 0.168119684 -0.022496091 -0.046120312 0.066964582 -0.100808486 0.042473923 0.991740584
1341846318.749905 0.147934496 -0.023604112 -0.046961054 0.068220682 -0.098632887 0.043947171 0.991809607
1341846318.782036 0.159531265 -0.007381521 -0.069759876 0.072404653 -0.102876604 0.048352577 0.990876377
1341846318.814121 0.152361780 -0.010763167 -0.074585304 0.071652316 -0.109180801 0.045829777 0.990376294
1341846318.850072 0.119178608 -0.000376918 -0.072983764 0.074748710 -0.110824272 0.042972896 0.990092933
1341846318.883516 0.095558681 0.008327801 -0.077225208 0.080189370 -0.115968309 0.042040914 0.989117563
1341846318.918047 0.083025120 0.009956584 -0.081554480 0.083038919 -0.127219617 0.040132899 0.987577379
1341846318.950044 0.083211713 0.004306447 -0.084738016 0.084123880 -0.138179645 0.035324041 0.986195624
1341846318.982028 0.079837531 0.001615827 -0.088001996 0.085013151 -0.141993091 0.033390205 0.985644877
1341846319.018123 0.078539759 0.008358293 -0.087454304 0.085343778 -0.149481758 0.032477859 0.984538913
1341846319.050745 0.068758801 0.000824833 -0.074754059 0.086610116 -0.154160365 0.031659558 0.983733177
1341846319.081905 0.046691768 0.001399964 -0.081606686 0.091964327 -0.150484875 0.029433785 0.983885407
1341846319.117976 0.024558447 0.003987324 -0.090521872 0.094076045 -0.148710832 0.035980087 0.983737886
1341846319.150093 -0.002372398 0.002752083 -0.090992190 0.095541060 -0.150221124 0.041888971 0.983133197
1341846319.186069 -0.032764506 -0.006410846 -0.088549159 0.093804404 -0.146071598 0.038073029 0.984080434
1341846319.218149 -0.066748202 -0.002362368 -0.096081048 0.090477914 -0.136499330 0.033927251 0.985916138
1341846319.250034 -0.102752179 -0.012352008 -0.087156340 0.083232462 -0.126217753 0.031692687 0.987996459
1341846319.286594 -0.142215818 -0.012828983 -0.088800482 0.081956871 -0.118341535 0.037292678 0.988882005
1341846319.318034 -0.185279742 -0.018124439 -0.085452549 0.082194880 -0.112238996 0.041286048 0.989414930
1341846319.350268 -0.221152052 -0.021595858 -0.089936689 0.082449831 -0.107387006 0.048829909 0.989588678
1341846319.386163 -0.253807008 -0.021024320 -0.098624490 0.084535107 -0.107912786 0.057000767 0.988918364
1341846319.418386 -0.276392698 -0.019001553 -0.110003918 0.086081512 -0.109523803 0.056607798 0.988630414
1341846319.453961 -0.265943617 0.008167196 -0.092032522 0.090225987 -0.115048975 0.055683739 0.987685382
1341846319.486271 -0.280094415 0.003452675 -0.097024836 0.088229090 -0.114609241 0.057496212 0.987813056
1341846319.554083 -0.275127590 -0.005418890 -0.084441222 0.081723146 -0.123729311 0.059749279 0.987138569
1341846319.586296 -0.302945733 -0.012703224 -0.093682088 0.081278823 -0.119912580 0.056784745 0.987820923
1341846319.622031 -0.320567608 -0.015262259 -0.107561924 0.079540394 -0.121676557 0.055961080 0.987793744
1341846319.653962 -0.347344130 -0.017841522 -0.101094820 0.079022110 -0.123314939 0.053428870 0.987772405
1341846319.686352 -0.359624356 -0.018433675 -0.102701396 0.080778472 -0.126039907 0.055631757 0.987164557
1341846319.721992 -0.365440339 -0.011477526 -0.111586332 0.082065813 -0.129989237 0.056813780 0.986478686
1341846319.754063 -0.369749159 0.000848881 -0.131558448 0.079977274 -0.132168636 0.058351044 0.986270905
1341846319.786397 -0.374051213 -0.009200629 -0.133719504 0.073972523 -0.132079542 0.061261661 0.986574948
1341846319.822008 -0.383252472 -0.000791601 -0.130164176 0.072029211 -0.132505357 0.066332370 0.986333728
1341846319.853917 -0.382063836 -0.001907459 -0.131843686 0.066766717 -0.134327412 0.069805600 0.986217797
1341846319.889942 -0.393633395 -0.020564253 -0.119547024 0.061724570 -0.133617356 0.075396903 0.986231148
1341846319.922039 -0.423493713 -0.024056414 -0.108483836 0.061900258 -0.133415714 0.076802164 0.986138999
1341846319.953946 -0.413758665 -0.034216709 -0.105051599 0.061095841 -0.141015679 0.073586285 0.985376537
1341846319.990054 -0.402950585 -0.038913354 -0.113544971 0.062763378 -0.146087274 0.066993788 0.985003114
1341846320.028122 -0.421810180 -0.035287388 -0.107740961 0.066255793 -0.147460893 0.066189907 0.984623969
1341846320.090047 -0.385180414 -0.016587710 -0.115833476 0.073058158 -0.159173399 0.065005161 0.982395411
1341846320.122011 -0.354633391 -0.011622201 -0.104454979 0.074125201 -0.160726815 0.065770932 0.982011497
1341846320.157952 -0.350670129 -0.012551280 -0.100222252 0.074456401 -0.157947019 0.065421320 0.982460737
1341846320.190003 -0.327117205 -0.011657238 -0.081524387 0.077320442 -0.157044187 0.062623993 0.982566535
1341846320.221941 -0.319703639 -0.008526217 -0.081745945 0.081729762 -0.154098615 0.064024240 0.982585788
1341846320.258015 -0.308270395 -0.015636884 -0.077875264 0.084904470 -0.154137820 0.066839136 0.982122838
1341846320.289887 -0.281224489 -0.035519667 -0.074801914 0.087580718 -0.158003807 0.068024926 0.981191635
1341846320.321954 -0.273720473 -0.029250821 -0.068054274 0.097388960 -0.159275129 0.064309105 0.980311811
1341846320.357890 -0.254406393 -0.013654967 -0.075773969 0.104385443 -0.159854248 0.064119361 0.979509592
1341846320.390064 -0.216167152 -0.011183960 -0.069389470 0.105940908 -0.160316333 0.061593581 0.979429126
1341846320.426544 -0.175607041 -0.050271422 -0.109406404 0.101706885 -0.155877486 0.055499505 0.980957568
1341846320.458122 -0.106921300 -0.041867707 -0.094934739 0.103909574 -0.157202229 0.051418215 0.980737686
1341846320.490186 -0.029296920 -0.045654826 -0.078642383 0.105771080 -0.160070449 0.050120678 0.980141759
1341846320.525911 0.035419304 -0.043044429 -0.084043123 0.108684927 -0.160202399 0.048612379 0.979877353
1341846320.558091 0.086986750 -0.036726400 -0.082360417 0.110801421 -0.161330476 0.042736050 0.979729116
1341846320.594093 0.116648085 -0.015832929 -0.050965428 0.115611456 -0.160628781 0.037797175 0.979491591
1341846320.631955 0.124212630 -0.052184090 -0.066912301 0.113274217 -0.152987361 0.036097251 0.981050909
1341846320.664916 0.144632608 -0.027147869 -0.062166698 0.116857715 -0.151993260 0.034990903 0.980825186
1341846320.699927 0.190979123 -0.022920847 -0.036731206 0.118131861 -0.154324949 0.031401496 0.980429828
1341846320.731822 0.238150999 -0.016586836 -0.010673155 0.121262841 -0.154928550 0.031022711 0.979964316
1341846320.763877 0.265310794 0.007044816 -0.003280284 0.122665174 -0.156026155 0.028940728 0.979679346
1341846320.799999 0.278341621 -0.001951416 0.000424469 0.114929922 -0.157909602 0.021699252 0.980502367
1341846320.831871 0.302018017 -0.010141508 0.002193091 0.115634829 -0.149917409 0.015416693 0.981792092
1341846320.863887 0.306013495 0.005664845 0.024919998 0.118250810 -0.142631695 0.017315466 0.982534051
1341846320.900014 0.328235477 0.004965072 0.054353982 0.113641493 -0.149272010 0.018523540 0.982069433
1341846320.931889 0.356544644 -0.010423771 0.073878057 0.113014378 -0.151542664 0.014176940 0.981866360
1341846320.967866 0.385472387 0.004269759 0.043278996 0.112678580 -0.150028139 0.014007267 0.982139945
1341846321.000017 0.415165544 0.000863541 0.066265672 0.106979690 -0.154166743 0.011481415 0.982169151
1341846321.031860 0.468788743 -0.010107635 0.078713171 0.104006015 -0.160410911 0.008584656 0.981517911
1341846321.068047 0.507745028 -0.001366623 0.089299873 0.105555408 -0.162274450 0.007383653 0.981055856
1341846321.099840 0.530418932 0.007235929 0.110503525 0.105104804 -0.164173067 0.006810650 0.980792463
1341846321.131821 0.576743305 0.007179977 0.139723480 0.106543526 -0.169100985 0.006271480 0.979803026
1341846321.167887 0.597293854 0.010133641 0.149453625 0.109457687 -0.167478353 0.006071270 0.979761779
1341846321.200042 0.636217475 0.024950614 0.169870824 0.111908160 -0.170794398 0.007778917 0.978900075
1341846321.231950 0.626749396 0.014396265 0.169679075 0.110720120 -0.167117923 0.004084087 0.979691803
1341846321.267939 0.671454728 0.017862303 0.174947783 0.112089261 -0.170365900 -0.001368545 0.978983998
1341846321.299948 0.680584967 0.024763372 0.187830985 0.113567531 -0.166770115 -0.008513258 0.979396641
1341846321.331858 0.677270055 0.033091247 0.198169276 0.116158023 -0.163183436 -0.011422053 0.979667306
1341846321.367913 0.702238560 0.024102855 0.217789516 0.117729098 -0.163462356 -0.016371675 0.979363024
1341846321.399897 0.719713688 0.025737198 0.207098156 0.119711921 -0.159928948 -0.018627863 0.979665697
1341846321.435994 0.723344088 0.027092069 0.222519562 0.122361988 -0.157372743 -0.019075919 0.979743600
1341846321.467946 0.734840870 0.032368153 0.229206890 0.125110254 -0.155623183 -0.018628526 0.979684591
1341846321.499882 0.768788576 0.036104027 0.245751753 0.127696916 -0.157097906 -0.019139145 0.979105473
1341846321.536109 0.825618029 0.025969800 0.238057151 0.126072899 -0.157768339 -0.023343852 0.979116857
1341846321.568960 0.787828684 0.057156399 0.255545795 0.128376529 -0.146089569 -0.025417363 0.980577052
1341846321.603938 0.802222192 0.044772252 0.260289222 0.124138489 -0.145327300 -0.026866082 0.981197119
1341846321.637163 0.823098660 0.037936430 0.249561816 0.120340057 -0.141124666 -0.029360101 0.982211828
1341846321.668306 0.770731688 0.067489497 0.270490497 0.121217243 -0.126390755 -0.027927984 0.984150290
1341846321.704411 0.765482545 0.054865211 0.273408771 0.115075782 -0.126030162 -0.019398211 0.985138416
1341846321.736861 0.791032910 0.054958131 0.288684458 0.113058805 -0.131225660 -0.011092744 0.984822035
1341846321.771881 0.801115215 0.079937570 0.286054850 0.112688892 -0.130798131 -0.007471247 0.984955490
1341846321.804114 0.825579643 0.075776294 0.294576108 0.108110763 -0.132121429 -0.005949951 0.985302329
1341846321.836152 0.824802279 0.080312073 0.289493114 0.105390258 -0.129078463 -0.006904613 0.985993922
1341846321.871882 0.824580252 0.102691159 0.295136690 0.104007013 -0.127188653 -0.010670252 0.986352801
1341846321.904074 0.845953822 0.091423549 0.298661172 0.097009912 -0.128553137 -0.014879277 0.986834228
1341846321.939847 0.851199925 0.086318053 0.308195621 0.093091302 -0.126114532 -0.018059880 0.987473071
1341846322.004094 0.842281938 0.079209253 0.307069570 0.085470177 -0.126601458 -0.019631881 0.988069654
1341846322.066178 0.869788885 0.054666683 0.310609937 0.078396626 -0.124216907 -0.023762807 0.988867819
1341846322.107979 0.861294091 0.031193443 0.313903451 0.074225642 -0.121885821 -0.025534321 0.989435434
1341846322.166164 0.865176201 -0.009723466 0.310188681 0.073217459 -0.122898094 -0.024453517 0.989412665
1341846322.202932 0.873703182 -0.015492356 0.313865989 0.074216425 -0.126527369 -0.024342138 0.988883376
1341846322.234093 0.874473989 -0.013889207 0.312559307 0.073239774 -0.127965227 -0.024999116 0.988754749
1341846322.265941 0.875300169 -0.027633347 0.313416481 0.069427587 -0.131209716 -0.024257941 0.988622963
1341846322.301996 0.884188890 -0.054447871 0.316976070 0.064978465 -0.133759484 -0.023932036 0.988591731
1341846322.333949 0.877979696 -0.086652666 0.303161860 0.060184650 -0.135113254 -0.024554623 0.988695741
1341846322.369871 0.882319808 -0.103346460 0.314880967 0.060694408 -0.140837163 -0.027968278 0.987774730
1341846322.402292 0.907083094 -0.115330949 0.325662136 0.062933937 -0.142651081 -0.032908078 0.987221897
1341846322.433955 0.890746176 -0.153941616 0.313055247 0.064072683 -0.140129969 -0.035860449 0.987406909
1341846322.470030 0.859816134 -0.184719011 0.312608808 0.067037903 -0.140011191 -0.032344911 0.987348318
1341846322.502433 0.866582572 -0.225586906 0.316948712 0.067997940 -0.143313095 -0.027490951 0.986955881
1341846322.534002 0.870514452 -0.256909192 0.323526978 0.072554417 -0.144352704 -0.025974464 0.986520886
1341846322.570196 0.857131243 -0.264007866 0.321428120 0.081116810 -0.142838731 -0.021716338 0.986177266
1341846322.601920 0.865860581 -0.249706000 0.307366788 0.088944755 -0.147787422 -0.014998249 0.984897375
1341846322.638119 0.923997104 -0.299756587 0.310487747 0.087505937 -0.159231380 -0.014629316 0.983246684
1341846322.669947 0.942090094 -0.313006818 0.319531828 0.091792256 -0.158628985 -0.015095734 0.982946157
1341846322.702026 0.905850232 -0.321698517 0.310529113 0.093749583 -0.152384549 -0.013465255 0.983772635
1341846322.738006 0.894410253 -0.330193371 0.304774463 0.094305202 -0.152981490 -0.010853954 0.983659208
1341846322.770087 0.924701273 -0.367280722 0.317880243 0.090051293 -0.156889364 -0.010655378 0.983444452
1341846322.806047 0.907878220 -0.403717279 0.306812853 0.088477686 -0.155043587 -0.007505145 0.983909011
1341846322.838063 0.889169872 -0.403289258 0.297455996 0.090835527 -0.156203330 -0.004727127 0.983527899
1341846322.870081 0.910134733 -0.445603788 0.301448047 0.086617187 -0.164470926 -0.002453880 0.982568443
1341846322.906018 0.939626932 -0.437490314 0.313881934 0.092658162 -0.170537770 -0.003053237 0.980980158
1341846322.938349 0.905212402 -0.405261964 0.303272069 0.097307004 -0.164144710 -0.002144174 0.981622756
1341846322.970069 0.903054059 -0.406196147 0.304459453 0.092966102 -0.164313138 -0.001480112 0.982016444
1341846323.011820 0.913632035 -0.439916700 0.312577367 0.086370185 -0.165302262 -0.000816729 0.982453406
1341846323.073951 0.908463180 -0.414608181 0.317347318 0.087219112 -0.164924741 0.003365955 0.982436478
1341846323.105962 0.943093657 -0.474697351 0.332211494 0.076866090 -0.170577630 0.002533640 0.982338309
1341846323.138158 0.936437368 -0.482261956 0.332348317 0.077423662 -0.169952989 -0.001355938 0.982405066
1341846323.174092 0.917259991 -0.499339998 0.321795434 0.073083021 -0.167247146 -0.003158130 0.983197510
1341846323.206059 0.938736320 -0.507734716 0.336864412 0.070419602 -0.171070337 -0.006869904 0.982715011
1341846323.238053 0.946907640 -0.507807314 0.336501956 0.068774432 -0.168618828 -0.008114052 0.983245611
1341846323.273997 0.929430425 -0.491667360 0.320573002 0.067305148 -0.166392729 -0.007819657 0.983728826
1341846323.305946 0.932801187 -0.524662852 0.332336307 0.057848942 -0.170804024 -0.008066436 0.983572304
1341846323.342027 0.963225901 -0.593794644 0.348956496 0.047364961 -0.172592267 -0.011730839 0.983783960
1341846323.374048 0.953461111 -0.572165728 0.347139984 0.051753741 -0.169491976 -0.008135105 0.984138131
1341846323.405987 0.916571558 -0.617882133 0.329651982 0.044730201 -0.168669641 -0.005317353 0.984642804
1341846323.441956 0.944118619 -0.652146220 0.353242785 0.041331783 -0.176488459 -0.003739407 0.983427465
1341846323.473878 0.943502009 -0.674424469 0.351596653 0.043803040 -0.174917534 -0.005325011 0.983593822
1341846323.506129 0.948988438 -0.665496051 0.348698020 0.047905274 -0.176346838 -0.007231267 0.983135104
1341846323.541972 0.957848787 -0.669315994 0.354448915 0.046258882 -0.177274466 -0.009676044 0.983026087
1341846323.573913 0.980861485 -0.718543887 0.374423385 0.041046619 -0.176360637 -0.016712310 0.983327389
1341846323.609927 0.935577810 -0.714783490 0.360749066 0.042494241 -0.163827822 -0.019249728 0.985385299
1341846323.642014 0.945271671 -0.750849664 0.367000580 0.036230393 -0.165327951 -0.017926613 0.985409915
1341846323.674081 0.951145053 -0.752139628 0.365097612 0.037397947 -0.168085515 -0.014859120 0.984950721
1341846323.710069 0.972754657 -0.794856250 0.380179882 0.033094533 -0.173279673 -0.011172317 0.984253109
1341846323.742111 0.987821043 -0.810339808 0.389038235 0.036438346 -0.178129703 -0.009686319 0.983284414
1341846323.774928 0.980641842 -0.814734638 0.378990531 0.039260834 -0.178845152 -0.011792466 0.983022869
1341846323.810012 0.975582898 -0.827725530 0.387215078 0.039600767 -0.179946706 -0.015765253 0.982752502
1341846323.842207 0.966082275 -0.850455701 0.385023594 0.038589478 -0.178340673 -0.020479919 0.982998490
1341846323.878019 0.971518815 -0.874353230 0.384834528 0.036757383 -0.180385292 -0.022379685 0.982654154
1341846323.909826 0.988230824 -0.912463307 0.398486674 0.035834469 -0.185368672 -0.025098762 0.981694639
1341846323.942459 0.972852945 -0.886232972 0.384154588 0.043783046 -0.182792947 -0.023715021 0.981889725
1341846323.978055 0.970029056 -0.854728043 0.381006807 0.052547559 -0.186098114 -0.023018168 0.980854988
1341846324.015934 0.985014200 -0.861935794 0.373166770 0.054993261 -0.188592568 -0.019337608 0.980323792
1341846324.047722 0.997870564 -0.846436620 0.377718359 0.059548575 -0.188620731 -0.017917816 0.980079234
1341846324.083904 0.995420873 -0.823815644 0.379108667 0.062114630 -0.186916381 -0.018432291 0.980236888
1341846324.115968 0.987280369 -0.831935167 0.375613868 0.058890961 -0.183867797 -0.022538397 0.980926394
1341846324.151967 0.984892130 -0.806869328 0.372574836 0.062721148 -0.180074230 -0.026455998 0.981294811
1341846324.183941 0.998126507 -0.788501859 0.372086972 0.061916020 -0.178536728 -0.030092767 0.981522024
1341846324.219984 0.969218373 -0.743639886 0.360439867 0.065021925 -0.172154486 -0.031249618 0.982424796
1341846324.251968 0.970643878 -0.741300344 0.359703243 0.064801022 -0.172383681 -0.031459711 0.982392490
1341846324.284052 0.964653075 -0.743254244 0.358555526 0.063838467 -0.173148826 -0.034658384 0.982213259
1341846324.319880 0.968469560 -0.738904178 0.357241601 0.061262246 -0.177648410 -0.035837479 0.981531322
1341846324.351917 0.969077468 -0.690217912 0.344984293 0.063885629 -0.178889632 -0.035969719 0.981133699
1341846324.388001 0.983829498 -0.700072348 0.356067121 0.058319554 -0.181434602 -0.042144019 0.980767190
1341846324.419908 0.975535393 -0.654514074 0.350087166 0.059650980 -0.177938074 -0.044625033 0.981217861
1341846324.452027 0.959150434 -0.661068976 0.350595295 0.053847313 -0.175556034 -0.046030402 0.981917381
1341846324.487928 0.932376921 -0.646648049 0.340237200 0.053098723 -0.171318993 -0.044411130 0.982780755
1341846324.519985 0.931667030 -0.628950238 0.336967140 0.051780142 -0.173422828 -0.038836163 0.982718229
1341846324.556001 0.934630752 -0.588915229 0.335593551 0.053934261 -0.178579211 -0.035334419 0.981810629
1341846324.587888 0.941056490 -0.559460282 0.338213056 0.052859839 -0.181844220 -0.032635760 0.981363118
1341846324.620086 0.927515149 -0.534752309 0.333581001 0.054509237 -0.182234883 -0.036431789 0.981066763
1341846324.655955 0.947866976 -0.515183508 0.339239717 0.054869592 -0.185863152 -0.035931777 0.980384171
1341846324.688082 0.923580766 -0.497362703 0.335967660 0.056231197 -0.182258844 -0.035680778 0.980992734
1341846324.755922 0.900946140 -0.427247405 0.309681982 0.062772952 -0.180586189 -0.030026430 0.981094599
1341846324.814016 0.917277813 -0.347813189 0.318691611 0.067863807 -0.187264413 -0.037226837 0.979255199
1341846324.849979 0.899865329 -0.328897059 0.313813716 0.064650871 -0.181921899 -0.039361861 0.980395496
1341846324.881924 0.875650942 -0.318752855 0.303072840 0.062519051 -0.179456726 -0.040186312 0.980954528
1341846324.913902 0.875204146 -0.310415298 0.304698884 0.060942616 -0.180469409 -0.038489416 0.980936050
1341846324.949999 0.873240650 -0.309510380 0.308839977 0.061405301 -0.180788532 -0.035800174 0.980950177
1341846324.981922 0.853863239 -0.301996201 0.285308093 0.065161765 -0.179959208 -0.030512903 0.981039047
1341846325.018013 0.838144958 -0.287061185 0.296251833 0.069315702 -0.183334753 -0.028960234 0.980176032
1341846325.050079 0.840289295 -0.242493734 0.284157783 0.076338060 -0.187668785 -0.028893756 0.978835166
1341846325.081901 0.808543861 -0.198787183 0.273133487 0.080504633 -0.186846793 -0.032897562 0.978532076
1341846325.118531 0.864739537 -0.199270457 0.287331045 0.075214714 -0.196757197 -0.034648489 0.976948738
1341846325.149933 0.852682412 -0.177906945 0.289331317 0.073002517 -0.192268297 -0.037900221 0.977889121
1341846325.181925 0.854721606 -0.171660766 0.290953755 0.069158271 -0.191713482 -0.033742070 0.978429675
1341846325.218055 0.860267282 -0.149645954 0.293941945 0.069290675 -0.192733541 -0.031324923 0.978300273
1341846325.249811 0.874527097 -0.129578426 0.293857425 0.068693116 -0.195067033 -0.026282266 0.978028357
1341846325.285925 0.884217858 -0.114102483 0.296775520 0.066875048 -0.196737051 -0.024315923 0.977870703
1341846325.317988 0.897966146 -0.125298619 0.302223265 0.063012145 -0.195649162 -0.022635128 0.978385687
1341846325.349844 0.862282634 -0.145073980 0.302497178 0.062319949 -0.186101690 -0.022141367 0.980302095
1341846325.387302 0.863101959 -0.109367840 0.307993054 0.071331099 -0.183456212 -0.018700516 0.980258107
1341846325.417931 0.886781991 -0.104505450 0.308186591 0.074024312 -0.181565732 -0.015910974 0.980459630
1341846325.450747 0.898694992 -0.133862942 0.327441216 0.073654674 -0.176982939 -0.013084988 0.981366813
1341846325.485954 0.877536654 -0.083997265 0.324064076 0.088346787 -0.168055147 -0.008835647 0.981771052
1341846325.517875 0.876890421 -0.033989199 0.325849295 0.099300615 -0.165723577 -0.006969224 0.981135368
1341846325.553859 0.873586476 -0.039309703 0.323662579 0.100845106 -0.161465675 -0.008240527 0.981677771
1341846325.585855 0.869100749 0.017135181 0.327451229 0.110920757 -0.158504456 -0.008100173 0.981074572
1341846325.617990 0.875416875 0.045714136 0.323726475 0.110985756 -0.157338992 -0.010299019 0.981234252
1341846325.653982 0.864052474 0.020040181 0.327071756 0.105831586 -0.154235244 -0.014105111 0.982248545
1341846325.685819 0.858783960 0.015712183 0.320779324 0.110076495 -0.152065486 -0.012714616 0.982139289
1341846325.717857 0.834154785 0.064461090 0.333199829 0.120005012 -0.148104489 -0.005001054 0.981651127
1341846325.754083 0.844814837 0.052982204 0.325842321 0.119944111 -0.149818242 -0.000108362 0.981411219
1341846325.786087 0.844571412 0.062467039 0.331840485 0.126869127 -0.149132565 0.000893000 0.980644107
1341846325.821856 0.851231456 0.097834207 0.329522312 0.134299442 -0.148549154 0.004004557 0.979735076
1341846325.853827 0.829395294 0.114893600 0.324105412 0.136174738 -0.145072863 0.007948352 0.979973078
1341846325.885958 0.820900261 0.157793313 0.340743095 0.141493514 -0.147457212 0.014179851 0.978792548
1341846325.921984 0.823171973 0.156067148 0.341479599 0.139093846 -0.152020648 0.018670484 0.978362978
1341846325.953899 0.830177426 0.155819878 0.342665106 0.140661716 -0.151709691 0.020392871 0.978152692
1341846325.985823 0.833757401 0.171720013 0.341189355 0.143996477 -0.149819925 0.025271196 0.977844775
1341846326.021991 0.824726641 0.182682425 0.345266581 0.147433579 -0.149012119 0.031565089 0.977272928
1341846326.054055 0.833096564 0.205682963 0.352631986 0.153989509 -0.151061997 0.034630317 0.975842357
1341846326.089984 0.834886312 0.246697009 0.357865334 0.161326006 -0.148872584 0.034931783 0.974982381
1341846326.121822 0.828963459 0.260968745 0.361554980 0.162350059 -0.143826753 0.033830609 0.975608468
1341846326.154079 0.820313752 0.259905726 0.362105846 0.162746385 -0.140322357 0.032887336 0.976084888
1341846326.190178 0.807793140 0.314630091 0.372894734 0.172739848 -0.139407799 0.034382656 0.974445641
1341846326.222162 0.786439359 0.352383137 0.369479150 0.174850017 -0.138317183 0.041631281 0.973941803
1341846326.259181 0.786282361 0.359618694 0.367536396 0.170733452 -0.140898287 0.043931872 0.974201083
1341846326.322766 0.805056155 0.420094877 0.395639688 0.170619190 -0.144563213 0.043742158 0.973692596
1341846326.359773 0.812449574 0.434399545 0.401165038 0.168803155 -0.144142196 0.041621324 0.974164367
1341846326.392109 0.807438135 0.410488963 0.401593328 0.163880110 -0.140862703 0.042622648 0.975440621
1341846326.423985 0.791797161 0.422214568 0.404750317 0.168404222 -0.138564974 0.047840558 0.974756956
1341846326.459869 0.801486611 0.442198515 0.410995513 0.170842215 -0.143925920 0.053152453 0.973279536
1341846326.526163 0.821195841 0.520572007 0.442294121 0.180343390 -0.145866811 0.053850163 0.971235991
1341846326.560211 0.826856792 0.532392144 0.441076994 0.174238101 -0.142407045 0.056747943 0.972697794
1341846326.591828 0.812242806 0.562245607 0.445828050 0.176603585 -0.138370350 0.055391748 0.972931981
1341846326.627027 0.806005895 0.580094218 0.455582142 0.178351074 -0.135640338 0.055233065 0.973006666
1341846326.658442 0.814843774 0.596802354 0.451042682 0.176039994 -0.132562235 0.055344075 0.973845065
1341846326.694856 0.781454742 0.599564791 0.437943012 0.170063645 -0.123038940 0.057191242 0.976047635
1341846326.726206 0.775747120 0.607424498 0.434618711 0.164151967 -0.120492473 0.052678283 0.977630198
1341846326.762753 0.796611011 0.610358000 0.436430067 0.156132087 -0.120462067 0.050122038 0.979080915
1341846326.826821 0.787729025 0.618769407 0.444746912 0.139039546 -0.113498338 0.047167823 0.982629836
1341846326.858887 0.787572622 0.620164275 0.461120188 0.132007718 -0.113056064 0.041321430 0.983913004
1341846326.895360 0.779906452 0.618826509 0.465510696 0.130396947 -0.113401860 0.042206626 0.984050453
1341846326.926897 0.780256808 0.643293321 0.482217759 0.135187894 -0.118077733 0.044232730 0.982764125
1341846326.958888 0.786837220 0.640209496 0.481296122 0.133852392 -0.120508514 0.047806107 0.982484519
1341846326.994594 0.792825639 0.635715604 0.474333614 0.131073564 -0.120346956 0.049376223 0.982801318
1341846327.026301 0.789417684 0.642393768 0.474261582 0.128003508 -0.117827892 0.047243394 0.983615696
1341846327.063945 0.796900868 0.655381262 0.479935616 0.127222031 -0.116638295 0.043749556 0.984020352
1341846327.094662 0.787096143 0.673929691 0.486577183 0.129380807 -0.113022991 0.041796185 0.984245658
1341846327.128901 0.739556134 0.686687887 0.470771551 0.129373640 -0.104703151 0.040049106 0.985238969
1341846327.161940 0.689495921 0.694954991 0.452243626 0.127376527 -0.095593244 0.039780941 0.986435354
1341846327.193867 0.615298629 0.702988327 0.441723466 0.128059193 -0.079965763 0.038719635 0.987778962
1341846327.229885 0.582094669 0.718332231 0.426017493 0.129038915 -0.071267411 0.037640739 0.988358796
1341846327.262014 0.541401386 0.721490562 0.408099860 0.126967028 -0.058036871 0.032760650 0.989665568
1341846327.294023 0.490068197 0.748267353 0.392416567 0.135168090 -0.036334544 0.031896178 0.989642382
1341846327.330015 0.453333944 0.753616929 0.378712595 0.135433570 -0.020021738 0.028139910 0.990184426
1341846327.361939 0.422286868 0.774875998 0.372275472 0.134289309 -0.010634256 0.021163745 0.990659118
1341846327.393887 0.390116662 0.780986071 0.360753655 0.132940218 -0.002652122 0.015850633 0.990993798
1341846327.429966 0.372238696 0.795291960 0.330384046 0.129070953 -0.000960504 0.015323971 0.991516531
1341846327.461965 0.353385180 0.796310961 0.314713329 0.119150423 -0.002197608 0.011352864 0.992808878
1341846327.497931 0.321323484 0.788583338 0.313450009 0.112861961 0.002796926 0.004825645 0.993595064
1341846327.530068 0.276152551 0.795324087 0.307235032 0.110149764 0.010852066 0.007777214 0.993825376
1341846327.561895 0.245793954 0.805918813 0.314609826 0.108588174 0.013045248 0.012744560 0.993919551
1341846327.598010 0.199660137 0.808049083 0.317620397 0.109716721 0.018411523 0.015322451 0.993674278
1341846327.629945 0.225095496 0.832103968 0.310392380 0.111374706 0.007324596 0.014751844 0.993642032
1341846327.662003 0.195520476 0.819388330 0.302356124 0.108803473 0.009711369 0.011574507 0.993948460
1341846327.697919 0.161237746 0.827503800 0.287664264 0.109377287 0.014793854 0.013330572 0.993800879
1341846327.730075 0.123384565 0.833332419 0.266797334 0.102902278 0.020267941 0.016002566 0.994356215
1341846327.766017 0.095757604 0.845132589 0.270230174 0.100182883 0.025114048 0.015077357 0.994537771
1341846327.797917 0.131775066 0.862782419 0.273811847 0.094485931 0.017987372 0.019737307 0.995167971
1341846327.830054 0.124705791 0.863821566 0.276589632 0.087337956 0.019222751 0.018142883 0.995828032
1341846327.865944 0.118091553 0.856868863 0.271002889 0.080595642 0.022112405 0.017728586 0.996343911
1341846327.898010 0.107929513 0.868641376 0.273697376 0.077906132 0.024730993 0.018929241 0.996474147
1341846327.929991 0.113319859 0.875243306 0.277074814 0.072833739 0.022261081 0.016816415 0.996953845
1341846327.966065 0.116006248 0.890350759 0.280899167 0.069706857 0.022542428 0.013477489 0.997221708
1341846327.998073 0.107181638 0.893740296 0.279787034 0.062308144 0.025324164 0.010701977 0.997678280
1341846328.034045 0.116430856 0.905663669 0.282944441 0.057780135 0.024922866 0.009448599 0.997973502
1341846328.065993 0.113057308 0.893157661 0.279517502 0.049823400 0.026401263 0.009514953 0.998363733
1341846328.098045 0.108998731 0.875529289 0.281707764 0.047020353 0.027387623 0.011063803 0.998457134
1341846328.133967 0.108731553 0.876519322 0.277013987 0.050054621 0.025502171 0.015021728 0.998307824
1341846328.166023 0.100365423 0.874327958 0.275882453 0.049509652 0.023759408 0.015683385 0.998367846
1341846328.198018 0.104292601 0.863808572 0.272839010 0.049299840 0.020403370 0.012895705 0.998492420
1341846328.234044 0.106319532 0.850623131 0.272408068 0.051668316 0.018129060 0.011665474 0.998431623
1341846328.265899 0.101657264 0.846143067 0.274834633 0.055284526 0.017410811 0.010829737 0.998260081
1341846328.302051 0.076143906 0.839977264 0.274273962 0.060143232 0.022159712 0.009480740 0.997898757
1341846328.333917 0.036650617 0.814838469 0.276705652 0.061904255 0.028119108 0.012865013 0.997602999
1341846328.366008 0.013470808 0.799466372 0.300658017 0.068747535 0.031273194 0.009412552 0.997099400
1341846328.402010 0.059194975 0.819049239 0.292621970 0.088017985 0.022814117 0.016853884 0.995715022
1341846328.433920 0.058800567 0.813102126 0.284606338 0.091234848 0.020826047 0.018498909 0.995439768
1341846328.470003 0.055906028 0.777642787 0.259751886 0.089042507 0.022756992 0.007487957 0.995739698
1341846328.502194 0.069934420 0.750264466 0.257972270 0.090452321 0.022238579 -0.000642511 0.995652258
1341846328.534033 0.031333763 0.735526741 0.261511087 0.092808694 0.032487605 -0.005070922 0.995140910
1341846328.570125 0.035234537 0.690154970 0.239333063 0.089121968 0.031779252 -0.002109918 0.995511353
1341846328.602804 0.040261846 0.678987682 0.248660535 0.096379399 0.023783073 0.002398944 0.995057583
1341846328.672663 0.024569562 0.633826077 0.221457452 0.103692345 0.014733613 -0.001810184 0.994498670
1341846328.702975 0.026428053 0.626112938 0.230329007 0.107693218 0.011325060 -0.002797523 0.994115770
1341846328.770129 0.021059843 0.619979799 0.227312833 0.120993316 0.010378222 -0.007568633 0.992570221
1341846328.802331 0.027251858 0.609360516 0.237013653 0.122926861 0.005454211 -0.005694578 0.992384434
1341846328.838051 0.037107721 0.612294078 0.236303002 0.130247176 0.002064401 -0.009098083 0.991437733
1341846328.869939 0.035916958 0.626260996 0.229714766 0.132735491 0.001590702 -0.009563626 0.991104126
1341846328.904486 0.020899674 0.608560085 0.230450168 0.128125206 0.001253818 -0.010595060 0.991700649
1341846328.939814 0.030758863 0.599028349 0.223085448 0.133053795 -0.002549920 -0.010189135 0.991053164
1341846328.970217 0.011148847 0.592688918 0.216761991 0.135783419 -0.001507949 -0.005368849 0.990722895
1341846329.006232 0.029368123 0.578094721 0.210507095 0.136084989 -0.006999214 -0.001078958 0.990671873
1341846329.038243 0.011093175 0.558487952 0.203386039 0.139362425 -0.004235198 -0.002206366 0.990230024
1341846329.106125 0.025266569 0.564215660 0.191940442 0.143686160 -0.006849797 -0.004048225 0.989591300
1341846329.138340 0.027435768 0.559478521 0.189195335 0.146923289 -0.007809454 -0.005569234 0.989101410
1341846329.169991 0.034883678 0.551908433 0.185363233 0.148057818 -0.010155078 -0.005112215 0.988913357
1341846329.208656 0.033727556 0.552740812 0.184582159 0.149984136 -0.010613480 -0.006328957 0.988611221
1341846329.238169 0.030141750 0.545375526 0.178855419 0.148563266 -0.010590469 -0.006785108 0.988822937
1341846329.273827 0.036829352 0.526485085 0.171947047 0.145256609 -0.012676697 -0.005032068 0.989300013
1341846329.306052 0.028532166 0.531008780 0.166905880 0.147169769 -0.013654789 -0.007593018 0.988987863
1341846329.338104 0.038612362 0.514737964 0.158913717 0.140852004 -0.016290765 -0.009452077 0.989851534
1341846329.373907 0.048811868 0.505045295 0.165654093 0.139353618 -0.019202286 -0.010269079 0.990003228
1341846329.405985 0.039907470 0.493826449 0.158149704 0.139968053 -0.018791968 -0.013840036 0.989880979
1341846329.442057 0.034459803 0.498689353 0.153594553 0.140735209 -0.017752418 -0.017666968 0.989730477
1341846329.473950 0.033957548 0.491670549 0.150288776 0.140714094 -0.018671596 -0.023530219 0.989594519
1341846329.506147 0.025937418 0.490273803 0.150232539 0.141718045 -0.019085625 -0.026099626 0.989378870
1341846329.542121 0.028084178 0.486570746 0.146410272 0.140951619 -0.022798020 -0.026490765 0.989399374
1341846329.574086 0.016221976 0.481965065 0.143174201 0.144721746 -0.022684369 -0.028254019 0.988808751
1341846329.606387 0.028968891 0.467129767 0.129998475 0.144890264 -0.025128884 -0.029424971 0.988690853
1341846329.641955 0.016757391 0.467323273 0.131457016 0.145496354 -0.024481677 -0.028701436 0.988639355
1341846329.681570 0.001950297 0.461753279 0.135083839 0.145317778 -0.025220459 -0.029087801 0.988635719
1341846329.748113 0.011809096 0.446172863 0.131200090 0.145854220 -0.026314551 -0.031404719 0.988457322
1341846329.810175 -0.005139386 0.407251954 0.129075274 0.140496939 -0.020813180 -0.027462104 0.989481330
1341846329.842255 -0.018000243 0.400237620 0.123099864 0.141969174 -0.019125354 -0.024241976 0.989389360
1341846329.874044 -0.012712756 0.387940109 0.124232665 0.142501175 -0.020252476 -0.020642908 0.989372134
1341846329.910073 -0.019207815 0.391156524 0.123815373 0.143362209 -0.019575262 -0.017815568 0.989316285
1341846329.942009 -0.027393008 0.398375481 0.126807794 0.140515924 -0.019110629 -0.012534803 0.989814639
1341846329.978087 -0.009386061 0.355150253 0.120701350 0.134136081 -0.022863235 -0.011806668 0.990628839
1341846330.016305 -0.008529622 0.353504479 0.116349772 0.135104954 -0.021548243 -0.012803348 0.990514219
1341846330.048192 -0.005704504 0.365803272 0.109759383 0.132708207 -0.021429352 -0.013354103 0.990833521
1341846330.080418 -0.004572039 0.364689231 0.113505438 0.131028861 -0.021666046 -0.010045228 0.991090834
1341846330.115886 -0.010044786 0.354644358 0.108675346 0.134255111 -0.019300913 -0.009640790 0.990711927
1341846330.147839 -0.022585806 0.383120865 0.109105855 0.139882907 -0.017687332 -0.007922524 0.989978433
1341846330.181257 -0.014141518 0.386125803 0.107498839 0.134697452 -0.019917877 -0.004627747 0.990675807
1341846330.215852 0.001522609 0.351231188 0.099731334 0.123416752 -0.021389049 -0.005374102 0.992109895
1341846330.247833 -0.001633304 0.350124687 0.101040535 0.122131221 -0.020631464 -0.005578738 0.992283821
1341846330.283913 0.000977221 0.361706018 0.099166498 0.120007977 -0.021696147 -0.004801332 0.992524207
1341846330.316011 0.000294725 0.353429168 0.103855081 0.114052616 -0.022546465 -0.005644749 0.993202806
1341846330.347868 0.004921387 0.350402594 0.097794615 0.112205826 -0.025340913 -0.006363386 0.993341446
1341846330.383835 0.005005120 0.356360376 0.098890133 0.111818351 -0.025309248 -0.006083803 0.993387699
1341846330.415934 -0.003181255 0.338647306 0.098700084 0.110353082 -0.023021864 -0.008691179 0.993587852
1341846330.452561 -0.002572413 0.343271464 0.096856363 0.114133827 -0.024228882 -0.008654963 0.993132234
1341846330.483903 0.002369203 0.336040169 0.093332879 0.112077683 -0.027561460 -0.005922047 0.993299484
1341846330.515970 -0.010109359 0.333932549 0.090652756 0.111478016 -0.027903870 -0.002785940 0.993371189
1341846330.552099 -0.004222411 0.341716200 0.089851782 0.114682294 -0.030231498 -0.001146520 0.992941499
1341846330.583876 -0.003298838 0.354236573 0.089610353 0.115197912 -0.030937495 -0.001684881 0.992859304
1341846330.619992 -0.015553406 0.368817240 0.081993937 0.112289168 -0.030355159 -0.002756326 0.993207991
1341846330.652136 -0.009783226 0.334384650 0.079118632 0.100159511 -0.032372039 -0.004087537 0.994436264
1341846330.683796 0.003922448 0.344412625 0.074533306 0.097869702 -0.034612767 -0.005102118 0.994584084
1341846330.719991 -0.011280163 0.337559283 0.066484712 0.095657572 -0.035046682 -0.003306390 0.994791687
1341846330.752103 -0.027407637 0.348076493 0.068858869 0.099775016 -0.037322085 0.000296927 0.994309783
1341846330.787952 -0.014415495 0.323392749 0.056686260 0.094690196 -0.044953488 0.004218608 0.994482338
1341846330.819823 -0.014512455 0.332639068 0.059225507 0.096148536 -0.049270254 0.003544328 0.994140506
1341846330.852208 -0.017293056 0.348865271 0.057918258 0.097645797 -0.050328944 0.004709440 0.993936718
1341846330.914111 -0.016556595 0.355201244 0.051331934 0.087806411 -0.053937674 0.003485845 0.994670153
1341846330.949903 -0.014175724 0.341168880 0.052724808 0.083797045 -0.055903621 0.005098051 0.994900465
1341846330.981986 -0.014392541 0.328455657 0.041788712 0.081825256 -0.061284054 0.003024891 0.994756162
1341846331.014111 -0.037141647 0.348890156 0.040519681 0.084170513 -0.061068986 0.004121269 0.994569778
1341846331.082139 -0.020189507 0.351915479 0.038353547 0.086555213 -0.066892669 0.001345921 0.993997931
1341846331.114334 -0.028688768 0.358395040 0.032108504 0.087320395 -0.067778222 0.000108532 0.993871927
1341846331.149989 -0.031203181 0.332093596 0.034190811 0.083463743 -0.068067886 -0.000876079 0.994183004
1341846331.181954 -0.032989804 0.340915024 0.030468756 0.088268608 -0.068543166 -0.002288066 0.993732989
1341846331.218151 -0.036331564 0.357043177 0.018059628 0.088763341 -0.071280614 -0.000372221 0.993498862
1341846331.249914 -0.042347759 0.336109906 0.010095619 0.084284320 -0.070531465 -0.005080879 0.993929446
1341846331.318141 -0.055535465 0.353755146 -0.009691840 0.097636946 -0.058151171 -0.007761105 0.993491471
1341846331.349926 -0.088256329 0.334421605 -0.017434133 0.092719205 -0.049669571 -0.009425648 0.994407952
1341846331.382003 -0.130594134 0.325251371 -0.020296525 0.095648542 -0.034876093 -0.008956989 0.994763672
1341846331.418008 -0.115871027 0.308637083 -0.034534410 0.099249028 -0.026886072 -0.013224384 0.994611442
1341846331.450327 -0.106758162 0.298643589 -0.042033602 0.098270357 -0.024547696 -0.012253734 0.994781554
1341846331.486219 -0.093882047 0.318581551 -0.051618714 0.101265304 -0.025153209 -0.010834421 0.994482458
1341846331.518344 -0.082065955 0.328316092 -0.055149894 0.102001294 -0.025640529 -0.010998639 0.994392991
1341846331.550202 -0.096549548 0.329089135 -0.050477114 0.105360515 -0.018078590 -0.012476028 0.994191468
1341846331.586139 -0.095104247 0.356341928 -0.042899352 0.110929303 -0.017763896 -0.008864024 0.993629992
1341846331.617931 -0.086972162 0.333576441 -0.035044167 0.106056295 -0.018426057 -0.009342030 0.994145513
1341846331.654027 -0.074348748 0.318975717 -0.025796061 0.104719765 -0.017294250 -0.008598713 0.994314253
1341846331.686123 -0.073554195 0.345455348 -0.022960113 0.111250207 -0.015338836 -0.005774749 0.993657291
1341846331.717954 -0.069834977 0.332783818 -0.024489835 0.104441926 -0.017352691 -0.007132892 0.994354069
1341846331.754076 -0.097791098 0.331572801 -0.010053682 0.104007587 -0.011369535 -0.007724300 0.994481504
1341846331.785920 -0.079262212 0.326491177 0.002374853 0.106207162 -0.010859538 -0.008068441 0.994252026
1341846331.818053 -0.091072403 0.326538622 0.007613711 0.105525821 -0.007648343 -0.008159175 0.994353712
1341846331.853849 -0.089525111 0.319069296 0.019588431 0.103798620 -0.007145023 -0.009508853 0.994527280
1341846331.885987 -0.100351602 0.320017606 0.021139795 0.107346043 -0.001764868 -0.011989613 0.994147897
1341846331.922014 -0.111502580 0.316312611 0.032685582 0.107953884 0.003185166 -0.012014925 0.994078219
1341846331.954037 -0.134574562 0.320074618 0.038700711 0.108942799 0.010449367 -0.011349418 0.993928313
1341846331.986135 -0.154339418 0.338941395 0.044237003 0.116167486 0.019764135 -0.009954484 0.992983103
1341846332.022364 -0.169647604 0.346126676 0.053063508 0.124810249 0.026420085 -0.009608013 0.991782308
1341846332.054175 -0.143926948 0.334352255 0.075334191 0.128682256 0.021245554 -0.007118589 0.991432726
1341846332.086502 -0.151156813 0.338230640 0.085626721 0.131921291 0.022652239 -0.006115819 0.990982473
1341846332.122051 -0.140327811 0.335163563 0.098127678 0.132847980 0.021963231 -0.007624553 0.990863740
1341846332.153983 -0.127663910 0.347749799 0.113454796 0.131857842 0.018771052 -0.006572650 0.991069198
1341846332.190165 -0.151923805 0.343053043 0.122341476 0.124884769 0.021673899 -0.008541527 0.991897821
1341846332.254145 -0.154832661 0.330743939 0.141933665 0.125465170 0.023185724 -0.013531513 0.991734743
1341846332.289948 -0.172151893 0.332899868 0.151135534 0.127308607 0.025683565 -0.011103452 0.991468430
1341846332.322172 -0.151263997 0.328155637 0.168287501 0.127563789 0.021126492 -0.008670664 0.991567433
1341846332.354003 -0.142777890 0.328682035 0.180703178 0.131256267 0.022212606 -0.010876619 0.991039932
1341846332.390180 -0.124318041 0.320307761 0.181346849 0.129707932 0.023696883 -0.012629929 0.991188586
1341846332.422055 -0.149350911 0.322423160 0.188635215 0.128113955 0.030686688 -0.017322866 0.991133273
1341846332.458114 -0.131481230 0.313195437 0.198791236 0.126486152 0.030619336 -0.019743053 0.991299152
1341846332.489993 -0.145652428 0.309263736 0.212508202 0.126299366 0.034022059 -0.018092375 0.991243482
1341846332.522130 -0.157784373 0.306119353 0.220817968 0.124962360 0.031181928 -0.012424691 0.991593540
1341846332.558114 -0.181192338 0.306853354 0.228875339 0.125793532 0.030345868 -0.006794691 0.991568983
1341846332.589874 -0.163508549 0.314649671 0.217374295 0.125637233 0.025366075 -0.004374031 0.991742313
1341846332.621889 -0.154172689 0.318878919 0.219053298 0.121520221 0.023753513 -0.002457266 0.992301702
1341846332.658202 -0.175165147 0.314925700 0.232327297 0.117352441 0.028988011 -0.004812054 0.992655516
1341846332.690001 -0.182306126 0.319244444 0.238788262 0.116648667 0.031331070 -0.004119975 0.992670476
1341846332.726000 -0.200179279 0.320856541 0.256799549 0.116637066 0.033370536 0.001379036 0.992612898
1341846332.758386 -0.191164836 0.318384022 0.251259238 0.116401792 0.029550264 0.000027246 0.992762566
1341846332.789937 -0.193631157 0.318548858 0.258662343 0.114679612 0.032556076 -0.000153849 0.992868900
1341846332.825925 -0.215298459 0.319108814 0.273007661 0.113503560 0.039263945 -0.000818206 0.992761135
1341846332.857898 -0.238934442 0.316395968 0.283111334 0.114117153 0.045519967 -0.003433284 0.992417991
1341846332.894069 -0.252480149 0.314242005 0.278924286 0.111490421 0.048311636 -0.004366761 0.992580891
1341846332.926029 -0.282956988 0.314862162 0.287575692 0.107453875 0.055553127 -0.006361818 0.992636442
1341846332.958015 -0.305343509 0.307652533 0.290817618 0.102451593 0.062278517 -0.009593710 0.992740214
1341846332.994073 -0.331168503 0.299493462 0.291304946 0.096739240 0.068709642 -0.013140377 0.992848396
1341846333.026545 -0.359650075 0.289146781 0.294592351 0.091538876 0.076133445 -0.016757909 0.992745459
1341846333.057998 -0.404137373 0.286420137 0.311515987 0.090895154 0.088802725 -0.013753119 0.991797864
1341846333.094024 -0.433051348 0.275065571 0.312971085 0.088693142 0.095449753 -0.011118419 0.991412818
1341846333.126095 -0.481394231 0.266261876 0.322042078 0.087170318 0.107655048 -0.007872744 0.990328133
1341846333.161973 -0.519575179 0.259040773 0.324612975 0.082741372 0.118059061 -0.008974371 0.989512742
1341846333.195660 -0.553196490 0.258114308 0.327949464 0.080329321 0.126752689 -0.007612975 0.988647103
1341846333.226331 -0.582489133 0.256187677 0.322250903 0.077567019 0.132247835 -0.010593812 0.988120258
1341846333.262056 -0.594569266 0.264182389 0.317628175 0.075550087 0.135136306 -0.012241046 0.987866700
1341846333.294147 -0.626269042 0.257131219 0.327187955 0.070839107 0.142332897 -0.014484863 0.987174451
1341846333.326100 -0.603127480 0.251466841 0.330625653 0.067398161 0.137094602 -0.014940192 0.988149464
1341846333.362100 -0.601486564 0.253369093 0.330153823 0.063453741 0.136797547 -0.015600216 0.988441586
1341846333.394119 -0.603964686 0.248660266 0.336039335 0.060322657 0.136342391 -0.015328155 0.988704681
1341846333.429974 -0.621199250 0.243112817 0.336531162 0.058300976 0.138145968 -0.016073115 0.988563776
1341846333.462115 -0.637144804 0.236170545 0.335604042 0.056570992 0.141262218 -0.016583579 0.988215387
1341846333.494040 -0.635453224 0.227546096 0.335026115 0.055400066 0.141918316 -0.017552705 0.988170981
1341846333.529953 -0.588218331 0.255061835 0.340273142 0.062162254 0.135315791 -0.020089403 0.988646507
1341846333.562063 -0.608087122 0.257312387 0.345220834 0.063493676 0.141169578 -0.018749895 0.987769306
1341846333.594090 -0.628438115 0.258136183 0.350059420 0.061994337 0.143997431 -0.017251600 0.987483621
1341846333.629994 -0.651546299 0.264307290 0.358812869 0.059629820 0.145683974 -0.017169274 0.987383246
1341846333.662127 -0.674971104 0.265971273 0.359963268 0.056890879 0.149143800 -0.017603595 0.987020612
1341846333.697964 -0.695982039 0.265100211 0.365181744 0.055932064 0.152806237 -0.015955519 0.986543179
1341846333.730092 -0.722468674 0.269130290 0.365035534 0.059281021 0.157739297 -0.015642365 0.985575676
1341846333.762089 -0.744848669 0.270048022 0.367351115 0.061094534 0.162196785 -0.014742059 0.984755039
1341846333.798006 -0.735220611 0.267965734 0.360794932 0.062119372 0.160411850 -0.014568987 0.984985769
1341846333.830055 -0.722192347 0.277979672 0.356295317 0.066591591 0.159007609 -0.017049024 0.984881461
1341846333.866045 -0.726051211 0.272675544 0.348858953 0.066281945 0.160565645 -0.018839262 0.984616935
1341846333.897987 -0.743279040 0.274539202 0.349899262 0.068668671 0.163464993 -0.021016449 0.983932018
1341846333.930099 -0.742048264 0.268985391 0.341694742 0.070389815 0.163394585 -0.021589862 0.983809650
1341846333.965889 -0.733595908 0.265891582 0.335329771 0.071732529 0.161903471 -0.021491481 0.983961344
1341846333.997985 -0.732150793 0.262474000 0.329988450 0.074094385 0.162066281 -0.022085102 0.983746350
1341846334.030076 -0.744585097 0.269626498 0.325817436 0.078709744 0.164752856 -0.021882543 0.982945859
1341846334.066000 -0.745983303 0.265183240 0.321339875 0.079496108 0.163618281 -0.020233093 0.983107388
1341846334.097932 -0.751161993 0.269207507 0.314868450 0.082273826 0.164108932 -0.021098126 0.982778788
1341846334.133884 -0.752177536 0.259761572 0.307464659 0.081631631 0.164306179 -0.020388722 0.982814431
1341846334.166115 -0.758593917 0.253588974 0.301976144 0.080195405 0.163032532 -0.019434979 0.983163953
1341846334.198072 -0.760562599 0.267928421 0.296923339 0.083520487 0.161233082 -0.021013033 0.983151436
1341846334.234097 -0.765788257 0.273774356 0.290903658 0.084818080 0.162493601 -0.022909479 0.982790411
1341846334.266045 -0.778399408 0.273315251 0.291617155 0.084987551 0.165268719 -0.021948647 0.982334793
1341846334.297946 -0.788500667 0.276984543 0.286991119 0.086832002 0.164407969 -0.019935304 0.982360899
1341846334.334036 -0.788767457 0.276988536 0.280644774 0.086792439 0.162212312 -0.019881403 0.982730389
1341846334.365871 -0.788145363 0.282490969 0.273288816 0.086913221 0.161721826 -0.021144502 0.982774198
1341846334.401845 -0.793925762 0.278067142 0.267311543 0.084499970 0.162977442 -0.022708448 0.982742369
1341846334.433864 -0.795830965 0.272580832 0.262903005 0.083854347 0.160895839 -0.020565890 0.983187735
1341846334.466105 -0.794057071 0.278412640 0.252557099 0.085317165 0.158462822 -0.020572124 0.983456850
1341846334.502142 -0.804111838 0.275287718 0.246144250 0.083068937 0.158127323 -0.019578695 0.983723581
1341846334.540153 -0.802178621 0.278998464 0.241266385 0.083363235 0.155979127 -0.021121327 0.984009624
1341846334.602351 -0.818520904 0.282208204 0.225903764 0.076634817 0.153403193 -0.027594045 0.984801054
1341846334.670161 -0.828880787 0.287696153 0.214496478 0.072072320 0.152043715 -0.032921702 0.985192597
1341846334.702085 -0.831132650 0.286068976 0.208969161 0.070865169 0.149024829 -0.031948864 0.985773325
1341846334.734751 -0.835142672 0.288098097 0.200791255 0.071412750 0.146416083 -0.031234181 0.986147583
1341846334.770889 -0.838108361 0.288804859 0.186896950 0.071433164 0.144189373 -0.026493967 0.986612797
1341846334.802194 -0.836182535 0.292293459 0.174240381 0.071337454 0.140242875 -0.026236016 0.987195313
1341846334.833908 -0.833547473 0.298910409 0.167822868 0.071718417 0.137846246 -0.029139271 0.987423837
1341846334.869874 -0.831021726 0.296351165 0.159124479 0.069077261 0.136138931 -0.027141668 0.987905800
1341846334.902006 -0.846037865 0.283053100 0.151386097 0.064786807 0.135728866 -0.024990553 0.988309622
1341846334.938010 -0.858159661 0.293392062 0.145486489 0.066260450 0.134589687 -0.028832339 0.988263071
1341846334.970032 -0.860316396 0.291552395 0.137492448 0.065962225 0.134034425 -0.030000510 0.988323748
1341846335.002203 -0.869138122 0.293222755 0.133758947 0.068222709 0.135013416 -0.028247574 0.988088608
1341846335.037880 -0.873864233 0.296017945 0.111384459 0.070670754 0.130933002 -0.024486197 0.988565981
1341846335.069990 -0.872711480 0.304691732 0.104671873 0.071825765 0.127869546 -0.025760891 0.988851309
1341846335.106038 -0.861063123 0.301028609 0.097875305 0.071613096 0.126810566 -0.028098533 0.988939404
1341846335.138045 -0.868254066 0.298143566 0.086437479 0.072595119 0.127662539 -0.027532225 0.988774121
1341846335.169900 -0.877854049 0.297221273 0.066641450 0.071365282 0.125563174 -0.026461443 0.989161611
1341846335.206091 -0.894513428 0.304842263 0.070133656 0.071851850 0.126469761 -0.031756181 0.988855004
1341846335.239365 -0.892343998 0.300354213 0.065451145 0.071309954 0.127069131 -0.034457318 0.988726974
1341846335.269948 -0.899426877 0.293827802 0.055536367 0.071523838 0.128214583 -0.035231907 0.988536358
1341846335.305972 -0.905315340 0.293616056 0.042041294 0.073238894 0.126297712 -0.033817597 0.988706887
1341846335.338012 -0.909607112 0.301713228 0.039584432 0.076264367 0.125592858 -0.033498637 0.988578856
1341846335.374005 -0.918754041 0.300981879 0.044319756 0.081979401 0.128741667 -0.033268131 0.987723768
1341846335.406025 -0.922253251 0.300942928 0.034185663 0.088783726 0.130403906 -0.031582262 0.986972570
1341846335.438079 -0.924152911 0.305866599 0.018212020 0.094048709 0.130304754 -0.030045150 0.986545920
1341846335.473998 -0.919017613 0.310402155 0.005881526 0.096200407 0.130502939 -0.029163681 0.986338735
1341846335.507038 -0.926122427 0.319808573 -0.004691733 0.097885773 0.133833036 -0.031953271 0.985639930
1341846335.538040 -0.933101773 0.323935121 -0.010876648 0.097032264 0.136695594 -0.033273268 0.985287786
1341846335.574119 -0.946820915 0.327290535 -0.015406273 0.094688840 0.137989238 -0.032590333 0.985358298
1341846335.605970 -0.940965414 0.319574803 -0.026915837 0.092054449 0.135909677 -0.033383161 0.985870242
1341846335.641978 -0.948435247 0.320946395 -0.036869317 0.092912391 0.138104916 -0.035772163 0.985400796
1341846335.673993 -0.949579000 0.321699858 -0.049289975 0.091920741 0.137804613 -0.034612816 0.985577285
1341846335.706178 -0.956773520 0.324145079 -0.057204343 0.091869563 0.136733517 -0.033593666 0.985766411
1341846335.741982 -0.955470979 0.324838430 -0.067181475 0.092375152 0.136032552 -0.034707896 0.985777557
1341846335.773960 -0.960483730 0.328839868 -0.076083384 0.092378572 0.136731744 -0.034728043 0.985679805
1341846335.806271 -0.969747007 0.329558045 -0.085006520 0.089765191 0.137009487 -0.034307979 0.985897422
1341846335.842031 -0.963007033 0.329462141 -0.095697284 0.088249631 0.136537969 -0.033765294 0.986118317
1341846335.873966 -0.975293875 0.329052299 -0.098799400 0.089087978 0.139331207 -0.035264831 0.985599637
1341846335.910005 -0.980640113 0.332833976 -0.114187390 0.088559754 0.138776377 -0.032340344 0.985825777
1341846335.941936 -0.986611426 0.336915374 -0.121088877 0.088083282 0.136975646 -0.032511167 0.986114621
1341846335.974198 -0.987100661 0.338589311 -0.130523294 0.087764345 0.135991335 -0.034409650 0.986214876
1341846336.010032 -0.997247994 0.340124726 -0.132793099 0.087317027 0.136849239 -0.035746697 0.986088395
1341846336.042129 -0.998784006 0.340615749 -0.149018094 0.086067431 0.134681299 -0.034178093 0.986552179
1341846336.078076 -1.004565120 0.339453936 -0.151238248 0.085956156 0.133293733 -0.035691027 0.986696780
1341846336.110739 -1.005947351 0.347170204 -0.157779545 0.087205671 0.133240968 -0.037814684 0.986515105
1341846336.142002 -1.013637543 0.342738390 -0.170488849 0.086252764 0.133135393 -0.036212098 0.986673236
1341846336.183953 -1.018671513 0.350205839 -0.179435834 0.086512484 0.130483940 -0.034762103 0.987056792
1341846336.241891 -1.021096230 0.355893582 -0.186690748 0.085230336 0.129841492 -0.036325991 0.987196743
1341846336.277946 -1.026588798 0.350670248 -0.192915201 0.085404329 0.129778847 -0.033626184 0.987285614
1341846336.309977 -0.968142331 0.351556391 -0.223676160 0.088376254 0.115855947 -0.027267408 0.988950729
1341846336.346143 -0.918756068 0.362615645 -0.250657201 0.091255307 0.106390581 -0.027294599 0.989751756
1341846336.377975 -0.863062918 0.366647273 -0.273497730 0.092855491 0.096518837 -0.026807284 0.990627766
1341846336.410032 -0.818898916 0.362127572 -0.296996802 0.092665508 0.088862427 -0.023260977 0.991451204
1341846336.446041 -0.762921631 0.364826977 -0.316599756 0.092242099 0.077347539 -0.021334691 0.992498696
1341846336.477990 -0.712893009 0.366668493 -0.328480810 0.091480143 0.069914818 -0.019983217 0.993148506
1341846336.510056 -0.661658645 0.370968908 -0.343186706 0.092761971 0.061649140 -0.020973274 0.993556619
1341846336.546024 -0.598128676 0.355934054 -0.340357900 0.092278279 0.051108435 -0.021741943 0.994183064
1341846336.578003 -0.548774660 0.358556032 -0.364461064 0.091596864 0.042364553 -0.019173574 0.994709849
1341846336.614020 -0.511734545 0.364869654 -0.380619109 0.092062704 0.038364377 -0.020699015 0.994798601
1341846336.645982 -0.465117484 0.348820686 -0.382390738 0.087159790 0.031094262 -0.019408753 0.995519757
1341846336.678036 -0.406822056 0.339009225 -0.389615297 0.084479049 0.019433048 -0.018545117 0.996063113
1341846336.714024 -0.354301393 0.336455733 -0.390211582 0.086134098 0.008999728 -0.018538501 0.996070445
1341846336.746016 -0.303600371 0.327035695 -0.410842568 0.088765286 -0.000866959 -0.015401426 0.995933115
1341846336.778014 -0.256535888 0.324434608 -0.433912456 0.089346439 -0.011931370 -0.011547940 0.995862246
1341846336.820006 -0.195500106 0.320999950 -0.449965060 0.087494358 -0.024117207 -0.007777826 0.995842695
1341846336.882056 -0.072160631 0.273270905 -0.381093830 0.079845645 -0.047699928 0.000384054 0.995665252
1341846336.914273 -0.038967092 0.235307798 -0.372986197 0.075376190 -0.058299396 0.013594332 0.995356619
1341846336.945998 0.033160072 0.242021054 -0.359464020 0.082254268 -0.077252954 0.013431784 0.993521929
1341846336.981980 0.083904646 0.244869292 -0.337686867 0.084550619 -0.087564588 0.017651752 0.992407203
1341846337.014238 0.147156835 0.251334190 -0.313136429 0.082015216 -0.101614952 0.016174680 0.991305411
1341846337.046017 0.186550632 0.254795700 -0.257959485 0.080975302 -0.108715303 0.016313439 0.990635097
1341846337.082104 0.233614892 0.252557933 -0.231224224 0.079562247 -0.116623133 0.015416815 0.989864230
1341846337.114317 0.258687109 0.255794436 -0.203901708 0.078568414 -0.122872196 0.016048530 0.989177406
1341846337.150037 0.292789608 0.260399520 -0.175906062 0.078223735 -0.129892409 0.016557205 0.988299012
1341846337.181873 0.325506389 0.267854780 -0.154469147 0.079686336 -0.134616852 0.014923054 0.987575650
1341846337.214073 0.363429964 0.274648041 -0.145864487 0.078192696 -0.140435338 0.018184721 0.986829877
1341846337.250087 0.385764509 0.263501287 -0.107713901 0.074177049 -0.147029430 0.020855168 0.986126363
1341846337.282028 0.427049518 0.270006210 -0.111043051 0.075701714 -0.158094794 0.024718150 0.984207451
1341846337.317920 0.449489981 0.264655650 -0.092973351 0.073693909 -0.162954405 0.026386861 0.983523667
1341846337.350018 0.481653810 0.271386832 -0.096774288 0.072987080 -0.168485090 0.028160701 0.982594848
1341846337.382159 0.476446629 0.260585934 -0.095150582 0.069264293 -0.164151713 0.023784593 0.983712852
1341846337.417941 0.498659730 0.272552520 -0.098653451 0.073501326 -0.167419255 0.025234262 0.982818246
1341846337.450137 0.525190234 0.257672697 -0.114178725 0.069796897 -0.173926964 0.023028601 0.982011974
1341846337.482096 0.528006315 0.264604300 -0.111646220 0.070103407 -0.174493328 0.022196889 0.981908858
1341846337.518008 0.538919389 0.278631717 -0.112644985 0.075005829 -0.177239016 0.023501951 0.981024027
1341846337.549978 0.545997739 0.280865759 -0.112237558 0.074442044 -0.179064810 0.021703174 0.980776846
1341846337.585971 0.543582916 0.278471708 -0.109284304 0.071799412 -0.178895697 0.021263126 0.981014311
1341846337.617903 0.545426667 0.286695838 -0.102484688 0.076859728 -0.179922104 0.021827528 0.980430663
1341846337.650141 0.554062486 0.279232204 -0.102844685 0.075778976 -0.181394964 0.022989476 0.980216801
1341846337.686352 0.565950453 0.280946285 -0.096655518 0.073446870 -0.183556825 0.023094090 0.979989409
1341846337.718002 0.570577085 0.285673320 -0.086536027 0.073086388 -0.183997512 0.022707278 0.979942739
1341846337.749920 0.577194273 0.283418179 -0.075771175 0.071751431 -0.183036000 0.023290198 0.980207741
1341846337.786157 0.590336025 0.296755165 -0.068869993 0.070620827 -0.182897091 0.026504459 0.980234087
1341846337.817945 0.601346612 0.301255554 -0.050769206 0.069740295 -0.183426082 0.028174937 0.980151713
1341846337.854071 0.596979439 0.292278826 -0.049647305 0.065983765 -0.179190367 0.025133353 0.981277347
1341846337.885951 0.619473338 0.297104329 -0.031644501 0.063471310 -0.181769148 0.024947720 0.980973482
1341846337.918223 0.630985022 0.291273832 -0.002628973 0.057949949 -0.182647184 0.024522932 0.981162786
1341846337.954120 0.651916742 0.291603982 0.016602695 0.055883408 -0.185707510 0.024973482 0.980696797
1341846337.985994 0.638472795 0.294698477 0.015460709 0.052682929 -0.181947723 0.025791010 0.981557131
1341846338.018107 0.655828953 0.289418846 0.045566067 0.048566625 -0.184191599 0.026169557 0.981340885
1341846338.054055 0.640723705 0.276062101 0.030478559 0.043269914 -0.179808155 0.023353117 0.982472122
1341846338.085986 0.662729681 0.281045139 0.062081143 0.040799811 -0.181288853 0.024246944 0.982284009
1341846338.121875 0.660174191 0.279357344 0.073180497 0.038829993 -0.179030865 0.027062487 0.982704341
1341846338.154089 0.697005391 0.278212041 0.108273670 0.036312994 -0.186975956 0.032244664 0.981163442
1341846338.186029 0.716322482 0.269109726 0.138763681 0.031856414 -0.191501170 0.036692522 0.980288804
1341846338.222071 0.729692042 0.262298405 0.157094568 0.028587975 -0.192224234 0.036239129 0.980264962
1341846338.254107 0.717799246 0.268780857 0.161575869 0.029162627 -0.189072207 0.038103383 0.980790198
1341846338.290130 0.726896882 0.265314162 0.179889306 0.028660923 -0.191324174 0.038790930 0.980341256
1341846338.321952 0.722172141 0.268026739 0.186520770 0.028146492 -0.189691901 0.041360237 0.980568230
1341846338.354022 0.726654768 0.266974539 0.202326089 0.027583992 -0.190715238 0.040689174 0.980413795
1341846338.389969 0.724964499 0.264699399 0.207482591 0.025668370 -0.189958945 0.041133184 0.980594158
1341846338.422377 0.715447903 0.267527461 0.215232268 0.025287827 -0.188308179 0.040793106 0.980936587
1341846338.454010 0.714573264 0.256862074 0.227492511 0.021807065 -0.189104602 0.038699083 0.980951786
1341846338.489894 0.710310042 0.253717721 0.238557056 0.019743364 -0.189291283 0.038717415 0.980958760
1341846338.522066 0.703082025 0.263443708 0.240648523 0.023409491 -0.187495619 0.039981913 0.981172264
1341846338.558058 0.705874920 0.259383798 0.240956873 0.021017769 -0.188592225 0.039093934 0.981051922
1341846338.589842 0.696006238 0.256273299 0.249023587 0.019025203 -0.187294945 0.037680779 0.981396377
1341846338.622019 0.686600447 0.255271286 0.257921666 0.019914318 -0.184799716 0.039518367 0.981779397
1341846338.657984 0.682170630 0.242533877 0.252725393 0.016680580 -0.183833838 0.041793495 0.981926799
1341846338.690198 0.676047802 0.235796735 0.254492700 0.013737105 -0.182999149 0.039648686 0.982217193
1341846338.722454 0.670954883 0.235565320 0.265095651 0.013717926 -0.181213006 0.039273433 0.982563674
1341846338.757945 0.677031338 0.239687711 0.270938694 0.013324967 -0.183389097 0.042663753 0.982023776
1341846338.790039 0.669086993 0.235790491 0.280226439 0.010626370 -0.184285089 0.041309115 0.981946886
1341846338.826048 0.663315356 0.235616788 0.284113586 0.011952208 -0.181826398 0.038889162 0.982488632
1341846338.858027 0.664367676 0.235717833 0.293204337 0.011007399 -0.181249782 0.038451552 0.982623458
1341846338.889902 0.660041094 0.236647144 0.304008424 0.008903348 -0.181953907 0.038158447 0.982526064
1341846338.925948 0.653559327 0.233688235 0.310767233 0.008455832 -0.179658294 0.035204593 0.983062625
1341846338.958108 0.650842726 0.234750479 0.322202176 0.008921734 -0.177760690 0.035107587 0.983406901
1341846338.990057 0.652032077 0.239153713 0.326017380 0.010361788 -0.178447589 0.035889257 0.983240068
1341846339.025928 0.650996268 0.238591701 0.338906884 0.012450172 -0.177436918 0.035761420 0.983403444
1341846339.057939 0.651290417 0.235348687 0.348369211 0.013912471 -0.175382346 0.037402980 0.983691275
1341846339.093927 0.650454521 0.240434229 0.354750991 0.012727611 -0.176652685 0.038842555 0.983424187
1341846339.126562 0.645200551 0.241459489 0.361756235 0.009235161 -0.176285833 0.035588842 0.983652115
1341846339.157969 0.640518188 0.244895712 0.374379426 0.008268733 -0.172590956 0.034093797 0.984368682
1341846339.194113 0.641922593 0.244151264 0.382987559 0.005415235 -0.172936291 0.035826236 0.984266341
1341846339.228165 0.647184372 0.245251924 0.396753877 0.001330042 -0.176582605 0.037080087 0.983586252
1341846339.257998 0.647182941 0.249173239 0.423820794 -0.000366449 -0.175900698 0.035312075 0.983774364
1341846339.294132 0.653968692 0.248424634 0.432522982 -0.001272653 -0.175243229 0.037816975 0.983797789
1341846339.326577 0.663759947 0.242415205 0.438401163 -0.008024249 -0.179667577 0.040847864 0.982846200
1341846339.362269 0.654427826 0.235173360 0.448720574 -0.012641341 -0.179473370 0.037394404 0.982970595
1341846339.394725 0.651599586 0.260048598 0.462770134 -0.008283757 -0.177231312 0.036296900 0.983464837
1341846339.462186 0.657999933 0.256150365 0.493442416 -0.012803016 -0.180239871 0.035209339 0.982908964
1341846339.496743 0.658502996 0.243436307 0.498103708 -0.012234397 -0.175192773 0.034975335 0.983836651
1341846339.562052 0.665055871 0.249933720 0.518058360 -0.010023545 -0.174845472 0.038553629 0.983789802
1341846339.595122 0.658122897 0.266305149 0.539290547 -0.004639202 -0.173007444 0.035426747 0.984272301
1341846339.632085 0.655908704 0.261712432 0.544275463 -0.004129121 -0.168710157 0.033467978 0.985088706
1341846339.664568 0.652909040 0.262454212 0.549701214 -0.003212656 -0.165369049 0.031503279 0.985723257
1341846339.698896 0.647674978 0.258100271 0.560415506 -0.003920219 -0.163968533 0.030539207 0.985985041
1341846339.731977 0.653083324 0.264206320 0.572952211 -0.001535074 -0.165151954 0.027141858 0.985893428
1341846339.762241 0.648649573 0.255466282 0.577438712 -0.002826998 -0.162704155 0.027704518 0.986281872
1341846339.797873 0.649496913 0.260957509 0.585366845 -0.001652488 -0.162854001 0.028570078 0.986235082
1341846339.830245 0.647476315 0.260691494 0.596963048 -0.001746380 -0.163007140 0.028498055 0.986211658
1341846339.862015 0.645797133 0.265031070 0.600656509 -0.001212157 -0.162375286 0.026918607 0.986361146
1341846339.897797 0.651437521 0.264026999 0.616814137 -0.002107948 -0.162823200 0.026559306 0.986295521
1341846339.929916 0.649012327 0.256821334 0.627688468 -0.003610817 -0.161626637 0.028254958 0.986440837
1341846339.961960 0.640825212 0.259125799 0.637278736 -0.001720400 -0.160654977 0.029064713 0.986581147
1341846339.997845 0.642023683 0.258691341 0.647183537 -0.000628951 -0.159503087 0.027984167 0.986800551
1341846340.029925 0.639816582 0.258774906 0.651208282 0.000348802 -0.156622455 0.030072235 0.987200618
1341846340.066044 0.641701579 0.258709311 0.657608926 0.002483536 -0.155897439 0.031093497 0.987280667
1341846340.098009 0.639574647 0.253383577 0.656363249 0.001733193 -0.154807240 0.033096898 0.987388670
1341846340.130102 0.637963116 0.261829376 0.667846322 0.003232165 -0.154823676 0.031530622 0.987433553
1341846340.166041 0.642098129 0.274258614 0.691674590 0.007618246 -0.153605863 0.028758675 0.987684250
1341846340.197867 0.636915326 0.273717999 0.699198425 0.008682551 -0.150043800 0.027018148 0.988271952
1341846340.229904 0.635543585 0.268261790 0.695537746 0.005953102 -0.150092646 0.028349591 0.988247514
1341846340.265859 0.641022444 0.268112093 0.710284591 0.006064842 -0.150217474 0.027384581 0.988255024
1341846340.298061 0.635763526 0.268859923 0.712482631 0.008026461 -0.146580577 0.028499784 0.988755584
1341846340.334063 0.632678092 0.268886894 0.715998650 0.006199924 -0.147459656 0.030291688 0.988584697
1341846340.366064 0.634148896 0.266125619 0.724107623 0.004981665 -0.149341211 0.028637286 0.988358438
1341846340.397995 0.636358738 0.264438182 0.729581118 0.006642836 -0.148947448 0.028636117 0.988408089
1341846340.433895 0.636242151 0.266061991 0.733684003 0.007171679 -0.149327710 0.030450158 0.988292873
1341846340.465959 0.638674498 0.262249380 0.738011837 0.006939002 -0.152443901 0.032801218 0.987743318
1341846340.501858 0.638296902 0.259679824 0.737992942 0.007157210 -0.154780909 0.031374976 0.987424552
1341846340.534329 0.643970609 0.265602499 0.747963846 0.008830614 -0.156828687 0.031015702 0.987099171
1341846340.566041 0.648722529 0.262265742 0.745589197 0.009483112 -0.157942250 0.032107398 0.986880660
1341846340.601909 0.651764929 0.259971082 0.744119227 0.011263927 -0.158673555 0.033093970 0.986712098
1341846340.634005 0.655916750 0.258253008 0.736829042 0.011394837 -0.158737078 0.031761136 0.986744106
1341846340.666028 0.658842146 0.258069396 0.738558590 0.011578481 -0.158487454 0.029793091 0.986843467
1341846340.701946 0.665986776 0.262313038 0.744624615 0.014859843 -0.158116758 0.028093487 0.986908853
1341846340.733954 0.669412017 0.263060957 0.744246185 0.015960736 -0.156733468 0.026587266 0.987154007
1341846340.770081 0.667019784 0.259505242 0.735692859 0.014632836 -0.155303359 0.024128584 0.987463772
1341846340.801980 0.672429860 0.259277105 0.736338973 0.015643226 -0.154783368 0.018812211 0.987645447
1341846340.833999 0.668886900 0.261387765 0.731081963 0.016122470 -0.151292801 0.014993796 0.988243759
1341846340.870013 0.669744849 0.261733919 0.733491182 0.015329687 -0.152011573 0.013477567 0.988167942
1341846340.901955 0.673647821 0.255568326 0.731659055 0.015024732 -0.152736008 0.014164330 0.988051295
1341846340.933918 0.670225739 0.265398353 0.732136071 0.019054921 -0.152716801 0.016169392 0.987954021
1341846340.970122 0.671989083 0.263402700 0.729997396 0.018684885 -0.155870080 0.021297541 0.987371147
1341846341.001922 0.675884962 0.263733119 0.732042372 0.019477483 -0.160825104 0.027339118 0.986411989
1341846341.037923 0.675651312 0.262812346 0.724649727 0.020254020 -0.162539244 0.028696628 0.986076772
1341846341.070300 0.679324687 0.261438459 0.722443223 0.020163871 -0.163988486 0.030094290 0.985796928
1341846341.102028 0.678883791 0.262230366 0.719837189 0.020463206 -0.165254459 0.029708814 0.985591054
1341846341.137982 0.683894455 0.259149909 0.717058599 0.019841434 -0.167938307 0.030196294 0.985135198
1341846341.170048 0.682285547 0.257796139 0.718951046 0.020294908 -0.167987928 0.030655682 0.985103250
1341846341.202110 0.683930576 0.258624941 0.720073581 0.021779178 -0.168667302 0.032386962 0.984900117
1341846341.237996 0.682274282 0.259083003 0.715790749 0.023498019 -0.167726040 0.032911077 0.985003889
1341846341.269883 0.684000015 0.257170379 0.715130270 0.023943448 -0.167599797 0.033859797 0.984982491
1341846341.306107 0.686391175 0.253849030 0.710332155 0.024009926 -0.168395340 0.033058301 0.984872460
1341846341.338109 0.686090350 0.258053958 0.705153346 0.026082501 -0.167297751 0.031093929 0.985070765
1341846341.370120 0.686719954 0.256633371 0.704969049 0.026734868 -0.166225061 0.028659804 0.985308647
1341846341.406074 0.683391631 0.254543960 0.697926223 0.026471004 -0.165214881 0.028644813 0.985486090
1341846341.438113 0.687726021 0.251328677 0.704206884 0.027462922 -0.168400064 0.029346067 0.984898984
1341846341.470024 0.689162254 0.242014825 0.692835629 0.028326511 -0.167572796 0.027802454 0.985060394
1341846341.506077 0.682461321 0.244921476 0.690160573 0.028299870 -0.165670797 0.026818331 0.985410154
1341846341.538156 0.677276969 0.241182089 0.688767076 0.026976958 -0.166892514 0.027187852 0.985230923
1341846341.574016 0.675491869 0.253415525 0.691374063 0.030443894 -0.168734461 0.028196000 0.984787762
1341846341.612466 0.676334620 0.253155768 0.690421283 0.030522171 -0.169712633 0.028126631 0.984619200
1341846341.643972 0.674776614 0.252900749 0.687613606 0.029720858 -0.170760423 0.026569158 0.984505832
1341846341.679982 0.672162712 0.252789795 0.688011825 0.029734816 -0.171874493 0.027364541 0.984289706
1341846341.712332 0.669892848 0.248876721 0.681607544 0.029123232 -0.173424289 0.030296754 0.983950198
1341846341.744185 0.672468603 0.251906842 0.682793856 0.030172115 -0.175795913 0.031688135 0.983453810
1341846341.780061 0.674227178 0.254479855 0.680804610 0.030651776 -0.176460415 0.033128012 0.983272493
1341846341.842595 0.681025982 0.247419119 0.674363852 0.031112893 -0.177755773 0.038787927 0.982817650
1341846341.906227 0.690357566 0.235772997 0.674310565 0.031828191 -0.179851294 0.044532984 0.982169747
1341846341.942069 0.688094616 0.240007371 0.663742542 0.036046229 -0.178600743 0.046733245 0.982149959
1341846341.974775 0.695584059 0.245910674 0.666054606 0.039855652 -0.180091888 0.048929818 0.981623292
1341846342.010161 0.696981788 0.233098239 0.665777385 0.037564766 -0.181949914 0.051798705 0.981223702
1341846342.042024 0.710082829 0.231900215 0.670179367 0.039589781 -0.184513316 0.052322179 0.980637491
1341846342.080032 0.716130495 0.230666086 0.668805361 0.040856220 -0.182831272 0.053191643 0.980853796
1341846342.112265 0.720322669 0.220415041 0.668369353 0.039038550 -0.183268458 0.054844584 0.980755210
1341846342.147954 0.729110658 0.216878459 0.672577798 0.040683430 -0.186019152 0.057983540 0.979989648
1341846342.179852 0.726984262 0.223327070 0.667401910 0.044664606 -0.184385091 0.058734279 0.980080366
1341846342.211848 0.728073418 0.225903764 0.668101311 0.045619573 -0.183956131 0.058516622 0.980130017
1341846342.247920 0.733479679 0.227344811 0.668300152 0.047561795 -0.184576377 0.057530187 0.979979455
1341846342.279870 0.736199975 0.226041362 0.668091953 0.048653975 -0.184360221 0.058378849 0.979916394
1341846342.316068 0.734237790 0.226245001 0.664957404 0.049677063 -0.183787748 0.059743688 0.979890287
1341846342.347894 0.735064805 0.225450844 0.664181054 0.049782097 -0.183744267 0.059248835 0.979923129
1341846342.379953 0.733485699 0.222407147 0.662133336 0.049359635 -0.182639152 0.059655532 0.980126441
1341846342.416195 0.732887208 0.225571349 0.665600300 0.050458916 -0.182796627 0.061020613 0.979957044
