1341846313.592026 0.000000000 0.000000000 0.000000000 -0.000000000 -0.000000000 -0.000000000 1.000000000
1341846313.654184 0.008312468 -0.000546357 -0.004947166 -0.000865549 -0.003368593 0.004942845 0.999981761
1341846313.686156 0.017557895 0.002548282 -0.001937557 0.000688892 -0.006058665 0.005005492 0.999968886
1341846313.721918 0.018093355 0.004871539 -0.004273325 0.000854549 -0.006136108 0.005506886 0.999965668
1341846313.753994 0.022673065 0.007456763 -0.000847019 0.000922297 -0.006651355 0.006337313 0.999957383
1341846313.789969 0.023498802 0.010682114 0.000935893 0.002533433 -0.006429594 0.004309677 0.999966860
1341846313.822075 0.017981298 0.011660359 -0.002089174 0.002177783 -0.002982255 0.002933166 0.999988914
1341846313.853928 0.010292226 0.014900101 -0.001014877 0.002363026 0.001670691 0.002201134 0.999993384
1341846313.890011 -0.008221899 0.014957268 -0.005410319 0.002023575 0.007594232 0.001500886 0.999967992
1341846313.922055 -0.026573243 0.016821122 -0.008146152 0.000029131 0.012224760 0.001977020 0.999923408
1341846313.957927 -0.049977042 0.024783468 -0.015365954 -0.000167597 0.021933839 0.001148063 0.999758780
1341846313.990058 -0.064696245 0.019556243 -0.007809984 -0.002406133 0.031031292 0.002794700 0.999511659
1341846314.022042 -0.098569989 0.014843499 -0.014938186 -0.006508833 0.039905746 0.005656669 0.999166250
1341846314.057816 -0.112719029 0.022866599 -0.004751444 -0.007814134 0.046311855 0.006551954 0.998874962
1341846314.089801 -0.141281515 0.028782262 -0.004775781 -0.005408801 0.057572685 0.005840670 0.998309612
1341846314.122037 -0.160395488 0.022910455 -0.008367747 -0.008467442 0.065201648 0.008068903 0.997803628
1341846314.157989 -0.175445825 0.029012911 0.001650122 -0.008774002 0.072248302 0.009707418 0.997300863
1341846314.190094 -0.192555442 0.030671598 -0.000090691 -0.008480248 0.079827376 0.010978531 0.996712208
1341846314.225969 -0.217139691 0.033336796 -0.008239750 -0.010452396 0.086869664 0.014307455 0.996062100
1341846314.257923 -0.216919065 0.040014517 -0.001214120 -0.010518928 0.089688964 0.014140351 0.995813966
1341846314.290052 -0.223140836 0.041407712 0.000624610 -0.009410180 0.092781410 0.012720110 0.995560765
1341846314.325981 -0.240216672 0.055144075 -0.001262355 -0.007996269 0.097957030 0.009925974 0.995109022
1341846314.357905 -0.241530448 0.063135311 0.004160294 -0.007012743 0.102199584 0.008447943 0.994703352
1341846314.389899 -0.242326424 0.061324291 0.009006514 -0.005995031 0.105862834 0.007436244 0.994334877
1341846314.427905 -0.248836771 0.069305561 0.005983438 -0.005313467 0.109689362 0.004364931 0.993942201
1341846314.493987 -0.283314556 0.056291867 0.007131926 -0.006231845 0.126932576 -0.002704390 0.991888106
1341846314.526085 -0.299577862 0.062846884 -0.003688832 -0.005104237 0.132249951 -0.004866236 0.991191387
1341846314.558292 -0.284778863 0.063703217 0.003456026 -0.006462007 0.134302169 -0.004735082 0.990908086
1341846314.594085 -0.295219213 0.063866496 0.010431512 -0.004458931 0.141917333 -0.005684341 0.989852130
1341846314.626096 -0.316022038 0.065769002 -0.003736365 -0.004000617 0.148728684 -0.004418521 0.988860071
1341846314.658455 -0.347380579 0.065837808 -0.007768773 -0.005948766 0.156852499 -0.004791259 0.987592518
1341846314.694004 -0.334169239 0.071934350 -0.000106339 -0.003679066 0.160504609 -0.006428121 0.987007320
1341846314.725910 -0.334649891 0.072468393 0.001718590 0.000856386 0.163687184 -0.003103971 0.986507058
1341846314.761942 -0.338753343 0.072056413 -0.006302754 0.004755224 0.164668486 0.001792025 0.986335933
1341846314.794030 -0.348083824 0.091930889 -0.006722328 0.011520203 0.169959784 -0.000913911 0.985383272
1341846314.826092 -0.363922656 0.097172931 -0.018749468 0.014503052 0.177221432 -0.000365304 0.984064102
1341846314.862145 -0.377357394 0.096363261 -0.016587630 0.014212243 0.184203818 0.001117630 0.982784688
1341846314.894072 -0.380651176 0.097486138 -0.016417202 0.014414220 0.189396679 0.002778574 0.981790960
1341846314.925969 -0.410736680 0.089019507 -0.022157479 0.012862719 0.197726190 0.007584894 0.980143547
1341846314.961937 -0.427122235 0.088619411 -0.029481612 0.009920483 0.201170087 0.012692160 0.979423940
1341846314.994564 -0.429149121 0.091606475 -0.026715636 0.007310278 0.203307360 0.012529670 0.979007542
1341846315.029900 -0.444125891 0.112607345 -0.026700286 0.011237592 0.210620314 0.008322510 0.977467895
1341846315.061965 -0.452909261 0.115838811 -0.033462379 0.011820477 0.213976681 0.012187160 0.976691246
1341846315.094388 -0.449407518 0.118897587 -0.032538570 0.012505809 0.212835714 0.013568480 0.976913750
1341846315.129851 -0.478133619 0.116464719 -0.009932887 0.013877551 0.220122203 0.011743822 0.975302875
1341846315.161941 -0.505442202 0.111608319 -0.018209258 0.009988693 0.224933892 0.016216109 0.974187851
1341846315.197984 -0.478903741 0.121907271 -0.014832379 0.003921284 0.218692839 0.010299788 0.975731492
1341846315.230076 -0.488559812 0.126404941 -0.013547318 0.000835271 0.220508695 0.007305606 0.975357294
1341846315.262069 -0.502676487 0.127103731 -0.016377468 -0.001504106 0.220750809 0.009700149 0.975280881
1341846315.298000 -0.508513808 0.123266429 -0.006959138 -0.002621635 0.219374508 0.014679466 0.975526750
1341846315.329931 -0.516825020 0.143998638 -0.002111191 0.005780793 0.220720977 0.014787927 0.975207746
1341846315.361981 -0.531019449 0.148230165 -0.006706323 0.011545364 0.222215578 0.017080668 0.974779546
1341846315.397962 -0.536593974 0.177685887 -0.002677513 0.020075189 0.224121451 0.016956037 0.974206865
1341846315.429923 -0.552260280 0.186811939 0.002444429 0.024145406 0.229525909 0.017770773 0.972840726
1341846315.466047 -0.570261002 0.187833026 0.006293673 0.024981422 0.237711504 0.019346023 0.970821798
1341846315.497883 -0.566776037 0.184120342 0.008001685 0.024010299 0.240025192 0.023383578 0.970187962
1341846315.530008 -0.554314852 0.173862323 0.007560052 0.022571933 0.239617020 0.023458321 0.970321536
1341846315.566108 -0.571629286 0.173698723 0.012601705 0.021920249 0.244344607 0.025200924 0.969113111
1341846315.597986 -0.564607799 0.166463882 0.012081107 0.020526182 0.244792908 0.025303021 0.969027817
1341846315.630109 -0.559531868 0.176800951 0.013548179 0.022063028 0.245380357 0.022365836 0.968917727
1341846315.666042 -0.569456339 0.176363558 0.007989595 0.020916423 0.248442277 0.022595041 0.968157291
1341846315.698114 -0.592259288 0.190544426 0.016564373 0.017579358 0.256268680 0.020367965 0.966231108
1341846315.733985 -0.571644306 0.174927920 0.015308766 0.013496800 0.254999220 0.023560125 0.966560006
1341846315.766041 -0.539847553 0.139986828 0.008162890 0.007717433 0.246906921 0.027051376 0.968630850
1341846315.798188 -0.556423366 0.149757996 0.022219863 0.008212399 0.250093073 0.025392754 0.967853963
1341846315.834140 -0.553440630 0.154039934 0.026991876 0.010186510 0.251548260 0.023260023 0.967511594
1341846315.866751 -0.547611177 0.152517945 0.016101748 0.012343103 0.251066983 0.022143608 0.967637718
1341846315.898492 -0.560628593 0.149970785 0.025933487 0.013009996 0.254024148 0.021754015 0.966865718
1341846315.936901 -0.554073632 0.153254300 0.021149570 0.016682832 0.253823817 0.020634837 0.966886461
1341846315.966572 -0.553058863 0.146862507 0.019827275 0.019075068 0.254140794 0.020345358 0.966765106
1341846316.034204 -0.561287165 0.147275031 0.017398374 0.022649147 0.253616303 0.018238477 0.966867745
1341846316.066113 -0.565697908 0.153373972 0.021201286 0.026261814 0.253357530 0.018681081 0.966835797
1341846316.101867 -0.556202531 0.151775956 0.021526489 0.026783064 0.249200881 0.019857926 0.967877746
1341846316.134066 -0.554426074 0.147487089 0.023122240 0.024615975 0.245247915 0.018625377 0.968968928
1341846316.202049 -0.545761704 0.107769109 0.022541329 0.018092481 0.237169668 0.017595928 0.971140385
1341846316.233979 -0.532958448 0.113007203 0.021433488 0.019191120 0.233218923 0.017043767 0.972085476
1341846316.270052 -0.504213691 0.124639899 -0.004180761 0.019247966 0.227825940 0.012472149 0.973431706
1341846316.301915 -0.510892868 0.116700195 0.020614039 0.018587671 0.230552346 0.011311993 0.972816646
1341846316.334208 -0.481807649 0.133198574 -0.000591347 0.023171995 0.222704545 0.012335106 0.974532485
1341846316.370006 -0.475947469 0.129081503 0.004229801 0.024797553 0.219694674 0.014196790 0.975150168
1341846316.401994 -0.471054226 0.126523495 0.005609337 0.026094234 0.217165023 0.016238153 0.975650966
1341846316.438069 -0.448290169 0.126266181 0.002738571 0.028671682 0.211367100 0.019001160 0.976801395
1341846316.470076 -0.435115606 0.129215762 0.003817402 0.033931337 0.207986504 0.020532286 0.977327347
1341846316.502034 -0.402849734 0.116638400 -0.010465940 0.031783871 0.197650164 0.019820033 0.979556739
1341846316.537975 -0.374658912 0.124849729 -0.014627335 0.031038707 0.189374745 0.019174594 0.981226861
1341846316.570121 -0.338867396 0.120575801 -0.013301522 0.030748481 0.182202071 0.017581342 0.982622981
1341846316.601885 -0.322047353 0.125562236 -0.008243134 0.033296838 0.177938089 0.014706133 0.983368218
1341846316.638009 -0.286276460 0.112078227 -0.004410326 0.032899842 0.169769764 0.015337478 0.984815061
1341846316.669925 -0.266657352 0.119971015 -0.010252725 0.036948241 0.164193839 0.014168154 0.985634029
1341846316.705941 -0.248248115 0.120251678 -0.003490616 0.042126194 0.160357848 0.014630937 0.986051083
1341846316.738062 -0.230949357 0.125649437 -0.016452149 0.044717990 0.155112982 0.016672868 0.986743331
1341846316.770433 -0.211895123 0.123605967 -0.018753581 0.043029126 0.149602652 0.016597811 0.987670004
1341846316.805932 -0.193744838 0.120549023 -0.016084941 0.043247942 0.145538628 0.014689185 0.988297760
1341846316.838029 -0.187206537 0.113756076 -0.015416551 0.043653071 0.141418025 0.017933985 0.988824427
1341846316.870034 -0.165781423 0.111325242 -0.008067139 0.043973867 0.133238077 0.017977243 0.989944875
1341846316.906344 -0.164157063 0.111390606 -0.017306866 0.044923443 0.128577054 0.018671578 0.990505576
1341846316.937940 -0.161297023 0.108815432 -0.014813844 0.043837007 0.125667483 0.015198886 0.990986943
1341846316.973994 -0.160963520 0.115991801 -0.022801802 0.044704810 0.122294612 0.016658597 0.991346598
1341846317.005913 -0.159738660 0.119077519 -0.034500241 0.044085998 0.118626542 0.019697106 0.991764188
1341846317.037936 -0.173455030 0.111850999 -0.022520976 0.043437164 0.117294759 0.018357990 0.991976917
1341846317.073972 -0.177995190 0.115809552 -0.023850387 0.045359194 0.115531564 0.018623363 0.992092848
1341846317.106113 -0.191939056 0.117972292 -0.029935155 0.048710335 0.114923425 0.024264880 0.991882682
1341846317.137887 -0.190048531 0.105104379 -0.021514153 0.049527865 0.106998324 0.028439036 0.992617548
1341846317.173970 -0.191293925 0.115552850 -0.035104599 0.052411508 0.098645732 0.031045262 0.993256390
1341846317.205887 -0.198304087 0.117032081 -0.040073778 0.052811120 0.095404282 0.030998006 0.993553340
1341846317.248131 -0.200112075 0.117547445 -0.036331326 0.054723762 0.092202991 0.034265548 0.993644714
1341846317.306289 -0.216810137 0.122275196 -0.041342709 0.056860670 0.086457156 0.036720421 0.993953586
1341846317.348137 -0.242231175 0.116562977 -0.037091792 0.057130966 0.091651618 0.036551800 0.993478775
1341846317.410120 -0.258243948 0.128002495 -0.052682161 0.061120566 0.090288952 0.042112794 0.993145883
1341846317.442569 -0.277025700 0.121236451 -0.040197562 0.062723704 0.093828857 0.043100119 0.992675304
1341846317.474010 -0.274612725 0.127293110 -0.049963322 0.070397682 0.091759287 0.047359485 0.992160022
1341846317.509927 -0.267699450 0.132503733 -0.060648296 0.073157370 0.086189866 0.051944911 0.992230356
1341846317.542282 -0.270021528 0.131758183 -0.058145866 0.072053522 0.083000392 0.052096717 0.992575049
1341846317.573943 -0.278126597 0.126478136 -0.059591189 0.071406223 0.085085876 0.051065039 0.992498875
1341846317.610159 -0.285798669 0.133728504 -0.054836884 0.076097235 0.087000906 0.052174646 0.991926372
1341846317.643553 -0.290535927 0.145884603 -0.053892232 0.079599328 0.084927164 0.052095283 0.991835415
1341846317.677993 -0.288510054 0.145066381 -0.050203428 0.080667041 0.079846315 0.054510299 0.992041409
1341846317.709996 -0.288159043 0.144011527 -0.047076061 0.082907222 0.076815099 0.054259047 0.992109776
1341846317.741834 -0.277213931 0.145553768 -0.052450493 0.082328036 0.072849825 0.053591236 0.992493331
1341846317.777923 -0.269613355 0.142445847 -0.052992664 0.079720885 0.069225438 0.052606713 0.993018150
1341846317.810021 -0.258348882 0.139539868 -0.050095849 0.078860141 0.064461403 0.050494149 0.993517101
1341846317.841886 -0.240051061 0.138382792 -0.054670360 0.076898627 0.059285216 0.048130006 0.994110346
1341846317.878017 -0.214446187 0.140590042 -0.058081828 0.074481003 0.052959055 0.045334339 0.994782746
1341846317.909910 -0.199146733 0.137960136 -0.046060607 0.073446721 0.051363874 0.041645002 0.995104551
1341846317.946031 -0.182428420 0.131736442 -0.044999469 0.073566549 0.047969744 0.041014630 0.995291233
1341846317.978041 -0.140930682 0.128202036 -0.035947736 0.075444371 0.037921011 0.039499197 0.995645523
1341846318.009897 -0.149140850 0.127829224 -0.038138408 0.077756293 0.039433982 0.038292479 0.995456040
1341846318.045949 -0.138361499 0.118715845 -0.040188774 0.076025315 0.037972897 0.036222536 0.995723903
1341846318.078074 -0.103093982 0.110052742 -0.031789057 0.073686413 0.029039970 0.033751905 0.996287048
1341846318.109894 -0.079910472 0.100065582 -0.026577275 0.071341917 0.020640645 0.029506098 0.996801734
1341846318.145957 -0.073222846 0.089458697 -0.028235586 0.068075992 0.016163515 0.026826788 0.997188389
1341846318.178001 -0.070810661 0.092460528 -0.025173966 0.068596363 0.015277728 0.024468109 0.997227371
1341846318.214074 -0.044243380 0.078231223 -0.020969400 0.066443950 0.007542436 0.022434145 0.997509420
1341846318.245970 -0.027073137 0.082164086 -0.016059987 0.070602566 -0.002572270 0.023744054 0.997218609
1341846318.278018 -0.021056268 0.076980598 -0.017303074 0.072412916 -0.009389127 0.023911119 0.997043848
1341846318.313937 0.000380307 0.087070569 -0.016653273 0.075838216 -0.021793142 0.023848478 0.996596694
1341846318.345989 0.002903946 0.090661004 -0.005661574 0.078289077 -0.032601889 0.022593962 0.996141315
1341846318.382046 0.022752425 0.092571482 -0.010262977 0.080874361 -0.043771081 0.020198787 0.995557845
1341846318.414072 0.025653614 0.096629471 -0.021251492 0.082613900 -0.051980600 0.021448864 0.994993925
1341846318.446035 0.029418480 0.097259082 -0.021097178 0.085227028 -0.058595549 0.019882226 0.994438350
1341846318.482196 0.033830028 0.090280898 -0.023481194 0.084545858 -0.062113892 0.019251637 0.994295359
1341846318.514144 0.036134396 0.092076220 -0.029652989 0.084873565 -0.065384664 0.021493224 0.994011760
1341846318.546259 0.031270675 0.097370118 -0.026548153 0.087898754 -0.066450797 0.021206958 0.993684292
1341846318.582042 0.038044445 0.095161773 -0.037319001 0.088186406 -0.069149643 0.020791484 0.993483424
1341846318.614115 0.045364790 0.087357678 -0.037021428 0.086173713 -0.072436631 0.019960659 0.993442833
1341846318.650038 0.049095213 0.078806512 -0.040784016 0.084243834 -0.075558759 0.016928842 0.993432105
1341846318.682350 0.044424057 0.086171195 -0.045129851 0.085516892 -0.076309457 0.017233543 0.993260682
1341846318.714063 0.027629491 0.082061604 -0.050099589 0.084749639 -0.075355031 0.019264121 0.993362010
1341846318.749905 0.025931170 0.088497154 -0.051815055 0.086949281 -0.076012984 0.020840090 0.993089914
1341846318.782036 0.041022714 0.112009950 -0.083979234 0.092199363 -0.082568601 0.026547775 0.991956115
1341846318.814121 0.039225135 0.113551378 -0.087747395 0.092517555 -0.090624802 0.025307298 0.991255343
1341846318.850072 0.020764478 0.109984353 -0.089803837 0.093224123 -0.094375074 0.021128293 0.990937054
1341846318.883516 -0.006949739 0.117785469 -0.094512135 0.097645357 -0.098691553 0.021274978 0.990087271
1341846318.918047 -0.033519011 0.122095041 -0.102849998 0.100510865 -0.107619070 0.022918176 0.988832891
1341846318.950044 -0.030288164 0.120270044 -0.096510611 0.102718338 -0.119779058 0.016643995 0.987332225
1341846318.982028 -0.022036567 0.119097844 -0.106875993 0.103348345 -0.126383513 0.012538901 0.986503482
1341846319.018123 -0.026678877 0.126931831 -0.106356874 0.104676276 -0.132796809 0.017601825 0.985443115
1341846319.050745 -0.031345513 0.123662688 -0.093431823 0.106887922 -0.138430059 0.015177314 0.984470308
1341846319.081905 -0.063276500 0.119519658 -0.090467930 0.110761240 -0.132484317 0.013179493 0.984888911
1341846319.117976 -0.088002160 0.124017902 -0.099554025 0.112980068 -0.130287945 0.020539863 0.984803915
1341846319.150093 -0.113898672 0.122901946 -0.106328562 0.114291362 -0.131031662 0.025954600 0.984426022
1341846319.186069 -0.137601241 0.127428636 -0.106689684 0.115925580 -0.128294483 0.024293959 0.984637856
1341846319.218149 -0.163975000 0.137065858 -0.121913522 0.113644809 -0.121463068 0.024035653 0.985775769
1341846319.250034 -0.202495068 0.135003209 -0.119385369 0.108321518 -0.110348120 0.025060210 0.987654686
1341846319.286594 -0.236953571 0.132173374 -0.121124223 0.106193833 -0.102929287 0.031279359 0.988508999
1341846319.318034 -0.280799627 0.128404081 -0.117584862 0.106924765 -0.096619993 0.032758947 0.989018977
1341846319.350268 -0.322256356 0.124429084 -0.114479795 0.107203402 -0.091031700 0.038782213 0.989301085
1341846319.386163 -0.362602890 0.125973657 -0.124067307 0.109342530 -0.089752600 0.047619887 0.988797784
1341846319.418386 -0.390623391 0.130792588 -0.134925082 0.111464873 -0.091529310 0.047987346 0.988380134
1341846319.453961 -0.389149517 0.154020652 -0.120367303 0.115713380 -0.094620496 0.045661464 0.987710714
1341846319.486271 -0.386041313 0.144981787 -0.123535700 0.112656936 -0.097555429 0.048181195 0.987658799
1341846319.554083 -0.380268335 0.136849135 -0.113940232 0.106275484 -0.106908187 0.050845720 0.987264335
1341846319.586296 -0.412595987 0.132670105 -0.122080296 0.106111929 -0.102114022 0.047459349 0.987957776
1341846319.622031 -0.433338553 0.130983114 -0.137061074 0.104593828 -0.102939978 0.048053630 0.988005221
1341846319.653962 -0.447721243 0.137277141 -0.111196682 0.105687201 -0.106861494 0.045506008 0.987593055
1341846319.686352 -0.447636604 0.136090279 -0.107688129 0.107089713 -0.111791119 0.046993926 0.986826301
1341846319.721992 -0.452633798 0.145955503 -0.118230417 0.108926490 -0.115927972 0.049336798 0.986033261
1341846319.754063 -0.476506859 0.157367036 -0.138025001 0.106607005 -0.115178801 0.048420932 0.986419916
1341846319.786397 -0.480525762 0.150717139 -0.132152811 0.101302311 -0.115081921 0.052009694 0.986807525
1341846319.822008 -0.491086245 0.161879107 -0.124988616 0.099994540 -0.115098044 0.056658145 0.986683071
1341846319.853917 -0.474090636 0.146393880 -0.135884151 0.092390932 -0.119528368 0.063021041 0.986511648
1341846319.889942 -0.514435887 0.145074889 -0.113048889 0.090499848 -0.114256456 0.065455697 0.987152874
1341846319.922039 -0.526930451 0.141666844 -0.105290160 0.090487614 -0.117498800 0.066889793 0.986677170
1341846319.953946 -0.528688490 0.128525004 -0.108789258 0.089393377 -0.122581951 0.062237341 0.986462891
1341846319.990054 -0.517105162 0.130958214 -0.105821230 0.092203647 -0.127211586 0.056550439 0.985960364
1341846320.028122 -0.527379751 0.131755337 -0.106885299 0.094413400 -0.130051330 0.055109233 0.985462189
1341846320.090047 -0.494756132 0.140128404 -0.112141654 0.100124843 -0.141293675 0.054015070 0.983409107
1341846320.122011 -0.472522795 0.139016539 -0.111343995 0.100274198 -0.141715243 0.055996213 0.983222425
1341846320.157952 -0.462069780 0.144982234 -0.106155738 0.101427272 -0.140048712 0.055659119 0.983362079
1341846320.190003 -0.432425201 0.133691713 -0.100458041 0.102484807 -0.139933020 0.054520939 0.983332634
1341846320.221941 -0.432647765 0.133068770 -0.104407109 0.106108710 -0.136039421 0.053544521 0.983548284
1341846320.258015 -0.428034306 0.114133544 -0.112812348 0.107404716 -0.134423971 0.053494334 0.983632445
1341846320.289887 -0.353732377 0.099889703 -0.094878510 0.110302374 -0.146448597 0.057237860 0.981381714
1341846320.321954 -0.307440281 0.101774909 -0.116407789 0.117817648 -0.152701035 0.056300502 0.979607940
1341846320.357890 -0.309151679 0.121827573 -0.112221554 0.126460299 -0.150448933 0.052656278 0.979081333
1341846320.390064 -0.269985795 0.124721579 -0.120251305 0.127201706 -0.150564775 0.051714070 0.979017735
1341846320.426544 -0.249091059 0.133858815 -0.104769751 0.132338688 -0.144812614 0.045357592 0.979519546
1341846320.458122 -0.178074345 0.124082685 -0.106383123 0.131146863 -0.146777570 0.043433923 0.979474545
1341846320.490186 -0.098341353 0.125691921 -0.087211765 0.135018513 -0.149508938 0.041972756 0.978598714
1341846320.525911 -0.043947428 0.117693752 -0.097954184 0.136072129 -0.147603363 0.039122313 0.978860080
1341846320.558091 -0.007790817 0.130229428 -0.095427886 0.138655871 -0.146481186 0.034316279 0.978846371
1341846320.594093 0.049582575 0.139801726 -0.071195439 0.142104194 -0.148738116 0.028727084 0.978191257
1341846320.631955 0.043204360 0.132115245 -0.076907054 0.143714309 -0.139296040 0.027230341 0.979388237
1341846320.664916 0.059255313 0.126920819 -0.076425686 0.143214867 -0.137967914 0.026333865 0.979673862
1341846320.699927 0.065085545 0.128701478 -0.069913834 0.144040614 -0.134850174 0.023595596 0.980056643
1341846320.731822 0.117677718 0.131658718 -0.041956872 0.147164077 -0.136241660 0.022571579 0.979424059
1341846320.763877 0.153919607 0.132423848 -0.050413314 0.143365800 -0.139396280 0.026222952 0.979452550
1341846320.799999 0.161082506 0.107834190 -0.043481827 0.134540230 -0.140477717 0.018042384 0.980734169
1341846320.831871 0.189084575 0.106778495 -0.035808519 0.136916220 -0.133670866 0.010658459 0.981464446
1341846320.863887 0.194657594 0.121412307 -0.028215308 0.138423994 -0.125858292 0.014510647 0.982236207
1341846320.900014 0.236370355 0.119843088 -0.025034074 0.130717590 -0.136178866 0.018716810 0.981844187
1341846320.931889 0.229398727 0.110135861 -0.012071086 0.131526992 -0.132746190 0.014009076 0.982284546
1341846320.967866 0.205300242 0.137623802 -0.031621676 0.133579537 -0.123074822 0.013916141 0.983267784
1341846321.000017 0.246804059 0.133821636 -0.017724372 0.127676636 -0.129421517 0.011393945 0.983269513
1341846321.031860 0.283335716 0.124883108 0.005344830 0.125969768 -0.132331043 0.005470593 0.983153224
1341846321.068047 0.304166228 0.137025878 0.024702661 0.128976136 -0.131791845 0.002843347 0.982846916
1341846321.099840 0.334031045 0.138673276 0.038130429 0.127165988 -0.135560572 0.004418285 0.982564330
1341846321.131821 0.372671723 0.125355214 0.060921784 0.126879051 -0.138193533 0.001197339 0.982243776
1341846321.167887 0.394056946 0.144501254 0.081446432 0.132179752 -0.136516660 0.002870667 0.981775701
1341846321.200042 0.434128344 0.147869453 0.093365066 0.132250369 -0.139825478 0.004583322 0.981293857
1341846321.231950 0.410025150 0.148382127 0.078330435 0.132728189 -0.132941574 -0.000304629 0.982196331
1341846321.267939 0.445768327 0.149653286 0.081229001 0.133401126 -0.134824261 -0.005167656 0.981834948
1341846321.299948 0.472993284 0.156858623 0.104888611 0.134711653 -0.133642584 -0.010793528 0.981771827
1341846321.331858 0.457526147 0.172874317 0.119840339 0.138503999 -0.128183842 -0.014495509 0.981924355
1341846321.367913 0.485102415 0.166272074 0.143645689 0.140918925 -0.128641069 -0.020720772 0.981409192
1341846321.399897 0.516510010 0.175542861 0.162285641 0.144888967 -0.128298610 -0.021668458 0.980855346
1341846321.435994 0.507937968 0.171930358 0.165902972 0.146623179 -0.122952588 -0.022296477 0.981268167
1341846321.467946 0.523194194 0.187825918 0.181884617 0.151245356 -0.122060381 -0.021842102 0.980688095
1341846321.499882 0.540345907 0.182908863 0.185911849 0.152218938 -0.120449334 -0.022567214 0.980720222
1341846321.536109 0.592974246 0.183908954 0.175314099 0.152346268 -0.121190652 -0.028151169 0.980464637
1341846321.568960 0.563119590 0.217023298 0.191911489 0.155346990 -0.111390226 -0.028524520 0.981145203
1341846321.603938 0.578748047 0.202287912 0.192924455 0.150400847 -0.110727742 -0.028615339 0.981987894
1341846321.637163 0.594099402 0.191494435 0.200237185 0.147268593 -0.106624760 -0.032354567 0.982800245
1341846321.668306 0.536238432 0.246218756 0.221816406 0.152078450 -0.089057058 -0.028040612 0.983948529
1341846321.704411 0.520286620 0.228206009 0.227138653 0.144598112 -0.087179549 -0.020239625 0.985434711
1341846321.736861 0.533393502 0.226251036 0.231915295 0.142457798 -0.090560861 -0.012810824 0.985566080
1341846321.771881 0.557615042 0.248137876 0.235387579 0.142204821 -0.092844740 -0.008991318 0.985432327
1341846321.804114 0.576897264 0.230971605 0.239792362 0.135398045 -0.092848212 -0.007766707 0.986400664
1341846321.836152 0.573808074 0.239934519 0.240734935 0.133534834 -0.089497864 -0.008687957 0.986956537
1341846321.871882 0.580066264 0.259736478 0.248207957 0.131834149 -0.088732287 -0.011231262 0.987228572
1341846321.904074 0.589095652 0.242210567 0.245215684 0.122921728 -0.087458149 -0.015349098 0.988435984
1341846321.939847 0.591205060 0.244717315 0.250489980 0.120375335 -0.084334403 -0.018117703 0.988973916
1341846322.004094 0.586033106 0.250321478 0.259712934 0.115162946 -0.085567228 -0.019068632 0.989470661
1341846322.066178 0.609104216 0.215286180 0.257110089 0.105858400 -0.082375929 -0.022841850 0.990700006
1341846322.107979 0.589850664 0.203267694 0.255584866 0.103556797 -0.077645101 -0.024398591 0.991288066
1341846322.166164 0.599562645 0.151570082 0.250871599 0.100842804 -0.079989932 -0.023714246 0.991398036
1341846322.202932 0.613650560 0.159200236 0.256027460 0.104537405 -0.084512621 -0.024123333 0.990629911
1341846322.234093 0.598048806 0.161001131 0.252807558 0.104283676 -0.083253883 -0.026000064 0.990715802
1341846322.265941 0.599989951 0.143885776 0.250391543 0.099769808 -0.086644307 -0.024586357 0.990925968
1341846322.301996 0.606418848 0.119131833 0.248608440 0.095858693 -0.088739768 -0.024262549 0.991134584
1341846322.333949 0.590701938 0.105315074 0.236214995 0.093670398 -0.088616587 -0.025182385 0.991331816
1341846322.369871 0.597445369 0.103790447 0.249201834 0.097421013 -0.094556279 -0.028580941 0.990328968
1341846322.402292 0.617909908 0.084134974 0.247598335 0.100076944 -0.094915830 -0.037561063 0.989729643
1341846322.433955 0.593380511 0.037605301 0.225008801 0.098935902 -0.090598829 -0.038307678 0.990220189
1341846322.470030 0.552664459 0.041540533 0.228724048 0.108702317 -0.089071974 -0.037461072 0.989366829
1341846322.502433 0.546435773 0.040536858 0.227455229 0.116563499 -0.090759747 -0.032893762 0.988480508
1341846322.534002 0.560883343 0.012376836 0.225694373 0.122056849 -0.093317747 -0.031104429 0.987636805
1341846322.570196 0.575971663 0.026254836 0.225410804 0.135123119 -0.096277542 -0.025966061 0.985798240
1341846322.601920 0.572897792 0.000603858 0.221615106 0.136912957 -0.099889234 -0.021595761 0.985297203
1341846322.638119 0.602102697 0.004400024 0.238603100 0.144526124 -0.107076183 -0.025199194 0.983367622
1341846322.669947 0.587764978 0.061365459 0.227538750 0.159982443 -0.099770747 -0.025809309 0.981725693
1341846322.702026 0.593803883 0.069918349 0.241371065 0.166967839 -0.100483380 -0.022724563 0.980565369
1341846322.738006 0.602098823 0.102404043 0.260960847 0.173813537 -0.104806632 -0.019731784 0.978986800
1341846322.770087 0.607128680 0.135924011 0.256417930 0.182474256 -0.103361711 -0.020090828 0.977556050
1341846322.806047 0.628547609 0.167290911 0.280071288 0.193702713 -0.108856268 -0.017619774 0.974843144
1341846322.838063 0.604367554 0.172867537 0.275248140 0.196544915 -0.109906897 -0.016966311 0.974167705
1341846322.870081 0.584334433 0.086394146 0.261651337 0.184893832 -0.111662529 -0.016284419 0.976258457
1341846322.906018 0.582951128 0.139609396 0.291173130 0.200029045 -0.112705670 -0.013361319 0.973194361
1341846322.938349 0.583283663 0.113715418 0.274012387 0.194572687 -0.111967295 -0.013259386 0.974386454
1341846322.970069 0.583979130 0.102506377 0.267976135 0.188860476 -0.112434186 -0.013566773 0.975451827
1341846323.011820 0.590399504 0.093685329 0.275240660 0.185849324 -0.112599507 -0.014719696 0.975994229
1341846323.073951 0.586792052 0.096522212 0.280514628 0.183473542 -0.112826698 -0.010935338 0.976467133
1341846323.105962 0.578071058 0.099485800 0.292432845 0.183825642 -0.111149028 -0.011486972 0.976586998
1341846323.138158 0.575036645 0.108686782 0.295486093 0.186572462 -0.110511459 -0.013984944 0.976105690
1341846323.174092 0.574601114 0.107506737 0.293729305 0.185106903 -0.110956728 -0.015618369 0.976309478
1341846323.206059 0.568764389 0.102251098 0.294206738 0.182456583 -0.109471269 -0.019090891 0.976914108
1341846323.238053 0.564800322 0.115342095 0.293223768 0.182761729 -0.105005205 -0.021653952 0.977293789
1341846323.273997 0.583490074 0.109167144 0.295006394 0.177627936 -0.109469831 -0.020304712 0.977779329
1341846323.305946 0.571013868 0.109760180 0.297759235 0.174161211 -0.110989958 -0.020346003 0.978230596
1341846323.342027 0.574352682 0.118572295 0.295999348 0.176756740 -0.107067704 -0.023190554 0.978138924
1341846323.374048 0.566309929 0.147232905 0.307300895 0.183267683 -0.104853712 -0.018645972 0.977277339
1341846323.405987 0.566483736 0.152637094 0.284249514 0.184710965 -0.110192150 -0.012717916 0.976513088
1341846323.441956 0.550883651 0.113370717 0.294989586 0.180555061 -0.110798441 -0.015132993 0.977187097
1341846323.473878 0.546725750 0.131397218 0.295968741 0.189644322 -0.108217545 -0.014881433 0.975757420
1341846323.506129 0.568051875 0.130067199 0.289780915 0.191380396 -0.112185664 -0.017423583 0.974927902
1341846323.541972 0.565245926 0.134577170 0.291422278 0.191356525 -0.110697389 -0.019892341 0.975055397
1341846323.573913 0.562578917 0.162082389 0.293738753 0.198213428 -0.102790810 -0.022723073 0.974489212
1341846323.609927 0.568509936 0.168829799 0.291619897 0.200931221 -0.099291079 -0.026315665 0.974205017
1341846323.642014 0.566845834 0.166510940 0.289474696 0.200609744 -0.098930128 -0.024451213 0.974356592
1341846323.674081 0.553625941 0.174857944 0.294166684 0.202955350 -0.099005267 -0.020877222 0.973946214
1341846323.710069 0.564814866 0.168016970 0.286704808 0.205188394 -0.102099068 -0.016134266 0.973248839
1341846323.742111 0.569260120 0.172163427 0.288864285 0.211933047 -0.105269402 -0.016484400 0.971458197
1341846323.774928 0.575609326 0.182770997 0.286990136 0.216558740 -0.107652888 -0.018324623 0.970142961
1341846323.810012 0.587333083 0.193684191 0.296097070 0.221291199 -0.110469773 -0.022275621 0.968674600
1341846323.842207 0.593652248 0.199011460 0.295704424 0.224570513 -0.110463098 -0.026129263 0.967823982
1341846323.878019 0.588743746 0.201955691 0.297716022 0.227029204 -0.111131765 -0.028144229 0.967117071
1341846323.909826 0.591901660 0.200902313 0.295765698 0.232180566 -0.112290122 -0.029866619 0.965707600
1341846323.942459 0.585368276 0.202888638 0.292203248 0.234795436 -0.111513555 -0.027099511 0.965246856
1341846323.978055 0.583947122 0.204618603 0.302596688 0.238596633 -0.115603931 -0.027034776 0.963834286
1341846324.015934 0.586065710 0.197892725 0.300721735 0.241692469 -0.117600016 -0.027182207 0.962816775
1341846324.047722 0.591663122 0.203039050 0.302919835 0.245020866 -0.116500229 -0.026727533 0.962121725
1341846324.083904 0.584462047 0.213921219 0.300928980 0.245456547 -0.113821425 -0.027841263 0.962299645
1341846324.115968 0.585770428 0.212809920 0.298305541 0.243192554 -0.111673974 -0.031322606 0.963018775
1341846324.151967 0.585904956 0.211016208 0.296670973 0.242533639 -0.107562974 -0.036008112 0.963488996
1341846324.183941 0.598878741 0.218304694 0.300510108 0.239853010 -0.105634063 -0.037450530 0.964318156
1341846324.219984 0.581029892 0.224567771 0.300242186 0.235919639 -0.101494335 -0.039415658 0.965653837
1341846324.251968 0.581031561 0.219699010 0.291439980 0.234798476 -0.101279467 -0.040573753 0.965901673
1341846324.284052 0.573609948 0.222445369 0.289706379 0.234641880 -0.100997098 -0.041947983 0.965910554
1341846324.319880 0.574748218 0.222348809 0.295720249 0.232712045 -0.104784727 -0.043914553 0.965886533
1341846324.351917 0.581929803 0.237667531 0.301895499 0.229613677 -0.108354285 -0.045577127 0.966157138
1341846324.388001 0.590598166 0.244368285 0.296737641 0.225257367 -0.107322581 -0.049931653 0.967082143
1341846324.419908 0.600140214 0.258336812 0.298924357 0.221668258 -0.106542088 -0.053215243 0.967822373
1341846324.452027 0.588551521 0.262306452 0.310236514 0.217530072 -0.105596773 -0.051654913 0.968948841
1341846324.487928 0.582130849 0.268280953 0.310892522 0.215991884 -0.105444357 -0.049522649 0.969420731
1341846324.519985 0.579358280 0.283160061 0.310582846 0.214488611 -0.108458824 -0.044915088 0.969646275
1341846324.556001 0.590439618 0.328257263 0.326041698 0.216517583 -0.115533367 -0.039576720 0.968610287
1341846324.587888 0.578619242 0.320586234 0.334822863 0.210513160 -0.117174476 -0.039459292 0.969740868
1341846324.620086 0.572582424 0.323496044 0.328948498 0.207934573 -0.117828302 -0.044745356 0.969988465
1341846324.655955 0.588641465 0.323682189 0.332772940 0.204990178 -0.120863244 -0.045208775 0.970220208
1341846324.688082 0.593314469 0.315898687 0.335817933 0.202456549 -0.121967018 -0.044140443 0.970663190
1341846324.755922 0.585514069 0.375606388 0.351469636 0.206658706 -0.125822276 -0.035427708 0.969642103
1341846324.814016 0.592073083 0.416513979 0.346170276 0.204604328 -0.129060462 -0.042601272 0.969363570
1341846324.849979 0.594757617 0.404869914 0.354531109 0.196910337 -0.127496213 -0.046450499 0.970985830
1341846324.881924 0.575911283 0.421242386 0.360264301 0.195732057 -0.126444891 -0.046233770 0.971371770
1341846324.913902 0.572713971 0.429209322 0.360480756 0.194146410 -0.126962289 -0.044504981 0.971703172
1341846324.949999 0.564905524 0.428080440 0.359883338 0.194312304 -0.126380026 -0.041372374 0.971884370
1341846324.981922 0.567876458 0.431210399 0.359132081 0.197857425 -0.131204814 -0.037949875 0.970668614
1341846325.018013 0.574147642 0.437564224 0.357877851 0.200055242 -0.137470871 -0.034297224 0.969486177
1341846325.050079 0.560265660 0.463954568 0.367282510 0.203843951 -0.140450776 -0.039351739 0.968076825
1341846325.081901 0.571516931 0.478651345 0.370983750 0.203102663 -0.146346360 -0.041163411 0.967283607
1341846325.118531 0.581516206 0.492533505 0.356414050 0.198404923 -0.147136241 -0.040213231 0.968178391
1341846325.149933 0.590110302 0.479101479 0.363761425 0.190859243 -0.146426350 -0.041886363 0.969730675
1341846325.181925 0.585234761 0.484320968 0.370676517 0.187447473 -0.145487756 -0.039884448 0.970621467
1341846325.218055 0.565466464 0.484835565 0.375180781 0.183562681 -0.142850965 -0.038387265 0.971815228
1341846325.249811 0.571120679 0.490758955 0.367879272 0.180594757 -0.143901080 -0.033625126 0.972392619
1341846325.285925 0.578093529 0.517317176 0.384940386 0.181024298 -0.146185994 -0.031330887 0.972048461
1341846325.317988 0.597737670 0.501253247 0.388142496 0.176690161 -0.146135420 -0.028924588 0.972927749
1341846325.349844 0.587030768 0.487064242 0.382230490 0.177499205 -0.140066832 -0.026506275 0.973741651
1341846325.387302 0.589598536 0.513985395 0.392917067 0.185074449 -0.138320133 -0.023092788 0.972667336
1341846325.417931 0.610091209 0.515675902 0.395221204 0.188220829 -0.136886820 -0.020053631 0.972333670
1341846325.450747 0.601463497 0.533200681 0.381244063 0.195113942 -0.125916630 -0.014935104 0.972549558
1341846325.485954 0.581533730 0.535753667 0.411609858 0.201925650 -0.119920611 -0.010733015 0.971972227
1341846325.517875 0.578799009 0.533280611 0.415973723 0.203098878 -0.117268108 -0.009176983 0.972067297
1341846325.553859 0.576694965 0.526156723 0.411699802 0.204198971 -0.113347620 -0.009957882 0.972294211
1341846325.585855 0.558629811 0.520783782 0.403395653 0.202375457 -0.107532844 -0.013613516 0.973291099
1341846325.617990 0.570284784 0.493381590 0.395440936 0.191747069 -0.107385181 -0.014567708 0.975443184
1341846325.653982 0.569535673 0.495668977 0.405613124 0.191927597 -0.105578795 -0.017483788 0.975556910
1341846325.685819 0.561999500 0.492682904 0.402079403 0.196164235 -0.103500746 -0.013812118 0.974995613
1341846325.717857 0.560960054 0.556659937 0.421052575 0.209102228 -0.103849806 -0.006427559 0.972342610
1341846325.754083 0.557882607 0.581889391 0.430244803 0.215914562 -0.104106590 -0.001333444 0.970845520
1341846325.786087 0.561906457 0.582916498 0.434453428 0.221532211 -0.104484625 0.000423202 0.969539225
1341846325.821856 0.571730196 0.559062600 0.423256785 0.217766330 -0.104355916 0.003195789 0.970400691
1341846325.853827 0.562515676 0.536206782 0.419095069 0.213269904 -0.103522919 0.005160995 0.971479475
1341846325.885958 0.543613434 0.510751545 0.403013051 0.206222057 -0.104472503 0.009370944 0.972867012
1341846325.921984 0.576474249 0.498833150 0.414119124 0.201691359 -0.113620579 0.012955188 0.972750306
1341846325.953899 0.558718324 0.498539150 0.415978730 0.204330981 -0.109358579 0.013979845 0.972673714
1341846325.985823 0.565270364 0.518692315 0.418433577 0.208698750 -0.108784162 0.019164160 0.971722007
1341846326.021991 0.582833767 0.500126541 0.418250769 0.207114443 -0.112784050 0.027127324 0.971415222
1341846326.054055 0.586466849 0.494171441 0.420897156 0.208620191 -0.113975130 0.027989080 0.970929444
1341846326.089984 0.597400665 0.543269217 0.427280217 0.217083395 -0.113170497 0.028954655 0.969138265
1341846326.121822 0.597643673 0.519099474 0.423427820 0.210895225 -0.108882003 0.027991127 0.971022427
1341846326.154079 0.600614548 0.522478342 0.421497136 0.211555749 -0.107178628 0.026443316 0.971111596
1341846326.190178 0.592128456 0.526872277 0.418158680 0.212928161 -0.106178492 0.029795621 0.970824361
1341846326.222162 0.573953271 0.540330768 0.398918420 0.211334467 -0.105279259 0.034967914 0.971098006
1341846326.259181 0.582547486 0.537608027 0.414045304 0.206339628 -0.110298216 0.040204491 0.971412301
1341846326.322766 0.595012009 0.569105864 0.440601468 0.200933248 -0.112330191 0.039045598 0.972359598
1341846326.359773 0.607582510 0.597902715 0.457255781 0.202087313 -0.112992041 0.036689945 0.972135484
1341846326.392109 0.598000705 0.591920018 0.456225872 0.199317366 -0.109161720 0.035771456 0.973178685
1341846326.423985 0.583980381 0.599193215 0.462621123 0.203373909 -0.106967449 0.041059252 0.972373962
1341846326.459869 0.566544890 0.636286676 0.462262779 0.208596364 -0.107261613 0.045560148 0.971033871
1341846326.526163 0.596014798 0.712618232 0.475428045 0.216022268 -0.109445281 0.050669968 0.968911052
1341846326.560211 0.594787478 0.730756521 0.494293690 0.213779077 -0.106202632 0.052489869 0.969672322
1341846326.591828 0.585149646 0.716750979 0.496573985 0.208905056 -0.102918692 0.049589150 0.971240103
1341846326.627027 0.607046485 0.726570189 0.507957101 0.207412958 -0.105156362 0.050989196 0.971247733
1341846326.658442 0.590185463 0.741975009 0.508062959 0.206236511 -0.097904846 0.047441706 0.972435296
1341846326.694856 0.573488295 0.737336099 0.508499205 0.199621007 -0.092126459 0.049023475 0.974300206
1341846326.726206 0.572918296 0.733943105 0.505669475 0.191586062 -0.090234682 0.045519944 0.976258397
1341846326.762753 0.602399588 0.758178353 0.510302007 0.187980294 -0.091925599 0.042855814 0.976921916
1341846326.826821 0.578248084 0.757167816 0.518055737 0.168851137 -0.081597142 0.037483834 0.981542766
1341846326.858887 0.589761198 0.721745908 0.520946562 0.154760137 -0.082696669 0.036964182 0.983790755
1341846326.895360 0.564464390 0.697442710 0.511650324 0.148017555 -0.079313755 0.037458215 0.985087335
1341846326.926897 0.575794101 0.700188398 0.512935162 0.148339152 -0.085271671 0.039579980 0.984458089
1341846326.958888 0.580007493 0.712084830 0.514759362 0.150239006 -0.087181620 0.043290306 0.983846307
1341846326.994594 0.586711228 0.717434227 0.516080737 0.149355903 -0.087456867 0.043532830 0.983945668
1341846327.026301 0.577678263 0.746717930 0.522377789 0.150715873 -0.084420249 0.041874863 0.984075427
1341846327.063945 0.553431451 0.725167692 0.513663471 0.143184736 -0.076994196 0.038003765 0.985964417
1341846327.094662 0.559408247 0.734663606 0.520296276 0.143228695 -0.075806335 0.035945646 0.986127257
1341846327.128901 0.559036613 0.737243056 0.527949572 0.141393557 -0.076075085 0.034635216 0.986418188
1341846327.161940 0.534864664 0.752584875 0.515863657 0.141158089 -0.072303019 0.031977568 0.986825287
1341846327.193867 0.561936140 0.741367757 0.532565355 0.137642562 -0.074878171 0.032073740 0.987126708
1341846327.229885 0.535263598 0.747652292 0.518217087 0.137337431 -0.066184454 0.028256701 0.987906694
1341846327.262014 0.493888348 0.749696136 0.497472525 0.135028422 -0.053511292 0.019806471 0.989197433
1341846327.294023 0.451725572 0.756437719 0.483756125 0.138799533 -0.034281377 0.013878073 0.989629686
1341846327.330015 0.429813892 0.764857769 0.456610322 0.138583079 -0.019351874 0.009673283 0.990114510
1341846327.361939 0.369404316 0.804000258 0.440977395 0.140155911 -0.002130840 0.015504848 0.990005791
1341846327.393887 0.328953892 0.819066167 0.432789117 0.140531749 0.006997424 0.010117522 0.989999771
1341846327.429966 0.304421812 0.818533957 0.408036590 0.133591682 0.011205584 0.003963674 0.990965188
1341846327.461965 0.292093575 0.807200730 0.398550779 0.120596163 0.008550669 -0.001892702 0.992663026
1341846327.497931 0.251752645 0.800971985 0.408304006 0.113824829 0.015807405 -0.002898885 0.993370891
1341846327.530068 0.207845718 0.805347562 0.401601940 0.111000448 0.023705510 -0.001229600 0.993536830
1341846327.561895 0.163444117 0.810711086 0.409224182 0.109453492 0.028854147 0.001592819 0.993571758
1341846327.598010 0.115986377 0.808367848 0.415770262 0.109121144 0.034028687 0.004177687 0.993437052
1341846327.629945 0.112027436 0.807572782 0.413586438 0.105392441 0.029513802 0.003078876 0.993987918
1341846327.662003 0.115443669 0.831748784 0.420676053 0.110678732 0.026289668 -0.001165431 0.993507802
1341846327.697919 0.083961003 0.829994977 0.401722282 0.109014228 0.031109573 0.000200049 0.993553281
1341846327.730075 0.019397492 0.833764136 0.396540582 0.102157362 0.040450118 0.000811453 0.993945181
1341846327.766017 -0.009653056 0.840240240 0.401586026 0.098011151 0.045140494 0.000868470 0.994160652
1341846327.797917 -0.015502338 0.859921753 0.405769289 0.094294883 0.046008378 0.002837447 0.994476557
1341846327.830054 -0.026890520 0.863778651 0.406778544 0.087898932 0.048270684 0.000840138 0.994958818
1341846327.865944 -0.035031132 0.871685863 0.412049800 0.085240498 0.051605392 -0.000507645 0.995022953
1341846327.898010 -0.044019122 0.881002724 0.415416241 0.081758268 0.054083075 0.001012322 0.995183229
1341846327.929991 -0.022690272 0.888056338 0.420325577 0.076276816 0.048497196 0.001525176 0.995905399
1341846327.966065 -0.020053361 0.900758922 0.420562685 0.072634697 0.048883878 -0.000745259 0.996159673
1341846327.998073 -0.025368415 0.902239621 0.414232016 0.064711645 0.051626172 -0.003133328 0.996562779
1341846328.034045 -0.037658874 0.908453763 0.414631158 0.059033819 0.055320676 -0.005540913 0.996706605
1341846328.065993 -0.027253747 0.894921601 0.413779378 0.050760616 0.054071516 -0.003440134 0.997240126
1341846328.098045 -0.030873187 0.881819367 0.417317659 0.049202230 0.055142581 -0.000884730 0.997265100
1341846328.133967 -0.040779419 0.883128107 0.415270358 0.052391231 0.055028930 0.002546433 0.997106075
1341846328.166023 -0.032615982 0.883401632 0.411539674 0.052314941 0.050232798 0.003685246 0.997359633
1341846328.198018 -0.030941512 0.860083997 0.407075226 0.049593024 0.047166519 -0.000330656 0.997655153
1341846328.234044 -0.031661671 0.848591328 0.402469724 0.051646803 0.045419738 -0.000351890 0.997631967
1341846328.265899 -0.056592695 0.843303442 0.404820859 0.054964099 0.048210349 -0.000635826 0.997323573
1341846328.302051 -0.038393721 0.841269374 0.402687728 0.060147628 0.044264883 0.000109753 0.997207522
1341846328.333917 -0.068741918 0.828853130 0.412188113 0.064423636 0.048764825 0.001838390 0.996728778
1341846328.366008 -0.121041171 0.830601215 0.420528501 0.074525423 0.059519425 -0.007051753 0.995416343
1341846328.402010 -0.175025955 0.811167419 0.432557583 0.086453177 0.071281217 -0.007390535 0.993675172
1341846328.433920 -0.225921869 0.875375867 0.429414123 0.106895253 0.077207126 -0.007322777 0.991241097
1341846328.470003 -0.252805889 0.849109232 0.440137684 0.105604790 0.081295960 -0.014375437 0.990975261
1341846328.502194 -0.208161682 0.846561790 0.431857049 0.110993005 0.076079302 -0.022304425 0.990653813
1341846328.534033 -0.210393056 0.849385858 0.432770073 0.115980968 0.079611830 -0.025328876 0.989731669
1341846328.570125 -0.197985619 0.810978711 0.414644718 0.114134952 0.076455824 -0.024797348 0.990208447
1341846328.602804 -0.195641667 0.800567865 0.415565312 0.121676587 0.068417095 -0.020254424 0.990001857
1341846328.672663 -0.192538947 0.790696144 0.404336512 0.135415301 0.054968998 -0.024127834 0.988968611
1341846328.702975 -0.210783392 0.770525515 0.417772412 0.137274802 0.055457544 -0.025401134 0.988653064
1341846328.770129 -0.199914068 0.748687625 0.396607488 0.146375403 0.050682236 -0.029878177 0.987478018
1341846328.802331 -0.194517463 0.743385553 0.408246875 0.149449572 0.046273202 -0.029089391 0.987257540
1341846328.838051 -0.180789888 0.742228031 0.403135568 0.155594066 0.041993730 -0.032079767 0.986406565
1341846328.869939 -0.187128827 0.753645360 0.402274549 0.157781333 0.042361800 -0.033648338 0.985991061
1341846328.904486 -0.192468628 0.719935656 0.395544201 0.149978653 0.040194929 -0.034401927 0.987272620
1341846328.939814 -0.182344437 0.718730628 0.400551379 0.156781778 0.036244478 -0.035693228 0.986322343
1341846328.970217 -0.202998891 0.715801358 0.395828187 0.160954252 0.037185900 -0.030875240 0.985777676
1341846329.006232 -0.200570822 0.711406350 0.394058466 0.162744343 0.034100372 -0.026991585 0.985709369
1341846329.038243 -0.166269168 0.698692620 0.385700405 0.167161077 0.027381819 -0.028777238 0.985129058
1341846329.106125 -0.176305547 0.694982529 0.378196985 0.170343712 0.028916972 -0.029528059 0.984517634
1341846329.138340 -0.172637761 0.691802263 0.375176191 0.173427507 0.027621018 -0.031820763 0.983944893
1341846329.169991 -0.168693796 0.688536525 0.369231761 0.175142393 0.025643846 -0.032291487 0.983679235
1341846329.208656 -0.170065701 0.685372353 0.368222743 0.176293373 0.025083492 -0.033336390 0.983453155
1341846329.238169 -0.174567088 0.688302815 0.365424037 0.176572412 0.025154123 -0.033961125 0.983379960
1341846329.273827 -0.173906550 0.673642337 0.356171787 0.174073860 0.023821142 -0.032174189 0.983918548
1341846329.306052 -0.181117550 0.684298873 0.358266920 0.177142188 0.022904173 -0.034926355 0.983298719
1341846329.338104 -0.167070583 0.678421140 0.354334831 0.172629267 0.019622616 -0.037259843 0.984086275
1341846329.373907 -0.171493083 0.628494918 0.336383790 0.162939638 0.019145461 -0.038230415 0.985709190
1341846329.405985 -0.163392171 0.624795616 0.332106680 0.164830074 0.016708331 -0.042180859 0.985277951
1341846329.442057 -0.164406583 0.620306253 0.329245687 0.163855046 0.016870765 -0.046243656 0.985255539
1341846329.473950 -0.165862814 0.610678911 0.324959219 0.162975624 0.016125040 -0.051418453 0.985157430
1341846329.506147 -0.177330852 0.621150672 0.324413925 0.165789351 0.016305517 -0.053144939 0.984593153
1341846329.542121 -0.182328999 0.622520030 0.323071748 0.166161478 0.013889303 -0.053385623 0.984554470
1341846329.574086 -0.173037142 0.621343672 0.321108252 0.171120852 0.010346003 -0.054754540 0.983673036
1341846329.606387 -0.176915556 0.626256824 0.315748572 0.174312368 0.010748564 -0.056374215 0.983016610
1341846329.641955 -0.192197740 0.625601649 0.316220403 0.174704939 0.011778004 -0.055412676 0.982989788
1341846329.681570 -0.196535364 0.601602376 0.313028008 0.171307936 0.009007501 -0.056209963 0.983571529
1341846329.748113 -0.193475366 0.588818848 0.309333444 0.172207236 0.009129317 -0.058605514 0.983273506
1341846329.810175 -0.211718351 0.545486987 0.306215823 0.165998682 0.014689632 -0.054199990 0.984525859
1341846329.842255 -0.212427884 0.543932140 0.299022436 0.168712080 0.014007015 -0.050471656 0.984272718
1341846329.874044 -0.216932282 0.547070444 0.303437471 0.172389001 0.014393833 -0.047436513 0.983780801
1341846329.910073 -0.216264755 0.543849707 0.301451355 0.171860382 0.013314773 -0.043998189 0.984048247
1341846329.942009 -0.221944213 0.531782568 0.301559508 0.165732607 0.013349182 -0.039340213 0.985295296
1341846329.978087 -0.194608480 0.551150680 0.295391083 0.170772940 0.008277656 -0.038857885 0.984509110
1341846330.016305 -0.198883668 0.555600166 0.291182905 0.172557458 0.010306749 -0.040009845 0.984132588
1341846330.048192 -0.205544427 0.570546210 0.293943107 0.170777947 0.012118462 -0.038310725 0.984489918
1341846330.080418 -0.195681602 0.575850070 0.294465125 0.170696899 0.010463773 -0.036174756 0.984603763
1341846330.115886 -0.191319436 0.570161045 0.293060690 0.174443483 0.011036761 -0.035610326 0.983961165
1341846330.147839 -0.199493766 0.554062963 0.285147458 0.172130331 0.011582109 -0.033966195 0.984420300
1341846330.181257 -0.194395289 0.542357624 0.272905231 0.163655743 0.010230721 -0.029941618 0.986009955
1341846330.215852 -0.184356898 0.556510866 0.289648652 0.162436366 0.009620041 -0.031132303 0.986180842
1341846330.247833 -0.184706956 0.561841130 0.289757222 0.162251130 0.009730257 -0.031105638 0.986211181
1341846330.283913 -0.183972850 0.554026783 0.281586558 0.155811280 0.008878917 -0.030148029 0.987286747
1341846330.316011 -0.208808228 0.522410572 0.277954489 0.145405859 0.012406965 -0.032076545 0.988774180
1341846330.347868 -0.204678848 0.528315663 0.275305718 0.145385563 0.009859366 -0.032239698 0.988800585
1341846330.383835 -0.192901686 0.529230118 0.276637316 0.144356176 0.007852545 -0.031357236 0.988997698
1341846330.415934 -0.200877905 0.498923302 0.270004272 0.140090689 0.010265933 -0.034378853 0.989488423
1341846330.452561 -0.212262735 0.503371477 0.269587010 0.143810481 0.011072313 -0.034878127 0.988928497
1341846330.483903 -0.215003610 0.510936081 0.268377453 0.144445479 0.008894527 -0.032290440 0.988945782
1341846330.515970 -0.216217831 0.495266527 0.264513671 0.141346782 0.006331990 -0.029242331 0.989507914
1341846330.552099 -0.210633650 0.505008161 0.265398085 0.144914225 0.004088087 -0.027246179 0.989060640
1341846330.583876 -0.200827211 0.508977294 0.262682915 0.144076869 0.001736514 -0.026791900 0.989202201
1341846330.619992 -0.214150265 0.528742135 0.262103856 0.142334551 0.002655549 -0.027763527 0.989425600
1341846330.652136 -0.216861784 0.515311182 0.259869337 0.133875474 0.002256981 -0.029242655 0.990564048
1341846330.683796 -0.226778835 0.509423077 0.252458394 0.128446460 0.003778871 -0.030036477 0.991254270
1341846330.719991 -0.240514100 0.491939664 0.246091872 0.123758934 0.003434275 -0.029132547 0.991878688
1341846330.752103 -0.243956119 0.469950110 0.233073428 0.122089975 -0.001694216 -0.024224313 0.992222011
1341846330.787952 -0.236185431 0.480683535 0.226057246 0.123226114 -0.008325766 -0.021394704 0.992113054
1341846330.819823 -0.220267683 0.476445138 0.229307011 0.122160196 -0.015173533 -0.021841750 0.992154062
1341846330.852208 -0.245015144 0.515919805 0.236419812 0.127998680 -0.012507333 -0.021688566 0.991458297
1341846330.914111 -0.247422308 0.512469709 0.225862890 0.116820700 -0.015612995 -0.021805374 0.992790878
1341846330.949903 -0.250528753 0.476382822 0.222141489 0.108108446 -0.016837301 -0.021458793 0.993764937
1341846330.981986 -0.258710206 0.488907188 0.216827050 0.110139199 -0.020815849 -0.022006167 0.993454456
1341846331.014111 -0.265059769 0.495656878 0.219547734 0.110407278 -0.023169329 -0.022458697 0.993362546
1341846331.082139 -0.252926588 0.502506196 0.214299962 0.113370150 -0.028538004 -0.025502218 0.992815435
1341846331.114334 -0.250912011 0.508605301 0.213777587 0.114044040 -0.031191779 -0.026979079 0.992619395
1341846331.149989 -0.252294272 0.483302295 0.212702930 0.110191792 -0.031458892 -0.029092764 0.992986262
1341846331.181954 -0.264701754 0.502999187 0.209177837 0.116804019 -0.029980281 -0.029937701 0.992250919
1341846331.218151 -0.266908318 0.504049957 0.197718859 0.114706717 -0.033457749 -0.028900983 0.992415071
1341846331.249914 -0.281536162 0.499153674 0.193217397 0.113371626 -0.031000411 -0.034445055 0.992471397
1341846331.318141 -0.312837869 0.499641776 0.179346055 0.123697445 -0.015034480 -0.038300857 0.991466582
1341846331.349926 -0.341376841 0.487284333 0.174573600 0.119801685 -0.007699356 -0.038351346 0.992026925
1341846331.382003 -0.351431906 0.520929754 0.175499916 0.130200222 0.000702415 -0.035180371 0.990863204
1341846331.418008 -0.382619292 0.527122021 0.182700843 0.138325334 0.015219119 -0.034692422 0.989662051
1341846331.450327 -0.405919135 0.508183181 0.181502834 0.135421231 0.023153367 -0.033309657 0.989957333
1341846331.486219 -0.427145958 0.505716383 0.176499441 0.134444609 0.028457187 -0.030991014 0.990027487
1341846331.518344 -0.435891330 0.488808185 0.176355094 0.130324140 0.031413734 -0.032689866 0.990434349
1341846331.550202 -0.449703366 0.507110655 0.183871627 0.137090087 0.039504848 -0.033896476 0.989189923
1341846331.586139 -0.464911371 0.492460459 0.188426331 0.135256782 0.042753778 -0.034040224 0.989302278
1341846331.617931 -0.455273330 0.499645919 0.209962949 0.135782629 0.041468613 -0.032926545 0.989322662
1341846331.654027 -0.444684923 0.494340152 0.210793510 0.136785328 0.043952182 -0.033313151 0.989064336
1341846331.686123 -0.452908665 0.511050701 0.219031915 0.141502276 0.047100265 -0.030447226 0.988348007
1341846331.717954 -0.424578935 0.513476074 0.223100141 0.137505621 0.041220900 -0.029164605 0.989213109
1341846331.754076 -0.444644839 0.516171217 0.237968475 0.138245568 0.046775263 -0.031999443 0.988775194
1341846331.785920 -0.453877777 0.483932227 0.245731995 0.135512650 0.051329087 -0.032396410 0.988914669
1341846331.818053 -0.466077358 0.487737596 0.258570701 0.135846421 0.054454464 -0.030718351 0.988755226
1341846331.853849 -0.489948869 0.483371258 0.272976458 0.134685442 0.059168305 -0.031177383 0.988628864
1341846331.885987 -0.504478574 0.481047899 0.276417047 0.137359396 0.065199472 -0.034107659 0.987784505
1341846331.922014 -0.510784745 0.480307609 0.286035210 0.139259607 0.069622457 -0.035217889 0.987177372
1341846331.954037 -0.525950134 0.485892028 0.287620127 0.140734941 0.076208919 -0.036422025 0.986437678
1341846331.986135 -0.512162864 0.529839456 0.303170800 0.152748287 0.079731680 -0.037076559 0.984345555
1341846332.022364 -0.503844738 0.543691337 0.337813586 0.163462788 0.083119258 -0.035761781 0.982391059
1341846332.054175 -0.506698549 0.548775792 0.331947178 0.169789597 0.083616011 -0.035431899 0.981287181
1341846332.086502 -0.510694981 0.534070313 0.333303869 0.169712752 0.085061431 -0.036948059 0.981120288
1341846332.122051 -0.527053773 0.531436980 0.339577377 0.170268774 0.089052670 -0.039011229 0.980589807
1341846332.153983 -0.523949504 0.518689156 0.339112669 0.163659588 0.087984845 -0.034576807 0.981976926
1341846332.190165 -0.524105191 0.508305192 0.345250607 0.155759290 0.087165609 -0.036361568 0.983269572
1341846332.254145 -0.507022262 0.502071857 0.385972410 0.158621907 0.085044838 -0.039529294 0.982875347
1341846332.289948 -0.520171821 0.505463243 0.398048490 0.160843626 0.086828977 -0.037356317 0.982443213
1341846332.322172 -0.495490849 0.494640499 0.403066784 0.160193577 0.082205735 -0.035405483 0.983019173
1341846332.354003 -0.518217504 0.495605111 0.403834999 0.163241446 0.089211389 -0.039796166 0.981738210
1341846332.390180 -0.528525114 0.498533368 0.416789204 0.163756728 0.096563332 -0.043637071 0.980793118
1341846332.422055 -0.539345145 0.503695428 0.426212043 0.163087249 0.101184905 -0.046569709 0.980303764
1341846332.458114 -0.512500882 0.503817677 0.439054787 0.163602129 0.100099310 -0.049753323 0.980172992
1341846332.489993 -0.527408302 0.506589532 0.449913919 0.164989233 0.104191646 -0.049281403 0.979537666
1341846332.522130 -0.556471646 0.514833570 0.461269528 0.165585726 0.105183437 -0.043893628 0.979587257
1341846332.558114 -0.574130893 0.517805874 0.473334849 0.167339221 0.102488771 -0.036903806 0.979863167
1341846332.589874 -0.574994743 0.527069092 0.466796726 0.167868763 0.100961931 -0.033313230 0.980059683
1341846332.621889 -0.587466002 0.538486421 0.484539509 0.166141525 0.104125060 -0.031693690 0.980076849
1341846332.658202 -0.587604284 0.546693444 0.482768714 0.163339123 0.105431341 -0.036904220 0.980225801
1341846332.690001 -0.596925437 0.545253932 0.493624002 0.161453083 0.108203918 -0.036976196 0.980233431
1341846332.726000 -0.610437274 0.540615857 0.513061464 0.160434380 0.109546110 -0.034325514 0.980348110
1341846332.758386 -0.616964579 0.536517084 0.515212953 0.159708962 0.108934872 -0.033884432 0.980549872
1341846332.789937 -0.611399055 0.534227550 0.503968596 0.157189205 0.108959235 -0.037544325 0.980821073
1341846332.825925 -0.614744246 0.535537660 0.507856488 0.155036598 0.111677185 -0.037438519 0.980861962
1341846332.857898 -0.635342419 0.531234384 0.518503547 0.154842570 0.117770344 -0.039821535 0.980085850
1341846332.894069 -0.645011961 0.536249042 0.512885213 0.153560057 0.118746258 -0.039554313 0.980180681
1341846332.926029 -0.663018346 0.531331062 0.519096792 0.147879615 0.124140069 -0.042541895 0.980260730
1341846332.958015 -0.693137765 0.527380347 0.535054207 0.143834695 0.133579746 -0.044770420 0.979522169
1341846332.994073 -0.717291832 0.524719596 0.540767372 0.139743149 0.140049741 -0.046724491 0.979119360
1341846333.026545 -0.752473295 0.517963767 0.558544576 0.135868430 0.149756134 -0.047649492 0.978183270
1341846333.057998 -0.785500407 0.514709532 0.576453328 0.135237113 0.159477800 -0.044771664 0.976869166
1341846333.094024 -0.819770634 0.507753670 0.585560441 0.134192646 0.167314544 -0.041528512 0.975845039
1341846333.126095 -0.854463995 0.506066978 0.595369756 0.135309890 0.175267994 -0.038146291 0.974431753
1341846333.161973 -0.893157303 0.488254875 0.616414249 0.128661081 0.186461538 -0.038087517 0.973256290
1341846333.195660 -0.933358371 0.479528159 0.633910179 0.124467038 0.197539106 -0.036106445 0.971690595
1341846333.226331 -0.980345011 0.480852336 0.651017547 0.123067312 0.207907364 -0.035756525 0.969716728
1341846333.262056 -1.030638576 0.479008496 0.674097300 0.120104894 0.219234824 -0.031778950 0.967729867
1341846333.294147 -1.073149204 0.467622519 0.701391041 0.114053048 0.229877189 -0.033281233 0.965940356
1341846333.326100 -1.094404936 0.428586394 0.702756226 0.104928754 0.230044410 -0.030565664 0.967023909
1341846333.362100 -1.118186712 0.428931177 0.707466722 0.100386374 0.234384954 -0.030845396 0.966454804
1341846333.394119 -1.148553133 0.436554074 0.731143534 0.100468136 0.239834085 -0.029452376 0.965151966
1341846333.429974 -1.171593070 0.441097021 0.738802493 0.100400120 0.242571265 -0.028494105 0.964503586
1341846333.462115 -1.190762162 0.443519771 0.749481320 0.100982457 0.247091383 -0.030493617 0.963233411
1341846333.494040 -1.170462847 0.445623696 0.743108571 0.102368213 0.244426310 -0.031974107 0.963718951
1341846333.529953 -1.195572495 0.444560885 0.749734581 0.103030935 0.250375718 -0.031785153 0.962125957
1341846333.562063 -1.205891609 0.434523225 0.754074454 0.102100447 0.254042804 -0.028978508 0.961352229
1341846333.594090 -1.231433153 0.435453713 0.764907658 0.100571528 0.257856637 -0.026744759 0.960562348
1341846333.629994 -1.252860427 0.441490829 0.784159660 0.098244429 0.260539055 -0.027023040 0.960071445
1341846333.662127 -1.274618268 0.445606828 0.793170571 0.096232459 0.263896286 -0.027290737 0.959350526
1341846333.697964 -1.287996888 0.441048205 0.802082181 0.094916202 0.266532809 -0.026162259 0.958783984
1341846333.730092 -1.316701055 0.441979051 0.809770525 0.097869202 0.271806955 -0.026200766 0.957003713
1341846333.762089 -1.347679853 0.444071233 0.820047319 0.099840000 0.277429372 -0.023234453 0.955261767
1341846333.798006 -1.341484547 0.444840461 0.821600795 0.101927318 0.276853085 -0.023831705 0.955193818
1341846333.830055 -1.345748901 0.448776484 0.819765747 0.104644164 0.278560013 -0.026534354 0.954332173
1341846333.866045 -1.345465064 0.448980033 0.815819502 0.105194807 0.279043913 -0.027443025 0.954104543
1341846333.897987 -1.349569917 0.441652566 0.812449157 0.105204843 0.279102206 -0.028105142 0.954067111
1341846333.930099 -1.365410209 0.444359362 0.813221931 0.108424418 0.282504261 -0.031099642 0.952611387
1341846333.965889 -1.358947277 0.439573169 0.802944899 0.109345093 0.280878812 -0.030621935 0.953002155
1341846333.997985 -1.352429867 0.442684114 0.795364141 0.113088578 0.279706866 -0.031543128 0.952879906
1341846334.030076 -1.364032030 0.445113301 0.797788143 0.116219983 0.282168120 -0.031172352 0.951789021
1341846334.066000 -1.378204823 0.447729886 0.799728811 0.118613340 0.283542037 -0.030375073 0.951111019
1341846334.097932 -1.394706488 0.455593526 0.803287387 0.121760465 0.286167979 -0.032123420 0.949868619
1341846334.133884 -1.404768348 0.452108413 0.797953010 0.122436792 0.287673116 -0.031364676 0.949352264
1341846334.166115 -1.376876593 0.432089657 0.771617830 0.118384853 0.278836548 -0.028940594 0.952574313
1341846334.198072 -1.392378330 0.443518937 0.770804822 0.120866194 0.279671758 -0.031380706 0.951940358
1341846334.234097 -1.392699957 0.446653008 0.774538159 0.121226184 0.280500263 -0.031931754 0.951632380
1341846334.266045 -1.408549070 0.447323889 0.777339756 0.121715792 0.283902645 -0.031443577 0.950576603
1341846334.297946 -1.430133820 0.463211358 0.778121471 0.126045331 0.284830332 -0.031483959 0.949733138
1341846334.334036 -1.423391581 0.450393558 0.767580271 0.123558365 0.281111002 -0.030190019 0.951209009
1341846334.365871 -1.432458758 0.451378524 0.772277296 0.122485653 0.282676369 -0.031985931 0.950825036
1341846334.401845 -1.442809343 0.446692139 0.776793182 0.119997844 0.285009146 -0.032253768 0.950436831
1341846334.433864 -1.457291961 0.452620268 0.770711482 0.121542670 0.285174280 -0.033460002 0.950149238
1341846334.466105 -1.464990616 0.463660240 0.765856683 0.124113508 0.284083307 -0.033095006 0.950156510
1341846334.502142 -1.472133398 0.456252545 0.767061353 0.121077247 0.283349812 -0.029952999 0.950871229
1341846334.540153 -1.481795311 0.458737880 0.767927051 0.121012099 0.283700466 -0.031587377 0.950722039
1341846334.602351 -1.504036784 0.462629557 0.762538850 0.113805391 0.282567888 -0.036650948 0.951767087
1341846334.670161 -1.514034510 0.456108570 0.746849358 0.105371818 0.280072778 -0.041321587 0.953283012
1341846334.702085 -1.517716169 0.456575453 0.739359140 0.104847826 0.276932567 -0.040160622 0.954307318
1341846334.734751 -1.522270560 0.460374087 0.731953561 0.105547205 0.274206400 -0.038883310 0.955070078
1341846334.770889 -1.529235721 0.464757740 0.719122827 0.106885999 0.271905094 -0.035910349 0.955695331
1341846334.802194 -1.525257826 0.462968111 0.713454962 0.105657525 0.267458498 -0.035084564 0.957116246
1341846334.833908 -1.526684999 0.470585793 0.701732516 0.105870716 0.265622079 -0.037075993 0.957528949
1341846334.869874 -1.532728195 0.472972870 0.683555663 0.104308166 0.264888555 -0.035775583 0.957953036
1341846334.902006 -1.532238007 0.461864769 0.662794530 0.100166462 0.260740817 -0.031046323 0.959696352
1341846334.938010 -1.530168414 0.468866765 0.656546175 0.100938931 0.256312191 -0.034449860 0.960691750
1341846334.970032 -1.558195949 0.489478171 0.662273884 0.102246553 0.261493325 -0.041345771 0.958883464
1341846335.002203 -1.554731369 0.491100341 0.645169020 0.105240047 0.258728594 -0.038044043 0.959446073
1341846335.037880 -1.564592242 0.488357157 0.630690575 0.107178740 0.254827350 -0.032590870 0.960475743
1341846335.069990 -1.550169587 0.496491641 0.627085328 0.108692810 0.249212787 -0.035683047 0.961668134
1341846335.106038 -1.564484477 0.492779970 0.619223833 0.107743479 0.252316058 -0.038963806 0.960838079
1341846335.138045 -1.571528912 0.484019220 0.611151516 0.107702680 0.252724051 -0.037739586 0.960784316
1341846335.169900 -1.589869857 0.484689116 0.595855296 0.106731512 0.251323372 -0.036405459 0.961311460
1341846335.206091 -1.596027851 0.493558526 0.600222826 0.106836222 0.250726730 -0.041189779 0.961262465
1341846335.239365 -1.600377679 0.502096176 0.595086813 0.108116172 0.252304196 -0.044748057 0.960547328
1341846335.269948 -1.607623696 0.491732925 0.593093991 0.107471310 0.253512174 -0.044686753 0.960304439
1341846335.305972 -1.615401268 0.492764026 0.594079733 0.109559633 0.252577066 -0.046175398 0.960244477
1341846335.338012 -1.618551970 0.490602106 0.587881148 0.110878743 0.250861019 -0.044519909 0.960620999
1341846335.374005 -1.631874442 0.495207697 0.580704629 0.116880521 0.253797710 -0.045131169 0.959108353
1341846335.406025 -1.644728422 0.496063411 0.574380696 0.123593345 0.256678134 -0.044674277 0.957520366
1341846335.438079 -1.649345279 0.488407761 0.557562709 0.126660421 0.256095976 -0.041082993 0.957436264
1341846335.473998 -1.662282944 0.488987297 0.555540442 0.128160015 0.259288281 -0.041042563 0.956378698
1341846335.507038 -1.658874512 0.510634422 0.546068192 0.131777629 0.260533243 -0.044617116 0.955388129
1341846335.538040 -1.662672520 0.515405416 0.538924038 0.130633205 0.262411982 -0.045521248 0.954988360
1341846335.574119 -1.680684566 0.502630115 0.538595796 0.125681147 0.264234126 -0.043353472 0.955251396
1341846335.605970 -1.677767515 0.512469411 0.524593592 0.125830710 0.262195677 -0.044653840 0.955733299
1341846335.641978 -1.678247094 0.513763726 0.514094114 0.126298666 0.262591541 -0.046945304 0.955453038
1341846335.673993 -1.687809348 0.517117441 0.509001732 0.125979021 0.263555110 -0.046646561 0.955244601
1341846335.706178 -1.696116328 0.515797913 0.500381470 0.125251502 0.262158096 -0.045360439 0.955786407
1341846335.741982 -1.699601412 0.517333388 0.492900044 0.125574961 0.262122393 -0.046611294 0.955693543
1341846335.773960 -1.703959823 0.524011374 0.486448407 0.125999257 0.262358010 -0.047157340 0.955546319
1341846335.806271 -1.714885592 0.524118483 0.484842330 0.123760596 0.262791753 -0.046351597 0.955759048
1341846335.842031 -1.719213605 0.521747649 0.476627827 0.121698499 0.263672501 -0.045992501 0.955798626
1341846335.873966 -1.723530293 0.522110164 0.471611053 0.122372858 0.264962912 -0.046646893 0.955323875
1341846335.910005 -1.733143926 0.529471755 0.454421878 0.122467741 0.264541030 -0.043856274 0.955560803
1341846335.941936 -1.746426582 0.534181118 0.448892832 0.121994004 0.263632774 -0.044331551 0.955850363
1341846335.974198 -1.751703978 0.534666479 0.445301741 0.121078394 0.263300031 -0.046350900 0.955962718
1341846336.010032 -1.757213116 0.534992814 0.442104518 0.120283261 0.263503313 -0.047399450 0.955955744
1341846336.042129 -1.769218922 0.537819922 0.430183709 0.119428456 0.262126476 -0.045627289 0.956527472
1341846336.078076 -1.770590425 0.537544429 0.421791524 0.119138435 0.259916008 -0.046253465 0.957136571
1341846336.110739 -1.777620316 0.543098092 0.424128771 0.119821154 0.260502666 -0.048360962 0.956787586
1341846336.142002 -1.787827969 0.541392386 0.410416454 0.119355224 0.259986609 -0.046187989 0.957093537
1341846336.183953 -1.794993043 0.546362460 0.403589547 0.119126894 0.257331342 -0.045113347 0.957890511
1341846336.241891 -1.794893861 0.552737892 0.397873640 0.118023463 0.256191671 -0.045210391 0.958327889
1341846336.277946 -1.802669406 0.544336855 0.387594014 0.117889449 0.255647779 -0.040469911 0.958701491
1341846336.309977 -1.772909999 0.562205195 0.335733354 0.122941725 0.245293304 -0.040090326 0.960785806
1341846336.346143 -1.732650399 0.567990899 0.296977669 0.124673538 0.236132219 -0.038037360 0.962938905
1341846336.377975 -1.676901698 0.572496414 0.263541996 0.125590265 0.225999147 -0.038653780 0.965223968
1341846336.410032 -1.628505707 0.564997196 0.234723896 0.125181317 0.216792434 -0.035817187 0.967495620
1341846336.446041 -1.580977321 0.566237926 0.206465334 0.124617636 0.206914842 -0.033655483 0.969806194
1341846336.477990 -1.547317386 0.580568612 0.175711006 0.126048788 0.200491160 -0.034460958 0.970941544
1341846336.510056 -1.510443211 0.586100101 0.150836766 0.127708748 0.194458038 -0.033800047 0.971974373
1341846336.546024 -1.472454667 0.581092715 0.118636809 0.127673268 0.187248915 -0.029759945 0.973525465
1341846336.578003 -1.432888031 0.585271537 0.087437756 0.127104148 0.179191679 -0.027812930 0.975172460
1341846336.614020 -1.411160707 0.594677627 0.068815850 0.127778381 0.176486552 -0.028211752 0.975566149
1341846336.645982 -1.362764001 0.594369411 0.033361021 0.125199035 0.168323949 -0.029189300 0.977312803
1341846336.678036 -1.310918570 0.594992042 0.005000573 0.123763427 0.157535300 -0.030281946 0.979259133
1341846336.714024 -1.258200526 0.588529110 -0.001399901 0.125595704 0.147090167 -0.032254271 0.980586469
1341846336.746016 -1.212403655 0.579309821 -0.034101237 0.127498969 0.136501506 -0.029064421 0.981970787
1341846336.778014 -1.168803930 0.581086934 -0.067838207 0.129167885 0.124635831 -0.027208474 0.983382583
1341846336.820006 -1.124354243 0.580297887 -0.070456654 0.129828036 0.114236817 -0.026181027 0.984585822
1341846336.882056 -1.063692689 0.588949084 -0.093524627 0.132925794 0.102522396 -0.027783832 0.985417664
1341846336.914273 -0.990693212 0.589747012 -0.104776651 0.136175349 0.083695889 -0.028680192 0.986726284
1341846336.945998 -0.936677933 0.597245991 -0.118977368 0.143481061 0.070450552 -0.026613411 0.986783504
1341846336.981980 -0.881074131 0.603448451 -0.133954614 0.144585669 0.057387430 -0.027684402 0.987438738
1341846337.014238 -0.814290822 0.605473459 -0.127801657 0.142369598 0.043655381 -0.028270056 0.988446236
1341846337.046017 -0.752021015 0.593482792 -0.096817106 0.139420256 0.034071781 -0.030091658 0.989189386
1341846337.082104 -0.694893658 0.590911388 -0.099169984 0.138165265 0.023922294 -0.031782258 0.989610016
1341846337.114317 -0.667710125 0.592593849 -0.104841143 0.136331335 0.017990075 -0.030103609 0.990042388
1341846337.150037 -0.622783899 0.592790484 -0.092438161 0.135324389 0.009316575 -0.031302653 0.990262926
1341846337.181873 -0.589511275 0.592390656 -0.079494640 0.135838315 0.006110148 -0.031027546 0.990226209
1341846337.214073 -0.544081450 0.604446769 -0.096386954 0.134351209 0.000525157 -0.033169605 0.990378320
1341846337.250087 -0.501488507 0.616394937 -0.093867764 0.136040673 -0.009823057 -0.031346984 0.990158498
1341846337.282028 -0.463315934 0.620681047 -0.104844488 0.137745917 -0.020799644 -0.029006083 0.989824355
1341846337.317920 -0.437735438 0.605617464 -0.099057823 0.133496925 -0.025479177 -0.028735003 0.990304828
1341846337.350018 -0.410437346 0.607601464 -0.114288166 0.131797880 -0.029858183 -0.028875038 0.990406036
1341846337.382159 -0.401430786 0.607549906 -0.105282344 0.130456820 -0.029036963 -0.030816281 0.990549445
1341846337.417941 -0.392071724 0.608485758 -0.107223816 0.132887706 -0.029998764 -0.029804876 0.990228593
1341846337.450137 -0.362294585 0.594054818 -0.106235124 0.129952312 -0.037360333 -0.033581469 0.990246892
1341846337.482096 -0.343267292 0.608155429 -0.111938924 0.131363973 -0.041094221 -0.036900740 0.989794493
1341846337.518008 -0.339196146 0.610072434 -0.108085983 0.133711442 -0.042329691 -0.036305416 0.989450097
1341846337.549978 -0.334387034 0.609334707 -0.110829242 0.132130250 -0.043814681 -0.037847333 0.989540040
1341846337.585971 -0.329298586 0.612930238 -0.106243536 0.130965650 -0.044847153 -0.038351044 0.989629209
1341846337.617903 -0.333731025 0.631163359 -0.097062588 0.138199300 -0.043905884 -0.039015401 0.988661230
1341846337.650141 -0.321245998 0.618997335 -0.102178022 0.136047482 -0.046865981 -0.039052505 0.988822341
1341846337.686352 -0.306274801 0.614231765 -0.102162510 0.132338002 -0.049638670 -0.038284238 0.989220381
1341846337.718002 -0.299752504 0.611806154 -0.089560919 0.130968511 -0.049709953 -0.037867561 0.989415109
1341846337.749920 -0.287393332 0.618191004 -0.083293289 0.131958291 -0.049231574 -0.037012786 0.989339828
1341846337.786157 -0.269274771 0.620258927 -0.073028982 0.129413947 -0.049809005 -0.034219716 0.989747524
1341846337.817945 -0.265727043 0.620254755 -0.059571873 0.128471732 -0.047435626 -0.032114275 0.990057349
1341846337.854071 -0.239129990 0.618764997 -0.061463382 0.126511633 -0.048998043 -0.032562144 0.990219057
1341846337.885951 -0.215474382 0.610396564 -0.043070197 0.121759482 -0.050717499 -0.032814875 0.990719736
1341846337.918223 -0.195672840 0.612494826 -0.029798685 0.118657000 -0.051985890 -0.033200718 0.991017520
1341846337.954120 -0.161300570 0.607012928 -0.011249205 0.116507635 -0.056924086 -0.032519720 0.991023779
1341846337.985994 -0.187905550 0.605154872 -0.013707152 0.112583585 -0.050336186 -0.030780407 0.991889000
1341846338.018107 -0.154351026 0.598314285 0.009054954 0.108900107 -0.054586675 -0.030452352 0.992085576
1341846338.054055 -0.186334774 0.596214056 -0.000917881 0.105682738 -0.046862196 -0.031773191 0.992786765
1341846338.085986 -0.165255263 0.589572847 0.019716078 0.101778232 -0.046744242 -0.031289980 0.993215561
1341846338.121875 -0.171254590 0.572467268 0.031048836 0.097597361 -0.043062989 -0.026396248 0.993943453
1341846338.154089 -0.131241634 0.562771797 0.056014452 0.094966143 -0.050225306 -0.020442352 0.994002521
1341846338.186029 -0.129449725 0.559838891 0.062502600 0.093073957 -0.051091295 -0.020575296 0.994134605
1341846338.222071 -0.112123273 0.555202901 0.076178111 0.091282666 -0.051517252 -0.018828211 0.994313300
1341846338.254107 -0.094111562 0.549482167 0.096913449 0.089649670 -0.053248551 -0.016813681 0.994406819
1341846338.290130 -0.076826796 0.545124769 0.109924115 0.089644596 -0.056520708 -0.016089628 0.994238615
1341846338.321952 -0.084396660 0.546404541 0.113855839 0.089489385 -0.053987861 -0.012847587 0.994440496
1341846338.354022 -0.075317577 0.546029687 0.127853975 0.089426138 -0.055059321 -0.013544526 0.994378209
1341846338.389969 -0.078504331 0.542714298 0.134630337 0.087568730 -0.053451542 -0.011990322 0.994651139
1341846338.422377 -0.070200495 0.531856835 0.154387534 0.084268838 -0.054720115 -0.014521828 0.994833469
1341846338.454010 -0.071032882 0.523459673 0.163580492 0.081380501 -0.054664671 -0.013987794 0.995084584
1341846338.489894 -0.073686510 0.527286887 0.173421189 0.081308156 -0.054440763 -0.013084747 0.995115161
1341846338.522066 -0.075391039 0.528767049 0.178630590 0.083084285 -0.053700037 -0.014192019 0.994993448
1341846338.558058 -0.078773521 0.521858037 0.177909106 0.080207586 -0.053403348 -0.013584308 0.995253921
1341846338.589842 -0.086675361 0.517960668 0.187805563 0.077915356 -0.051874708 -0.014391478 0.995505452
1341846338.622019 -0.092913121 0.514723837 0.196060911 0.078681171 -0.049495924 -0.013694952 0.995576203
1341846338.657984 -0.100228868 0.503980815 0.196727842 0.076354846 -0.048712667 -0.009593092 0.995843887
1341846338.690198 -0.106202751 0.497087568 0.199036092 0.073027775 -0.047475718 -0.011670006 0.996130943
1341846338.722454 -0.109220400 0.500246406 0.210739166 0.074280947 -0.044966921 -0.011571545 0.996155858
1341846338.757945 -0.107438028 0.497656614 0.215088487 0.073364727 -0.045978475 -0.009060732 0.996203601
1341846338.790039 -0.111949429 0.486076802 0.229003370 0.069103554 -0.047026120 -0.010565859 0.996444523
1341846338.826048 -0.119830444 0.483652800 0.234305263 0.069540054 -0.043525171 -0.013151262 0.996542454
1341846338.858027 -0.113957889 0.483555526 0.238773003 0.069070257 -0.043662954 -0.013182040 0.996568680
1341846338.889902 -0.120408818 0.486856610 0.246141106 0.067635529 -0.042845726 -0.012925847 0.996705890
1341846338.925948 -0.118754670 0.481143564 0.250815153 0.065807298 -0.041739892 -0.017152542 0.996811390
1341846338.958108 -0.119177848 0.480992943 0.260533005 0.066405930 -0.039597735 -0.017181162 0.996858656
1341846338.990057 -0.120322987 0.481593877 0.273614824 0.067617886 -0.038865339 -0.014795438 0.996844232
1341846339.025928 -0.120749146 0.483944774 0.285193324 0.070966348 -0.037349973 -0.014594636 0.996672332
1341846339.057939 -0.122116819 0.482465208 0.295216143 0.073269568 -0.034786675 -0.013993894 0.996607065
1341846339.093927 -0.112837635 0.483365774 0.304010957 0.071458288 -0.037865136 -0.011144394 0.996662378
1341846339.126562 -0.120619357 0.480741680 0.305865556 0.067514256 -0.035446685 -0.015135881 0.996973574
1341846339.157969 -0.119970396 0.479444653 0.321941406 0.065517746 -0.031913653 -0.016902285 0.997197747
1341846339.194113 -0.110270448 0.485545397 0.333533496 0.064544648 -0.033757783 -0.013560632 0.997251511
1341846339.228165 -0.102361992 0.481893867 0.341585904 0.060078911 -0.037002683 -0.011316058 0.997443378
1341846339.257998 -0.097426504 0.473009199 0.358810902 0.056461953 -0.036173560 -0.011595109 0.997681916
1341846339.294132 -0.097537518 0.472613305 0.365323931 0.056155015 -0.033334594 -0.010900306 0.997805893
1341846339.326577 -0.090403609 0.463817388 0.370252043 0.049164422 -0.037238244 -0.006076643 0.998077810
1341846339.362269 -0.088540949 0.458526254 0.375499427 0.044731427 -0.038542815 -0.009511993 0.998209953
1341846339.394725 -0.093022376 0.479493171 0.392368168 0.048386391 -0.034720384 -0.012085619 0.998151898
1341846339.462186 -0.087942757 0.460971862 0.405084640 0.041767530 -0.035536651 -0.012271544 0.998419821
1341846339.496743 -0.073520884 0.478190154 0.427739352 0.048618093 -0.033051278 -0.015364993 0.998152256
1341846339.562052 -0.066844814 0.466782570 0.440639883 0.048282076 -0.031841878 -0.012075461 0.998253107
1341846339.595122 -0.055936687 0.475913137 0.455382794 0.052787501 -0.032174878 -0.012196874 0.998012781
1341846339.632085 -0.056042898 0.467639267 0.458054036 0.052083410 -0.028128149 -0.014441497 0.998142064
1341846339.664568 -0.061063770 0.471582294 0.464487255 0.053970341 -0.023741454 -0.016014948 0.998131812
1341846339.698896 -0.056540970 0.469524354 0.471655697 0.053933036 -0.023669036 -0.016580122 0.998126328
1341846339.731977 -0.054709446 0.468110353 0.476352781 0.054228719 -0.023360066 -0.018125718 0.998090744
1341846339.762241 -0.055162210 0.470354646 0.486777365 0.055624422 -0.021324303 -0.019251889 0.998038352
1341846339.797873 -0.050142247 0.466478705 0.493685067 0.055032846 -0.021767301 -0.017884700 0.998087108
1341846339.830245 -0.047220126 0.466694981 0.506194293 0.055139925 -0.022301707 -0.018122079 0.998065114
1341846339.862015 -0.053131517 0.472395241 0.509091198 0.055812109 -0.020448042 -0.020226084 0.998026967
1341846339.897797 -0.048918538 0.470976353 0.515301287 0.055011619 -0.019766593 -0.020606311 0.998077393
1341846339.929916 -0.053154700 0.470030963 0.528307855 0.055431213 -0.017577268 -0.019425105 0.998118818
1341846339.961960 -0.048701096 0.467899710 0.536807895 0.056670073 -0.018540949 -0.018770659 0.998044312
1341846339.997845 -0.042588770 0.467602015 0.544252753 0.058008768 -0.017899567 -0.019558204 0.997963965
1341846340.029925 -0.045501560 0.466010153 0.554965556 0.059483029 -0.014888748 -0.018278474 0.997950912
1341846340.066044 -0.044106722 0.467829973 0.564477265 0.062371779 -0.013594689 -0.017653743 0.997804224
1341846340.098009 -0.042656980 0.473886579 0.571505129 0.064657390 -0.013138236 -0.017663782 0.997664750
1341846340.130102 -0.039829671 0.466733336 0.576446772 0.062694944 -0.013643479 -0.017793654 0.997780859
1341846340.166041 -0.031360574 0.479848921 0.593993008 0.067664571 -0.012070335 -0.023117680 0.997367263
1341846340.197867 -0.032123741 0.482763141 0.601903558 0.069286540 -0.009550758 -0.023046032 0.997284889
1341846340.229904 -0.036475010 0.481676608 0.603954494 0.067557797 -0.008536968 -0.023365501 0.997405231
1341846340.265859 -0.022712639 0.477405936 0.616066515 0.067263074 -0.009327303 -0.023522779 0.997414351
1341846340.298061 -0.020049039 0.479868293 0.625823915 0.070223592 -0.007186695 -0.023392865 0.997231066
1341846340.334063 -0.027532436 0.481369317 0.625677109 0.068810299 -0.007203624 -0.021809774 0.997365355
1341846340.366064 -0.016351784 0.476367474 0.638137639 0.067301922 -0.010554676 -0.023021236 0.997411191
1341846340.397995 -0.010786792 0.478100449 0.645320356 0.069957703 -0.010319170 -0.023882579 0.997210622
1341846340.433895 -0.016156485 0.474006921 0.642282844 0.069368809 -0.009748925 -0.021637117 0.997308791
1341846340.465959 -0.017330138 0.470688015 0.640844107 0.069114625 -0.011984942 -0.020411281 0.997327864
1341846340.501858 -0.009974127 0.473674148 0.646711826 0.070705563 -0.016099142 -0.021383772 0.997138143
1341846340.534329 -0.012152676 0.471645832 0.641144335 0.070406191 -0.016295847 -0.021385511 0.997156024
1341846340.566041 -0.002307754 0.475988716 0.649990141 0.073483765 -0.018509556 -0.021556741 0.996891677
1341846340.601909 0.005751391 0.479441613 0.655192018 0.077143788 -0.020026993 -0.022067927 0.996574521
1341846340.634005 0.002802687 0.474969208 0.640923321 0.075869165 -0.019660059 -0.022303317 0.996674478
1341846340.666028 0.005184552 0.476889104 0.641591787 0.076515406 -0.019135116 -0.025179580 0.996566713
1341846340.701946 0.014217066 0.478660762 0.646846473 0.079312302 -0.018806916 -0.027151085 0.996302545
1341846340.733954 0.017017649 0.480220169 0.643989086 0.080440350 -0.017253390 -0.028785817 0.996194303
1341846340.770081 0.012525964 0.476702094 0.637131333 0.078605704 -0.015811643 -0.030836049 0.996303380
1341846340.801980 0.015337189 0.478470087 0.636589348 0.079362124 -0.014413850 -0.036084905 0.996088266
1341846340.833999 0.020766202 0.480980098 0.635562897 0.079317667 -0.012469917 -0.039459966 0.995990038
1341846340.870013 0.024412790 0.480350256 0.639491379 0.078230821 -0.013292816 -0.041040789 0.996001482
1341846340.901955 0.028951727 0.476649672 0.639824152 0.078682385 -0.014460673 -0.040539183 0.995970190
1341846340.933918 0.027773445 0.473719478 0.633649766 0.079612590 -0.015159094 -0.037193619 0.996016443
1341846340.970122 0.021255683 0.471023351 0.623827636 0.079276338 -0.017663745 -0.031506356 0.996198118
1341846341.001922 0.029065678 0.465991080 0.622158229 0.079132251 -0.023724446 -0.025393251 0.996258199
1341846341.037923 0.030770034 0.467179209 0.622839272 0.080177993 -0.025979228 -0.023817927 0.996157289
1341846341.070300 0.027981307 0.467438579 0.622311175 0.081149265 -0.026088780 -0.024178620 0.996067107
1341846341.102028 0.022780463 0.466831654 0.610604286 0.080403119 -0.026890267 -0.024041981 0.996109545
1341846341.137982 0.026724614 0.468055159 0.613125265 0.080874324 -0.029292239 -0.024114026 0.996002018
1341846341.170048 0.028106401 0.467091501 0.614472568 0.081405610 -0.029973101 -0.022847982 0.995968223
1341846341.202110 0.023422141 0.469034433 0.611527979 0.083521679 -0.029493498 -0.021158850 0.995844662
1341846341.237996 0.027225621 0.465966552 0.608861864 0.084355094 -0.030170247 -0.020050962 0.995777130
1341846341.269883 0.023593355 0.465737522 0.604022145 0.085000001 -0.029114638 -0.020378891 0.995747030
1341846341.306107 0.026089614 0.462403864 0.599529862 0.084918186 -0.030223878 -0.020731697 0.995713651
1341846341.338109 0.026556499 0.459370524 0.599981129 0.085248284 -0.029603530 -0.022304490 0.995670080
1341846341.370120 0.030665101 0.462463379 0.601329923 0.087046497 -0.028897148 -0.025194786 0.995466292
1341846341.406074 0.024817644 0.464374512 0.591873109 0.086981587 -0.027757484 -0.025687350 0.995491803
1341846341.438113 0.028018504 0.457605809 0.592922091 0.087499380 -0.030566337 -0.025143353 0.995378017
1341846341.470024 0.028473135 0.462610185 0.593624294 0.091488399 -0.030379191 -0.027258117 0.994969368
1341846341.506077 0.022175629 0.461558282 0.591555119 0.090163879 -0.028608786 -0.027789332 0.995128095
1341846341.538156 0.019124169 0.455222517 0.588393927 0.088047981 -0.030419018 -0.026897186 0.995288312
1341846341.574016 0.019123362 0.463919520 0.589693427 0.090982258 -0.032309480 -0.027093500 0.994959474
1341846341.612466 0.024655059 0.466685891 0.585942864 0.091352522 -0.033991933 -0.026658056 0.994881213
1341846341.643972 0.025772475 0.468938559 0.584051430 0.090686619 -0.035572436 -0.028136952 0.994846165
1341846341.679982 0.024115859 0.466942638 0.582502007 0.090183735 -0.036976635 -0.027675221 0.994853616
1341846341.712332 0.028793545 0.465716094 0.581592917 0.090270668 -0.040425140 -0.025255674 0.994775951
1341846341.744185 0.028897159 0.470834374 0.582250595 0.092015475 -0.042517286 -0.023846565 0.994563639
1341846341.780061 0.028134007 0.468633085 0.580177248 0.091536820 -0.043010537 -0.022104451 0.994626880
1341846341.842595 0.030258343 0.462305665 0.570887506 0.093014151 -0.044190083 -0.017514061 0.994529486
1341846341.906227 0.039988648 0.448592246 0.563874722 0.093736127 -0.047109123 -0.011802701 0.994411886
1341846341.942069 0.037288658 0.454710424 0.554957271 0.097943351 -0.046529569 -0.009775372 0.994055629
1341846341.974775 0.041361574 0.452031583 0.550826252 0.100402713 -0.047454953 -0.007758795 0.993784308
1341846342.010161 0.045618884 0.448486239 0.550270259 0.100035995 -0.050058641 -0.005691117 0.993707538
1341846342.042024 0.054577630 0.445795536 0.549508750 0.102051049 -0.051737312 -0.006372949 0.993412495
1341846342.080032 0.059043109 0.443865359 0.543508053 0.103320271 -0.049776722 -0.006377027 0.993381381
1341846342.112265 0.060389061 0.435444534 0.540216684 0.102144435 -0.050004039 -0.003568880 0.993505657
1341846342.147954 0.071070097 0.433960825 0.537672281 0.104494050 -0.053198818 -0.001399577 0.993100703
1341846342.179852 0.079108879 0.436032563 0.534835398 0.107233264 -0.053942773 -0.000606340 0.992769301
1341846342.211848 0.082577899 0.436045974 0.535235703 0.107642971 -0.053944521 -0.000730271 0.992724836
1341846342.247920 0.084561929 0.436180472 0.534808993 0.109347254 -0.053860612 -0.001634359 0.992542028
1341846342.279870 0.085868411 0.435732961 0.532752693 0.110582814 -0.053571042 -0.000616339 0.992421985
1341846342.316068 0.088768259 0.436556309 0.531638145 0.111974254 -0.054113306 0.000524721 0.992236555
1341846342.347894 0.086688861 0.437205672 0.531897128 0.112290658 -0.053749803 -0.000315007 0.992220581
1341846342.379953 0.085899867 0.435137272 0.533128500 0.112196304 -0.052808512 0.000447358 0.992281795
1341846342.416195 0.086681828 0.433882266 0.533917189 0.112480439 -0.053072851 0.001962726 0.992233634
