1341846313.592026 0.000000000 0.000000000 0.000000000 -0.000000000 -0.000000000 -0.000000000 1.000000000
1341846313.654184 0.004991679 0.001022742 -0.006965471 -0.000372869 -0.002526092 0.004828542 0.999985099
1341846313.686156 0.012642711 0.005604675 -0.004917691 0.001497794 -0.004975157 0.004670735 0.999975622
1341846313.721918 0.013296299 0.007944129 -0.007458457 0.001688056 -0.005039038 0.005149553 0.999972701
1341846313.753994 0.020312054 0.007809864 -0.000878502 0.001120541 -0.005945445 0.006288813 0.999961913
1341846313.789969 0.020976970 0.010703676 -0.000023565 0.002725364 -0.005689960 0.004864221 0.999968290
1341846313.822075 0.012117786 0.015921190 -0.004061397 0.003411375 -0.001972055 0.001999609 0.999990284
1341846313.853928 0.004793838 0.018574663 -0.002239769 0.003369313 0.002645569 0.001079606 0.999990284
1341846313.890011 -0.011486038 0.012959404 -0.003736554 0.001755672 0.008455096 0.001933191 0.999960899
1341846313.922055 -0.028578740 0.014670725 -0.005768552 -0.000235442 0.012906400 0.002485622 0.999913633
1341846313.957927 -0.060645618 0.017268267 -0.015114323 -0.001789151 0.024618091 0.003253437 0.999690056
1341846313.990058 -0.071501508 0.016930044 -0.009342796 -0.002904363 0.032604858 0.003672396 0.999457419
1341846314.022042 -0.098852396 0.013928331 -0.013003207 -0.006761043 0.040008131 0.006375978 0.999156177
1341846314.057816 -0.113203779 0.023816047 -0.003790052 -0.007803598 0.046357166 0.006700085 0.998871982
1341846314.089801 -0.136945099 0.026211929 0.000148868 -0.005879153 0.057039849 0.006205984 0.998335361
1341846314.122037 -0.154771879 0.018706322 -0.002152160 -0.009259937 0.064288698 0.008611270 0.997851312
1341846314.157989 -0.166119546 0.026781073 0.006498497 -0.009546369 0.070863754 0.009566836 0.997394443
1341846314.190094 -0.180450544 0.029443618 0.003948189 -0.009006769 0.077844769 0.010100180 0.996873617
1341846314.225969 -0.192850783 0.027525971 0.000822887 -0.011675874 0.082810730 0.013655403 0.996403337
1341846314.257923 -0.190724730 0.034254063 0.009779850 -0.011938178 0.085343391 0.013715619 0.996185720
1341846314.290052 -0.205841377 0.044089999 0.006226010 -0.008926270 0.089768052 0.011311989 0.995858431
1341846314.325981 -0.217691571 0.053924866 0.004172381 -0.008559164 0.093891785 0.008878448 0.995506048
1341846314.357905 -0.215677410 0.062775411 0.012651921 -0.007358106 0.098066404 0.007233487 0.995126426
1341846314.389899 -0.217128918 0.066498548 0.013123649 -0.005019485 0.101519071 0.005891265 0.994803548
1341846314.427905 -0.221717864 0.067229442 0.012627442 -0.005974045 0.105247311 0.004428311 0.994418263
1341846314.493987 -0.296794146 0.070824742 0.013430661 -0.003728705 0.129584849 -0.001055569 0.991560757
1341846314.526085 -0.311235994 0.075694241 0.004421139 -0.003122853 0.134620011 -0.003102538 0.990887582
1341846314.558292 -0.301464766 0.081600949 0.008812523 -0.003492006 0.137209088 -0.003823049 0.990528643
1341846314.594085 -0.296555191 0.076165929 0.015004435 -0.002514478 0.142745078 -0.002793630 0.989752412
1341846314.626096 -0.352594882 0.079925179 0.012381948 -0.002054881 0.155973434 -0.003876727 0.987751544
1341846314.658455 -0.364733756 0.084929883 0.003513383 -0.003003265 0.159976944 -0.004395934 0.987106383
1341846314.694004 -0.344737500 0.084391214 0.017172510 -0.002416681 0.163202912 -0.006436738 0.986568570
1341846314.725910 -0.341660529 0.096781962 0.017531604 0.005121323 0.164828598 -0.004756367 0.986297488
1341846314.761942 -0.348536909 0.097323954 0.008624705 0.009137007 0.166163176 -0.000172619 0.986055970
1341846314.794030 -0.347018749 0.105749577 0.012307818 0.013698600 0.169903189 -0.000155137 0.985365629
1341846314.826092 -0.373699576 0.114809781 0.002004615 0.016853247 0.179543659 -0.000271975 0.983605623
1341846314.862145 -0.385201693 0.119326934 -0.007655321 0.017869493 0.185200602 0.001165727 0.982537627
1341846314.894072 -0.409424126 0.117828883 -0.015664985 0.017668603 0.194197431 0.003516581 0.980797112
1341846314.925969 -0.471441001 0.124025568 0.006849646 0.018821934 0.208244383 0.009084431 0.977853537
1341846314.961937 -0.484712124 0.121811055 0.002030563 0.015474953 0.211189270 0.014539921 0.977214575
1341846314.994564 -0.473642409 0.133888826 0.008966541 0.014586454 0.211418644 0.012777937 0.977203310
1341846315.029900 -0.493267208 0.147444502 0.013529124 0.016290938 0.219852701 0.008381123 0.975361049
1341846315.061965 -0.507105887 0.155804992 0.007836930 0.018014884 0.224165812 0.011834828 0.974312663
1341846315.094388 -0.503031433 0.166898862 0.007427582 0.020517487 0.222855523 0.011676910 0.974565685
1341846315.129851 -0.521470666 0.171261489 0.013779769 0.022511613 0.227499530 0.009900127 0.973467588
1341846315.161941 -0.540118456 0.166144237 0.007021999 0.017537277 0.230527192 0.013793787 0.972810090
1341846315.197984 -0.531247914 0.176738620 0.009463059 0.012781473 0.227725789 0.010110442 0.973589003
1341846315.230076 -0.560594976 0.189091563 0.009352479 0.011955192 0.232565701 0.007792103 0.972476006
1341846315.262069 -0.560370743 0.182131380 0.007769559 0.008345707 0.230433241 0.011715707 0.972981870
1341846315.298000 -0.554692805 0.189604834 0.011849838 0.008360637 0.226853669 0.012767246 0.973809302
1341846315.329931 -0.557982862 0.236223310 0.019807341 0.021122683 0.227449656 0.008951396 0.973519564
1341846315.361981 -0.580050170 0.243988439 0.021232734 0.027733790 0.231018782 0.011019151 0.972491562
1341846315.397962 -0.585417211 0.250760168 0.024292862 0.031950396 0.232742086 0.014034189 0.971912205
1341846315.429923 -0.617155969 0.261692941 0.025278162 0.036483411 0.239945069 0.014791191 0.969987929
1341846315.466047 -0.636897504 0.263311327 0.029316582 0.037805475 0.248034582 0.017991534 0.967846036
1341846315.497883 -0.639824748 0.259733200 0.028473236 0.036693636 0.251041025 0.022516118 0.967018664
1341846315.530008 -0.636528671 0.246453598 0.034420595 0.034468647 0.252337605 0.022268524 0.966768742
1341846315.566108 -0.655184090 0.243824899 0.040530059 0.033187430 0.257449836 0.024283405 0.965416312
1341846315.597986 -0.651624382 0.233175769 0.041380879 0.031156920 0.258399308 0.024487430 0.965225101
1341846315.630109 -0.635899305 0.241686538 0.047428887 0.032987945 0.257643163 0.022229079 0.965421021
1341846315.666042 -0.655097246 0.258974403 0.052906729 0.034739949 0.262747556 0.019561201 0.964040637
1341846315.698114 -0.656436980 0.262775391 0.048604593 0.029337112 0.266417116 0.018456107 0.963234484
1341846315.733985 -0.634993076 0.234696582 0.046991054 0.023440015 0.265443027 0.023153735 0.963563442
1341846315.766041 -0.657074094 0.245339960 0.052841075 0.025811348 0.266709715 0.022874922 0.963159680
1341846315.798188 -0.648687243 0.241765827 0.046215251 0.023854667 0.264448464 0.023086650 0.963828325
1341846315.834140 -0.634205401 0.238838851 0.043891557 0.024468452 0.263977915 0.022219434 0.963962317
1341846315.866751 -0.635683537 0.248985425 0.040783033 0.028595548 0.265042335 0.020460786 0.963595450
1341846315.898492 -0.647179902 0.247393221 0.050679907 0.029446457 0.267594039 0.019917849 0.962875724
1341846315.936901 -0.640034378 0.252877414 0.045594119 0.033632401 0.267258048 0.019176623 0.962846994
1341846315.966572 -0.630736053 0.244444445 0.042079609 0.035146896 0.266077727 0.018563526 0.963131726
1341846316.034204 -0.646982789 0.238435864 0.057158284 0.037520390 0.267746627 0.016131070 0.962623417
1341846316.066113 -0.652721584 0.240749568 0.060759690 0.040463176 0.267730176 0.016559424 0.962501526
1341846316.101867 -0.640766442 0.247063130 0.050069299 0.042750876 0.262687445 0.018096184 0.963763595
1341846316.134066 -0.633030653 0.237018421 0.046413526 0.039466560 0.257465839 0.015283216 0.965360165
1341846316.202049 -0.516926408 0.161323398 0.022084480 0.026641734 0.231803358 0.015735395 0.972270489
1341846316.233979 -0.503839910 0.162521079 0.022267135 0.026766656 0.227658838 0.015609085 0.973247886
1341846316.270052 -0.489796489 0.154769972 0.012716822 0.023803115 0.225462303 0.012610266 0.973879516
1341846316.301915 -0.523128986 0.161365226 0.019987270 0.025925132 0.231342345 0.010737782 0.972467661
1341846316.334208 -0.542412758 0.170952380 0.022413881 0.029285673 0.232639372 0.010609623 0.972064197
1341846316.370006 -0.476029217 0.132620513 0.025333755 0.025014935 0.220069662 0.011922531 0.975090504
1341846316.401994 -0.466952354 0.125116616 0.028342718 0.025123224 0.216921955 0.014035021 0.975764751
1341846316.438069 -0.427426457 0.130846947 0.026272573 0.028730080 0.209054992 0.015738606 0.977355063
1341846316.470076 -0.404820740 0.131947145 0.013657947 0.033390239 0.202485681 0.016965536 0.978568792
1341846316.502034 -0.371360183 0.127194062 0.003422819 0.033353075 0.192091033 0.017357292 0.980656624
1341846316.537975 -0.343372732 0.117567569 -0.005010271 0.029062776 0.183781087 0.015887221 0.982409000
1341846316.570121 -0.311252743 0.113250487 -0.000627614 0.028225524 0.177290991 0.012999003 0.983667791
1341846316.601885 -0.295335799 0.117159307 0.003191812 0.031288423 0.173329711 0.011840689 0.984295487
1341846316.638009 -0.257113546 0.109138988 0.003434274 0.032121506 0.164275706 0.013101016 0.985804319
1341846316.669925 -0.226025864 0.108771235 0.000472428 0.034446284 0.157033682 0.011730613 0.986922622
1341846316.705941 -0.217107892 0.112972543 0.006544258 0.039849252 0.155317888 0.012692728 0.986978889
1341846316.738062 -0.203647882 0.117400199 0.005139378 0.042357255 0.150922045 0.013667449 0.987543285
1341846316.770433 -0.183088481 0.108919114 -0.002894765 0.039787985 0.144913584 0.015734900 0.988518775
1341846316.805932 -0.168248057 0.104939997 0.003004390 0.040095102 0.141555339 0.013863166 0.989020944
1341846316.838029 -0.155636728 0.096952006 0.001420903 0.039830703 0.136478409 0.017083477 0.989694595
1341846316.870034 -0.132963911 0.095543154 0.007267887 0.040265843 0.127791792 0.017336611 0.990831733
1341846316.906344 -0.111497268 0.086404532 -0.002339682 0.039359506 0.119584441 0.016804473 0.991901219
1341846316.937940 -0.108334653 0.082546420 -0.001887759 0.038068239 0.116624825 0.013212305 0.992358267
1341846316.973994 -0.107569471 0.089943431 -0.012251751 0.038658451 0.113000304 0.014916125 0.992730618
1341846317.005913 -0.112746067 0.091819376 -0.009927399 0.038025420 0.110714361 0.017002733 0.992978990
1341846317.037936 -0.128905177 0.087822318 0.002481856 0.037844896 0.110056370 0.015856819 0.993078053
1341846317.073972 -0.120038167 0.082435057 -0.004649168 0.038400013 0.105801940 0.017719284 0.993487477
1341846317.106113 -0.128433377 0.077634543 -0.005831465 0.040798243 0.104555629 0.022924986 0.993417382
1341846317.137887 -0.132572040 0.073505260 -0.018386180 0.043439880 0.097015418 0.027313281 0.993959248
1341846317.173970 -0.138080537 0.066236310 -0.019779205 0.042547490 0.090482607 0.028922195 0.994568348
1341846317.205887 -0.136462703 0.081770562 -0.020264233 0.045599643 0.085929222 0.030617895 0.994786143
1341846317.248131 -0.163378701 0.080911934 -0.012440445 0.047122698 0.086542681 0.031035250 0.994649053
1341846317.306289 -0.190206274 0.079610534 -0.020400004 0.048076063 0.082623638 0.035452079 0.994789004
1341846317.348137 -0.198446155 0.078481182 -0.021956574 0.049091309 0.084259577 0.035976235 0.994583428
1341846317.410120 -0.216100499 0.070766009 -0.026682213 0.050131045 0.084230900 0.043063648 0.994252264
1341846317.442569 -0.215899497 0.068529129 -0.011340210 0.052840631 0.085130498 0.045830935 0.993911564
1341846317.474010 -0.239666849 0.060409978 -0.023871303 0.057425633 0.087158799 0.047601566 0.993398070
1341846317.509927 -0.240596786 0.070068181 -0.028980391 0.061479796 0.083268307 0.052431341 0.993246019
1341846317.542282 -0.256264120 0.073187314 -0.028360751 0.061242513 0.082455553 0.053249467 0.993284941
1341846317.573943 -0.261208683 0.065761581 -0.028355846 0.059996460 0.083735622 0.051503360 0.993345976
1341846317.610159 -0.272964001 0.063327238 -0.021914603 0.062431291 0.086773776 0.052075870 0.992905200
1341846317.643553 -0.270883232 0.071153760 -0.022667464 0.065946981 0.083937183 0.055547249 0.992733657
1341846317.677993 -0.294157922 0.065513551 -0.016954146 0.066275239 0.083342485 0.057758927 0.992635667
1341846317.709996 -0.297179431 0.065951928 -0.016316673 0.069067836 0.080266505 0.057656009 0.992704749
1341846317.741834 -0.289235026 0.078234352 -0.016417678 0.070922188 0.076660529 0.058357306 0.992818117
1341846317.777923 -0.298615307 0.077471897 -0.014908191 0.069046326 0.076374501 0.059730988 0.992890596
1341846317.810021 -0.290411890 0.073537752 -0.008382036 0.068282887 0.072508253 0.059879132 0.993224323
1341846317.841886 -0.304130733 0.079871513 -0.020143855 0.068468958 0.071961410 0.059444077 0.993277371
1341846317.878017 -0.288661867 0.084638678 -0.019567542 0.066698171 0.068845570 0.057403248 0.993738651
1341846317.909910 -0.290999502 0.081289865 -0.011584759 0.065621369 0.069464669 0.053577706 0.993980825
1341846317.946031 -0.264570236 0.082296766 -0.003579596 0.067008868 0.064102270 0.055030398 0.994169235
1341846317.978041 -0.218470141 0.075612605 -0.006302729 0.067360349 0.053465772 0.054204792 0.994819522
1341846318.009897 -0.208124459 0.075915873 -0.006231334 0.069526389 0.051510528 0.052238200 0.994878829
1341846318.045949 -0.201894850 0.052411120 -0.009762482 0.064775847 0.050253071 0.052305754 0.995260179
1341846318.078074 -0.162802339 0.052040782 -0.007523400 0.063608862 0.040822610 0.049588338 0.995905876
1341846318.109894 -0.103320338 0.040506747 -0.006716283 0.060500592 0.024782445 0.046725973 0.996765912
1341846318.145957 -0.084930614 0.036790699 -0.003615807 0.058965884 0.018701153 0.042402200 0.997183681
1341846318.178001 -0.083321221 0.039948504 -0.001059405 0.058990438 0.017794022 0.039769191 0.997307360
1341846318.214074 -0.062115282 0.039293095 0.002139359 0.059683777 0.010987639 0.038788393 0.997402966
1341846318.245970 -0.056912292 0.048199512 0.009549353 0.064741150 0.002845769 0.042585772 0.996988952
1341846318.278018 -0.044375919 0.056254197 0.008431685 0.070076339 -0.005288234 0.042832535 0.996607602
1341846318.313937 -0.012846053 0.055576615 0.011196192 0.071089000 -0.019224208 0.041998770 0.996400058
1341846318.345989 -0.010493874 0.072456263 0.008846552 0.076205917 -0.029422330 0.043919563 0.995689750
1341846318.382046 -0.001349814 0.077141881 0.012554706 0.079196960 -0.038863599 0.044455484 0.995108664
1341846318.414072 0.006581563 0.077208050 0.005464285 0.080079146 -0.048841231 0.045006983 0.994573414
1341846318.446035 0.029492501 0.074158564 0.013167319 0.082026109 -0.060168009 0.044578008 0.993813038
1341846318.482196 0.037357859 0.072803728 0.009523806 0.082390860 -0.064523339 0.044738445 0.993502438
1341846318.514144 0.046233062 0.084725618 0.005290753 0.084926881 -0.068948150 0.046256043 0.992921948
1341846318.546259 0.044107787 0.076119296 0.008275254 0.085488349 -0.070714056 0.044250045 0.992841005
1341846318.582042 0.050754137 0.077758268 0.004775023 0.086490713 -0.072616749 0.047895428 0.992447615
1341846318.614115 0.047439653 0.059096530 0.010974322 0.083110660 -0.074017763 0.045044955 0.992766380
1341846318.650038 0.053557377 0.066314936 -0.013582034 0.083286434 -0.077406622 0.043369755 0.992567778
1341846318.682350 0.038305141 0.065360442 -0.009477889 0.083856292 -0.076010853 0.044153363 0.992593050
1341846318.714063 0.033798061 0.053361882 -0.025796691 0.080767468 -0.078067042 0.042974047 0.992741346
1341846318.749905 0.022148008 0.057274636 -0.018976888 0.083604231 -0.076810934 0.046912417 0.992426157
1341846318.782036 0.001501545 0.064022809 -0.027688313 0.085956834 -0.076649040 0.045037661 0.992324591
1341846318.814121 0.003032758 0.054174773 -0.030587139 0.084633611 -0.083637282 0.045621399 0.991847098
1341846318.850072 -0.015121627 0.051571064 -0.030878695 0.085343719 -0.087580077 0.042791180 0.991572082
1341846318.883516 -0.033895180 0.060345542 -0.040374551 0.090271413 -0.094458006 0.040866934 0.990585029
1341846318.918047 -0.039903726 0.066230923 -0.047564965 0.093733892 -0.106780574 0.040165585 0.989039242
1341846318.950044 -0.045812976 0.064430229 -0.050445061 0.095827118 -0.115746945 0.036598973 0.987967789
1341846318.982028 -0.050745964 0.061855569 -0.053649910 0.096748360 -0.119470924 0.034588512 0.987507105
1341846319.018123 -0.047194075 0.067438841 -0.047455437 0.097593009 -0.128088653 0.035673186 0.986304402
1341846319.050745 -0.052206203 0.058248874 -0.038806140 0.097849384 -0.133826986 0.032618366 0.985622585
1341846319.081905 -0.075172201 0.061294772 -0.042963877 0.103995837 -0.129777625 0.030700365 0.985596299
1341846319.117976 -0.097352438 0.063537844 -0.051474303 0.106042184 -0.128265530 0.037257843 0.985350132
1341846319.150093 -0.115336843 0.062253855 -0.048505992 0.107616238 -0.131463468 0.042383678 0.984550536
1341846319.186069 -0.142689854 0.061133675 -0.052097388 0.107985072 -0.127613768 0.039147958 0.985150456
1341846319.218149 -0.172298595 0.064917549 -0.061255567 0.104619190 -0.119567320 0.036871653 0.986609876
1341846319.250034 -0.211945802 0.059268601 -0.060458519 0.098392166 -0.109674312 0.038049567 0.988353550
1341846319.286594 -0.248726293 0.057066187 -0.054769356 0.096956268 -0.102167666 0.042678799 0.989110649
1341846319.318034 -0.289338529 0.052445680 -0.056050293 0.097366601 -0.096708238 0.046582755 0.989442945
1341846319.350268 -0.318932712 0.046757434 -0.058399856 0.097394474 -0.093182035 0.053867318 0.989408791
1341846319.386163 -0.341188103 0.043355614 -0.066647947 0.098631777 -0.095038727 0.062396299 0.988608181
1341846319.418386 -0.370360464 0.045342516 -0.087947413 0.100117497 -0.096027464 0.062374301 0.988364697
1341846319.453961 -0.410971582 0.047668815 -0.097094655 0.101671055 -0.091828175 0.056225907 0.988973856
1341846319.486271 -0.441735029 0.049486596 -0.099709250 0.101114109 -0.089193448 0.056369144 0.989263833
1341846319.554083 -0.437455148 0.043612845 -0.091673844 0.094961934 -0.097995043 0.058408983 0.988922477
1341846319.586296 -0.463535875 0.039411135 -0.102336653 0.094822973 -0.094373398 0.054914959 0.989488065
1341846319.622031 -0.480677813 0.034413755 -0.113134332 0.092413746 -0.096229367 0.055114895 0.989526153
1341846319.653962 -0.489462912 0.032856334 -0.090572625 0.092327833 -0.100941516 0.053628422 0.989146292
1341846319.686352 -0.493163466 0.028502032 -0.092831247 0.093346499 -0.105309837 0.057027001 0.988404870
1341846319.721992 -0.496540278 0.032740057 -0.104147695 0.094192520 -0.109508261 0.058816295 0.987763345
1341846319.754063 -0.493979007 0.054243490 -0.112826332 0.093716256 -0.112903967 0.060535662 0.987322390
1341846319.786397 -0.506754875 0.044420660 -0.115457460 0.087806329 -0.111951709 0.063489869 0.987788379
1341846319.822008 -0.525467694 0.054271277 -0.105084665 0.086331569 -0.110684179 0.067477159 0.987796962
1341846319.853917 -0.530276418 0.060774844 -0.102775544 0.082474895 -0.111675210 0.070720270 0.987788022
1341846319.889942 -0.541929424 0.041016232 -0.090755291 0.077287048 -0.110519283 0.076711886 0.987890422
1341846319.922039 -0.565026343 0.034584343 -0.082216255 0.077186801 -0.111567512 0.078230262 0.987661362
1341846319.953946 -0.554235816 0.030889567 -0.073078513 0.077887237 -0.119399972 0.074666604 0.986966133
1341846319.990054 -0.536736190 0.034199759 -0.076892175 0.080499828 -0.125347391 0.067971401 0.986502826
1341846320.028122 -0.560747564 0.033090167 -0.073262379 0.083012477 -0.125583127 0.066102371 0.986391544
1341846320.090047 -0.514292181 0.042403065 -0.081519835 0.088221416 -0.138928324 0.066385917 0.984128475
1341846320.122011 -0.517470539 0.042476390 -0.100236572 0.088054828 -0.135476172 0.066052988 0.984646976
1341846320.157952 -0.503444254 0.038658239 -0.098943233 0.087710299 -0.134145856 0.066045970 0.984860301
1341846320.190003 -0.471125424 0.019510094 -0.092774786 0.087534837 -0.134141773 0.063085698 0.985070527
1341846320.221941 -0.457923055 0.029719749 -0.094809070 0.092766017 -0.132063478 0.063533649 0.984843731
1341846320.258015 -0.457882404 0.020938281 -0.090209506 0.095798612 -0.130297810 0.065383136 0.984667540
1341846320.289887 -0.392337799 0.013119524 -0.088191725 0.099474989 -0.140382975 0.068103857 0.982730508
1341846320.321954 -0.338165313 0.013990371 -0.095077224 0.107347161 -0.148052037 0.068814307 0.980725110
1341846320.357890 -0.337163746 0.025498318 -0.088154696 0.114325553 -0.146095440 0.065266199 0.980472386
1341846320.390064 -0.304364383 0.030791912 -0.088726215 0.116204247 -0.145506635 0.064441182 0.980393708
1341846320.426544 -0.223419964 0.027350470 -0.068321042 0.117821738 -0.148995429 0.061731063 0.979850888
1341846320.458122 -0.162790954 0.041822817 -0.044029914 0.121261694 -0.148361981 0.057235822 0.979800165
1341846320.490186 -0.092612214 0.043731507 -0.024656663 0.124180481 -0.149686739 0.055526961 0.979331374
1341846320.525911 -0.045129947 0.044470321 -0.032541052 0.127075747 -0.146504536 0.053034633 0.979579270
1341846320.558091 -0.026975954 0.054318007 -0.033953484 0.129659846 -0.143267334 0.047933720 0.979982257
1341846320.594093 -0.047554970 0.043287404 -0.026252635 0.130130634 -0.135926858 0.044454485 0.981128812
1341846320.631955 -0.068314590 0.032688797 -0.016444612 0.132678375 -0.125627339 0.044043761 0.982178390
1341846320.664916 -0.061175011 0.048392419 -0.024973720 0.134423971 -0.122305885 0.042296551 0.982437015
1341846320.699927 -0.015101353 0.050458394 -0.008345887 0.134968147 -0.124620795 0.038527325 0.982226491
1341846320.731822 0.031242888 0.055782758 0.007549603 0.137714297 -0.123295926 0.036937185 0.982073605
1341846320.763877 0.076579973 0.064397171 -0.003748125 0.134773538 -0.128333390 0.040354192 0.981701672
1341846320.799999 0.100339442 0.055877786 0.004683486 0.128037900 -0.131558970 0.032803513 0.982457399
1341846320.831871 0.125144258 0.051484432 0.003848134 0.129083470 -0.121684134 0.024868174 0.983825207
1341846320.863887 0.131809279 0.079131648 0.011276743 0.132123843 -0.113508224 0.025897823 0.984372139
1341846320.900014 0.159009323 0.071952038 0.041122645 0.125330463 -0.121385224 0.028510230 0.984248459
1341846320.931889 0.199294224 0.061907895 0.064179204 0.125800997 -0.125881925 0.025533488 0.983705223
1341846320.967866 0.222854540 0.104313292 0.058081876 0.129925743 -0.124052353 0.024816228 0.983419836
1341846321.000017 0.254882038 0.096480928 0.076169580 0.123313479 -0.128370851 0.024026254 0.983736455
1341846321.031860 0.277415633 0.093172245 0.096264787 0.122128718 -0.129561409 0.019091170 0.983836353
1341846321.068047 0.308160931 0.109702677 0.117549337 0.124994062 -0.130373731 0.018569777 0.983379066
1341846321.099840 0.355910301 0.110154748 0.121253483 0.122524492 -0.136103839 0.019031761 0.982904553
1341846321.131821 0.405282319 0.090199158 0.136351928 0.120318003 -0.140312657 0.018293263 0.982599258
1341846321.167887 0.419915229 0.095470317 0.142292976 0.123391174 -0.138376310 0.019731971 0.982464910
1341846321.200042 0.455196142 0.101760656 0.162418753 0.124440879 -0.140997499 0.021155380 0.981930077
1341846321.231950 0.459742695 0.096241683 0.156052276 0.123831660 -0.139454544 0.018042572 0.982289493
1341846321.267939 0.486879885 0.102211230 0.157287866 0.125214338 -0.139641151 0.011320109 0.982188165
1341846321.299948 0.489881128 0.106074259 0.174911678 0.125843599 -0.134624794 0.006396946 0.982852340
1341846321.331858 0.463415533 0.112430975 0.180428967 0.128290609 -0.127302289 0.000576749 0.983532071
1341846321.367913 0.490999162 0.100644112 0.200622305 0.129506692 -0.127474099 -0.005045481 0.983337641
1341846321.399897 0.500360727 0.116539121 0.212365761 0.133922964 -0.123438552 -0.005820843 0.983256698
1341846321.435994 0.502509058 0.116356552 0.223966688 0.136132821 -0.120158426 -0.006499732 0.983355284
1341846321.467946 0.511946857 0.124678887 0.233447596 0.139395133 -0.118159309 -0.006164934 0.983142614
1341846321.499882 0.543374658 0.122772083 0.241074264 0.140569523 -0.118978761 -0.005544169 0.982880235
1341846321.536109 0.585693598 0.125367403 0.227460101 0.140275866 -0.117712498 -0.008981601 0.983049214
1341846321.568960 0.551226616 0.154361069 0.247735649 0.142084613 -0.106407285 -0.012254834 0.984042346
1341846321.603938 0.575761139 0.142963305 0.248952031 0.137746856 -0.106991641 -0.013149194 0.984584033
1341846321.637163 0.629274189 0.123474054 0.234600395 0.131688103 -0.106443055 -0.014290898 0.985456169
1341846321.668306 0.584587336 0.149615586 0.257956266 0.131603450 -0.092083663 -0.011419073 0.986950219
1341846321.704411 0.571207047 0.150424302 0.260716885 0.128475383 -0.090708144 -0.004427884 0.987545729
1341846321.736861 0.595982969 0.150581509 0.269608825 0.126479432 -0.096265525 0.003451816 0.987281144
1341846321.771881 0.628942370 0.164803684 0.272596687 0.124259487 -0.099908121 0.008254291 0.987172663
1341846321.804114 0.620414972 0.164130300 0.271246612 0.119575784 -0.095400713 0.009120059 0.988188863
1341846321.836152 0.629196763 0.174431622 0.271059066 0.118027166 -0.093945242 0.008402076 0.988520741
1341846321.871882 0.642872334 0.176257268 0.278598338 0.113010511 -0.094720185 0.004119736 0.989060044
1341846321.904074 0.641711891 0.180803269 0.281149894 0.108423971 -0.092272557 0.000751402 0.989812851
1341846321.939847 0.653531075 0.174973324 0.288555741 0.104489654 -0.090662040 -0.002021792 0.990382850
1341846322.004094 0.627230227 0.175502941 0.290436208 0.098385759 -0.088955149 -0.003221154 0.991159379
1341846322.066178 0.661061168 0.151930779 0.289364517 0.090987444 -0.087260596 -0.006878788 0.991997778
1341846322.107979 0.652899325 0.132086143 0.292325914 0.087243088 -0.084624663 -0.008414426 0.992550552
1341846322.166164 0.656690121 0.090066418 0.283097386 0.086170584 -0.085505590 -0.008324044 0.992569506
1341846322.202932 0.662659109 0.086003505 0.285353243 0.087480702 -0.088673785 -0.008115354 0.992178559
1341846322.234093 0.668037295 0.081997260 0.281481385 0.086357504 -0.090488888 -0.010054112 0.992095292
1341846322.265941 0.664578676 0.068607271 0.282689899 0.082737491 -0.093221903 -0.009826510 0.992153049
1341846322.301996 0.681738198 0.038612723 0.285516828 0.077589162 -0.097049393 -0.008898387 0.992210746
1341846322.333949 0.663311839 0.012736132 0.271285862 0.073831014 -0.096295767 -0.010509259 0.992555141
1341846322.369871 0.676984489 -0.012180607 0.275026947 0.072409786 -0.103174381 -0.012561023 0.991944611
1341846322.402292 0.698561668 -0.038541701 0.275919855 0.072594739 -0.103824295 -0.018960861 0.991761565
1341846322.433955 0.682627082 -0.080273189 0.267172396 0.073049910 -0.101049423 -0.019617783 0.992001951
1341846322.470030 0.671129227 -0.070770442 0.270246834 0.083053909 -0.104173303 -0.015017278 0.990971446
1341846322.502433 0.690622211 -0.098090857 0.268419385 0.086288981 -0.109514855 -0.011765681 0.990162730
1341846322.534002 0.688584805 -0.134742483 0.268910199 0.090000451 -0.109335192 -0.009443805 0.989877045
1341846322.570196 0.689079165 -0.153948620 0.268725485 0.097272530 -0.110065065 -0.004723859 0.989141762
1341846322.601920 0.689944804 -0.143337220 0.259356499 0.104951710 -0.113739841 0.000726853 0.987951338
1341846322.638119 0.711119175 -0.198000595 0.254611701 0.103087112 -0.119240016 0.001386555 0.987498343
1341846322.669947 0.707502842 -0.219564334 0.254672259 0.105163440 -0.115024038 -0.000711383 0.987780154
1341846322.702026 0.692220926 -0.214349046 0.258189619 0.110306390 -0.112027019 0.002061483 0.987561762
1341846322.738006 0.687758684 -0.238504931 0.260115772 0.107476525 -0.114112951 0.004043034 0.987628818
1341846322.770087 0.693607688 -0.291754693 0.255820453 0.101455323 -0.113849491 0.002378362 0.988301337
1341846322.806047 0.680900455 -0.304480016 0.253573895 0.104116522 -0.112519905 0.004979696 0.988167107
1341846322.838063 0.670704246 -0.302459925 0.254574597 0.106711231 -0.115745626 0.006207792 0.987510562
1341846322.870081 0.688714504 -0.342164159 0.258547574 0.103623323 -0.123303540 0.007118877 0.986918330
1341846322.906018 0.704418540 -0.308614999 0.271217376 0.115055963 -0.126464605 0.008259844 0.985241413
1341846322.938349 0.690973997 -0.298938841 0.272358358 0.115691356 -0.123633154 0.010691196 0.985502958
1341846322.970069 0.697852910 -0.298201829 0.276004851 0.111664601 -0.124819286 0.012832966 0.985792339
1341846323.011820 0.698973358 -0.309534371 0.282078743 0.109427229 -0.124676801 0.011904490 0.986072898
1341846323.073951 0.690111518 -0.305142194 0.281243026 0.107200116 -0.123515643 0.015828265 0.986408412
1341846323.105962 0.686331570 -0.353251308 0.278655350 0.098772384 -0.122707836 0.014613331 0.987407386
1341846323.138158 0.705360770 -0.372398645 0.279744893 0.097280428 -0.125506014 0.010550865 0.987255514
1341846323.174092 0.695068598 -0.368802249 0.280343026 0.096308686 -0.125003859 0.008769345 0.987431943
1341846323.206059 0.704729319 -0.373967856 0.278593391 0.093800135 -0.125672936 0.006619247 0.987605214
1341846323.238053 0.719099343 -0.384434640 0.284301102 0.090254404 -0.124718256 0.005428518 0.988063812
1341846323.273997 0.688781381 -0.384666353 0.277227819 0.085978501 -0.121150874 0.006312921 0.988883376
1341846323.305946 0.716066122 -0.396179736 0.290091574 0.080116011 -0.129073948 0.007017882 0.988368392
1341846323.342027 0.739991367 -0.417959303 0.294389755 0.077220537 -0.129029825 0.005108282 0.988616288
1341846323.374048 0.695305586 -0.417501688 0.283494473 0.078719787 -0.120171264 0.007065486 0.989602029
1341846323.405987 0.707168102 -0.411616653 0.282835871 0.080437809 -0.127560765 0.012714916 0.988481820
1341846323.441956 0.697933316 -0.421368927 0.287032753 0.081463307 -0.128895223 0.012856232 0.988222897
1341846323.473878 0.710881054 -0.482599974 0.294381469 0.077297322 -0.129792154 0.009773631 0.988475442
1341846323.506129 0.715150237 -0.486166000 0.292854875 0.078540422 -0.130888879 0.009217061 0.988238096
1341846323.541972 0.734648943 -0.469658285 0.296705902 0.080080293 -0.133183211 0.007087259 0.987825453
1341846323.573913 0.788493097 -0.516376317 0.315185696 0.074588709 -0.136117622 0.002704735 0.987877131
1341846323.609927 0.744851053 -0.480281085 0.302480012 0.081874281 -0.123835817 0.001154146 0.988918602
1341846323.642014 0.733115256 -0.456830680 0.298558563 0.086044617 -0.121636808 0.001543448 0.988836944
1341846323.674081 0.746464968 -0.472093642 0.303470999 0.084407918 -0.125917912 0.005432304 0.988428295
1341846323.710069 0.742751837 -0.591904819 0.311401665 0.067062236 -0.126985118 0.007776335 0.989604473
1341846323.742111 0.735049963 -0.584976435 0.309993327 0.075027198 -0.128260836 0.006709676 0.988875687
1341846323.774928 0.724676847 -0.565814614 0.298067480 0.082107976 -0.128274024 0.004371556 0.988324404
1341846323.810012 0.748469055 -0.505039752 0.295234859 0.095247336 -0.132416040 0.002309645 0.986604631
1341846323.842207 0.739787579 -0.508201420 0.289976895 0.097853698 -0.130873248 -0.003367161 0.986552358
1341846323.878019 0.708767533 -0.511808336 0.283890337 0.099962458 -0.127735958 -0.009737051 0.986709893
1341846323.909826 0.738246620 -0.629484296 0.305607885 0.084724002 -0.134754211 -0.011297490 0.987185657
1341846323.942459 0.754848123 -0.664903283 0.311147124 0.080405749 -0.137438506 -0.007357491 0.987213969
1341846323.978055 0.779373705 -0.641916156 0.316379189 0.087291025 -0.144590989 -0.001533055 0.985632479
1341846324.015934 0.761457384 -0.664240718 0.303158432 0.088728048 -0.142758429 -0.004799722 0.985760808
1341846324.047722 0.771970570 -0.646048129 0.301301718 0.093734302 -0.142428130 -0.003671363 0.985350013
1341846324.083904 0.755546331 -0.641513884 0.296920240 0.094447821 -0.138759539 -0.007697198 0.985782027
1341846324.115968 0.742526948 -0.654771566 0.292434007 0.090396680 -0.134980753 -0.012165157 0.986641169
1341846324.151967 0.746167541 -0.663335323 0.279483914 0.088821828 -0.132397428 -0.017565930 0.987052739
1341846324.183941 0.758417964 -0.624747336 0.294938952 0.090967529 -0.130834609 -0.020073665 0.987017870
1341846324.219984 0.745597720 -0.624585211 0.297561824 0.085780688 -0.127672285 -0.020244503 0.987892568
1341846324.251968 0.746458113 -0.619207561 0.300533950 0.085869700 -0.128243774 -0.020285532 0.987809956
1341846324.284052 0.737036467 -0.613083661 0.298486024 0.086058922 -0.127959043 -0.022149500 0.987790346
1341846324.319880 0.736347735 -0.615657985 0.265581876 0.082721815 -0.129833817 -0.023867005 0.987790823
1341846324.351917 0.747352302 -0.559536219 0.294316709 0.085727826 -0.135433301 -0.021690769 0.986832321
1341846324.388001 0.756365120 -0.517430127 0.292856127 0.087706797 -0.135066152 -0.026319645 0.986596167
1341846324.419908 0.731789112 -0.491925478 0.286564440 0.085995242 -0.129634157 -0.031152906 0.987334490
1341846324.452027 0.718248904 -0.482091129 0.289237052 0.082787037 -0.127650008 -0.031758949 0.987847745
1341846324.487928 0.721117735 -0.484090716 0.292364657 0.079483159 -0.129003689 -0.029849295 0.988002837
1341846324.519985 0.715319753 -0.468170494 0.286933810 0.077785581 -0.130659968 -0.023364883 0.988094866
1341846324.556001 0.701228857 -0.430343777 0.279956818 0.079865672 -0.133053482 -0.020210022 0.987679005
1341846324.587888 0.702792525 -0.394160956 0.286843628 0.080499992 -0.136091754 -0.019030303 0.987236917
1341846324.620086 0.714647532 -0.386742771 0.291536987 0.078840815 -0.140758127 -0.022003174 0.986654520
1341846324.655955 0.724233210 -0.383076876 0.297194421 0.076441877 -0.142903194 -0.022245193 0.986529529
1341846324.688082 0.719480515 -0.389588922 0.296483487 0.073861562 -0.142357558 -0.021002941 0.986832142
1341846324.755922 0.672721565 -0.302668333 0.283828408 0.083781339 -0.139102370 -0.019184679 0.986541033
1341846324.814016 0.706315160 -0.229422376 0.276921034 0.085968591 -0.146914095 -0.023215715 0.985132873
1341846324.849979 0.687644064 -0.213886663 0.292899489 0.082705691 -0.142615005 -0.025644248 0.985983372
1341846324.881924 0.691335440 -0.231190920 0.295004368 0.076191761 -0.145747051 -0.025587663 0.986051679
1341846324.913902 0.686602473 -0.203052387 0.295506954 0.077890500 -0.145635933 -0.023530018 0.985986590
1341846324.949999 0.678779423 -0.222865865 0.298031300 0.074251823 -0.144953847 -0.019747017 0.986450791
1341846324.981922 0.672409832 -0.211833954 0.287200183 0.078953333 -0.147050962 -0.014993061 0.985858858
1341846325.018013 0.678647101 -0.162316799 0.292772651 0.089411303 -0.153184488 -0.011765941 0.984074056
1341846325.050079 0.664459825 -0.126387805 0.284191936 0.095471635 -0.155453488 -0.014093183 0.983117878
1341846325.081901 0.675231695 -0.099071071 0.287359953 0.096839339 -0.162037537 -0.016687481 0.981879592
1341846325.118531 0.707617223 -0.071408935 0.297465026 0.095931180 -0.167925045 -0.017705649 0.980961204
1341846325.149933 0.689183056 -0.065065809 0.300029129 0.091358975 -0.162744403 -0.021321252 0.982198179
1341846325.181925 0.673411369 -0.058108225 0.294189364 0.088191926 -0.159417108 -0.019708673 0.983066618
1341846325.218055 0.682761312 -0.043943495 0.302902400 0.086217798 -0.161137581 -0.015412430 0.983037949
1341846325.249811 0.679280221 -0.039312225 0.298105657 0.083457030 -0.160473898 -0.011252411 0.983441114
1341846325.285925 0.684075058 -0.021862779 0.300931364 0.081727944 -0.161776125 -0.008696042 0.983398974
1341846325.317988 0.705499411 -0.020209085 0.313606352 0.080292605 -0.162158176 -0.008111095 0.983459234
1341846325.349844 0.686193168 -0.032812987 0.312108189 0.081409290 -0.154987261 -0.006546597 0.984534740
1341846325.387302 0.683709323 -0.006386139 0.318211555 0.088305712 -0.152097881 -0.002765112 0.984408855
1341846325.417931 0.698898256 0.003346864 0.312349230 0.092077114 -0.148603201 -0.002010658 0.984598875
1341846325.450747 0.714607716 -0.014088854 0.317893356 0.093273684 -0.142859429 0.001684168 0.985336721
1341846325.485954 0.677177548 0.026731998 0.319633991 0.107333183 -0.131536871 0.004471886 0.985473335
1341846325.517875 0.673609078 0.044707015 0.318047553 0.112703264 -0.128660589 0.007861171 0.985232294
1341846325.553859 0.666549325 0.056367405 0.324591547 0.116983168 -0.123936057 0.006750857 0.985347331
1341846325.585855 0.657564580 0.096015856 0.322754860 0.123932190 -0.120045297 0.005282909 0.984988332
1341846325.617990 0.667039990 0.122543409 0.313820422 0.122862913 -0.119597413 0.005426631 0.985176027
1341846325.653982 0.655389607 0.105846390 0.330438882 0.119423099 -0.116321385 0.001480389 0.986004710
1341846325.685819 0.649097383 0.103799559 0.332658499 0.124036491 -0.114134513 0.003050284 0.985687077
1341846325.717857 0.639363289 0.145976499 0.335931450 0.132726699 -0.112457216 0.010480178 0.984696567
1341846325.754083 0.632580876 0.142714828 0.331762195 0.134093210 -0.111579016 0.014852448 0.984555006
1341846325.786087 0.636416018 0.146513507 0.338336855 0.140581161 -0.111839332 0.016469797 0.983594239
1341846325.821856 0.636449993 0.183288082 0.338346422 0.148268536 -0.109963737 0.016708719 0.982672513
1341846325.853827 0.625918150 0.190824285 0.338235885 0.149208382 -0.108866639 0.021494545 0.982559383
1341846325.885958 0.610739172 0.223333642 0.338275671 0.152570188 -0.110019572 0.027752116 0.981757581
1341846325.921984 0.612098694 0.232974127 0.348189414 0.152066424 -0.114253387 0.031525739 0.981238067
1341846325.953899 0.638699353 0.234415814 0.352255404 0.154726267 -0.117174141 0.033248819 0.980420589
1341846325.985823 0.627660096 0.264234722 0.359744728 0.159974426 -0.113372162 0.037418291 0.979874909
1341846326.021991 0.625150383 0.273758590 0.363337368 0.163264856 -0.113619067 0.044392388 0.979012132
1341846326.054055 0.632057309 0.278997868 0.363557398 0.167223185 -0.115590632 0.047773749 0.977953434
1341846326.089984 0.645061493 0.315091878 0.367016673 0.173745334 -0.115237691 0.047638968 0.976864040
1341846326.121822 0.642962754 0.337440372 0.370221883 0.176041871 -0.110949829 0.045690998 0.977042377
1341846326.154079 0.633307576 0.342530191 0.378849506 0.178043649 -0.107834689 0.044758171 0.977071583
1341846326.190178 0.617293179 0.378715038 0.385486990 0.184711009 -0.106398039 0.046968304 0.975887001
1341846326.222162 0.620740592 0.421407819 0.394171119 0.187736079 -0.109526388 0.052830771 0.974663079
1341846326.259181 0.625488758 0.432674408 0.395078331 0.184242636 -0.113495216 0.057245202 0.974626362
1341846326.322766 0.620581567 0.487268835 0.416882992 0.183024019 -0.113004692 0.056178320 0.974974990
1341846326.359773 0.611500800 0.501014411 0.423466116 0.181020707 -0.110062376 0.055179656 0.975742280
1341846326.392109 0.607659161 0.460330844 0.414128393 0.172792345 -0.106578656 0.055431031 0.977604866
1341846326.423985 0.590397060 0.475272864 0.417481065 0.178159237 -0.104182385 0.061588205 0.976530731
1341846326.459869 0.574955225 0.514455199 0.425641567 0.184685707 -0.105121844 0.066009626 0.974927366
1341846326.526163 0.623014271 0.584836483 0.449359447 0.191999853 -0.111451060 0.067686304 0.972693861
1341846326.560211 0.627817810 0.630814910 0.469562382 0.193341792 -0.109139472 0.067749977 0.972685754
1341846326.591828 0.614792168 0.610961020 0.475803524 0.187462002 -0.105005853 0.065145552 0.974468052
1341846326.627027 0.615226626 0.629072607 0.474371612 0.188685536 -0.103140160 0.065017045 0.974439740
1341846326.658442 0.623239934 0.657385170 0.479043126 0.188561112 -0.100513861 0.066578157 0.974632800
1341846326.694856 0.598562837 0.666868746 0.479046017 0.185736611 -0.093912072 0.066087231 0.975866258
1341846326.726206 0.588351905 0.678462863 0.470565140 0.180640116 -0.090280846 0.062651008 0.977391183
1341846326.762753 0.609834015 0.708723247 0.477559835 0.178711623 -0.090927832 0.060469653 0.977822959
1341846326.826821 0.573122919 0.744234383 0.493314743 0.167707875 -0.078483388 0.054005150 0.981222630
1341846326.858887 0.570204973 0.734925926 0.500387907 0.158127069 -0.077268295 0.051077738 0.983064830
1341846326.895360 0.539255500 0.755103469 0.515766442 0.159762666 -0.073545747 0.054132752 0.982922435
1341846326.926897 0.544492185 0.761165202 0.511630118 0.161288038 -0.078495145 0.055880859 0.982192457
1341846326.958888 0.538006723 0.770394802 0.510501623 0.162744284 -0.078540973 0.057533693 0.981853127
1341846326.994594 0.550033689 0.781572938 0.511044919 0.162772998 -0.079942882 0.059146445 0.981639326
1341846327.026301 0.565324545 0.808569312 0.525544345 0.163380548 -0.081161126 0.056775305 0.981578469
1341846327.063945 0.517530441 0.833820939 0.514252007 0.165616944 -0.069745451 0.051457029 0.982374132
1341846327.094662 0.533843100 0.816267490 0.523956954 0.160519943 -0.070399150 0.051750042 0.983157814
1341846327.128901 0.521280944 0.812489271 0.519261599 0.157025725 -0.068171479 0.050760459 0.983930409
1341846327.161940 0.533979952 0.812314928 0.531655967 0.153927177 -0.071638495 0.049988504 0.984213173
1341846327.193867 0.490989476 0.826116025 0.516631126 0.155327007 -0.060823318 0.046815775 0.984876812
1341846327.229885 0.486768782 0.849738061 0.493731558 0.157323420 -0.056533895 0.043270592 0.984977663
1341846327.262014 0.418202877 0.851963878 0.482412905 0.157668650 -0.035549778 0.035353985 0.986218512
1341846327.294023 0.368227541 0.865400374 0.469911605 0.162852645 -0.014311308 0.030751642 0.986067295
1341846327.330015 0.327475011 0.874370873 0.448991299 0.161201969 0.003442331 0.032530207 0.986379147
1341846327.361939 0.303811699 0.884917021 0.440308511 0.158461139 0.011847325 0.026887268 0.986927986
1341846327.393887 0.265282661 0.883975804 0.429969877 0.154950738 0.021367833 0.018731041 0.987513483
1341846327.429966 0.236666813 0.876002192 0.392745316 0.145085648 0.027951214 0.011535590 0.988956928
1341846327.461965 0.203117952 0.867460132 0.389472902 0.134388387 0.029156910 0.008990798 0.990458906
1341846327.497931 0.168237925 0.857475877 0.393122673 0.128165007 0.035241123 0.004776242 0.991115034
1341846327.530068 0.156126246 0.864332139 0.387385756 0.125446439 0.036678482 0.009372614 0.991377831
1341846327.561895 0.107468769 0.863667607 0.397471756 0.122424662 0.042247988 0.012699191 0.991496861
1341846327.598010 0.045288272 0.851873279 0.400827229 0.120634854 0.050002657 0.014320314 0.991333425
1341846327.629945 0.011632362 0.863688469 0.393010050 0.120017380 0.050858904 0.011910535 0.991396666
1341846327.662003 -0.019248789 0.850950599 0.389253408 0.117473774 0.053296495 0.007587141 0.991615772
1341846327.697919 -0.048988450 0.859251261 0.382552236 0.117784105 0.056906860 0.010527360 0.991351485
1341846327.730075 -0.076246642 0.878193140 0.371977568 0.113668330 0.059584506 0.011175779 0.991667449
1341846327.766017 -0.092712015 0.887989640 0.376779467 0.110175423 0.062369168 0.012161479 0.991878867
1341846327.797917 -0.070261486 0.900551319 0.374032199 0.104042590 0.058036126 0.015477046 0.992757499
1341846327.830054 -0.077078588 0.908450067 0.377871633 0.098029815 0.059282724 0.014923810 0.993304074
1341846327.865944 -0.080922820 0.902398109 0.378428876 0.091584794 0.061793324 0.016956110 0.993733525
1341846327.898010 -0.089336134 0.914979696 0.387201667 0.089344166 0.063923232 0.017641241 0.993790865
1341846327.929991 -0.087804161 0.924657285 0.385338157 0.085074246 0.062589772 0.014833719 0.994296193
1341846327.966065 -0.078712344 0.937641919 0.388678610 0.080507018 0.061357666 0.011969981 0.994791746
1341846327.998073 -0.100524783 0.940074146 0.387776941 0.073022410 0.066735402 0.008878296 0.995055437
1341846328.034045 -0.081607386 0.945850670 0.388877571 0.066902809 0.064611450 0.008214791 0.995631456
1341846328.065993 -0.083491251 0.926197052 0.384481549 0.057374984 0.065875821 0.008303495 0.996142387
1341846328.098045 -0.094675280 0.911146224 0.388753623 0.054802123 0.068339542 0.009562634 0.996109962
1341846328.133967 -0.093794890 0.914086342 0.381629437 0.058764040 0.066007957 0.014864283 0.995976329
1341846328.166023 -0.102709368 0.911506832 0.380318254 0.058102895 0.064373657 0.015491033 0.996112525
1341846328.198018 -0.097856723 0.901999414 0.378669977 0.057915900 0.060642600 0.013333721 0.996388674
1341846328.234044 -0.094711542 0.893823385 0.375564963 0.061510421 0.058308851 0.012157162 0.996327639
1341846328.265899 -0.092337243 0.878614783 0.376700699 0.062460091 0.055818647 0.012544733 0.996406436
1341846328.302051 -0.097097442 0.879379630 0.377573758 0.068852186 0.056491204 0.011606591 0.995958567
1341846328.333917 -0.132069156 0.860966206 0.379203498 0.071396753 0.062132962 0.013995732 0.995412588
1341846328.366008 -0.163227528 0.846015334 0.395678967 0.078054816 0.067445546 0.010318413 0.994611561
1341846328.402010 -0.210395247 0.814688444 0.398076653 0.087319784 0.077118948 0.011772543 0.993121028
1341846328.433920 -0.143248573 0.791992247 0.376774132 0.088743374 0.061673366 0.014253107 0.994041204
1341846328.470003 -0.117862329 0.772968411 0.349765211 0.088406265 0.057544213 0.006504620 0.994399667
1341846328.502194 -0.127609029 0.763199687 0.348484308 0.092289768 0.062126201 -0.001778862 0.993790627
1341846328.534033 -0.113690376 0.743735909 0.345143020 0.093389973 0.062452622 -0.003387518 0.993663192
1341846328.570125 -0.128079355 0.722521007 0.350936294 0.095790334 0.065060876 -0.002271982 0.993270397
1341846328.602804 -0.153962120 0.699375451 0.355570346 0.100906268 0.063160934 -0.000872554 0.992888689
1341846328.672663 -0.143146664 0.658198297 0.329770774 0.108416140 0.048759080 -0.003907340 0.992901504
1341846328.702975 -0.132566869 0.647795081 0.334224254 0.111706637 0.043642152 -0.002836277 0.992778420
1341846328.770129 -0.134034425 0.653059900 0.333207130 0.126404569 0.041230999 -0.006138718 0.991102576
1341846328.802331 -0.126086637 0.626794100 0.330377638 0.126121670 0.036666103 -0.005328451 0.991322696
1341846328.838051 -0.128154188 0.631499708 0.331905425 0.133187175 0.035144337 -0.008201790 0.990433633
1341846328.869939 -0.141259417 0.637765765 0.329239696 0.134342819 0.036410652 -0.009207677 0.990222991
1341846328.904486 -0.126337871 0.613027155 0.325202495 0.128340364 0.030874537 -0.009487705 0.991204083
1341846328.939814 -0.125899613 0.597316742 0.324188173 0.132839933 0.028664265 -0.009589027 0.990676522
1341846328.970217 -0.146061167 0.594315290 0.318507284 0.136037290 0.029778857 -0.005369106 0.990241528
1341846329.006232 -0.127515003 0.577294707 0.311476290 0.136114046 0.023927102 -0.001501276 0.990403056
1341846329.038243 -0.130543679 0.562717497 0.309909165 0.140742421 0.024492910 -0.002500596 0.989740074
1341846329.106125 -0.102334470 0.546732366 0.290652812 0.141110644 0.018827762 -0.002744181 0.989811003
1341846329.138340 -0.104986250 0.545392811 0.289003968 0.145056680 0.018885491 -0.004277686 0.989233911
1341846329.169991 -0.102913216 0.531097472 0.281206936 0.144389778 0.017351730 -0.004886984 0.989356697
1341846329.208656 -0.102065176 0.527844012 0.280878574 0.145498633 0.016483208 -0.006393259 0.989200532
1341846329.238169 -0.100682721 0.534234643 0.276544571 0.146529019 0.015652331 -0.006694230 0.989059925
1341846329.273827 -0.093496606 0.522333860 0.274063706 0.144823864 0.013307373 -0.005635422 0.989351928
1341846329.306052 -0.108864024 0.527633905 0.270821244 0.146859169 0.013557791 -0.008660579 0.989026606
1341846329.338104 -0.108289331 0.499549478 0.261716545 0.138145626 0.012383428 -0.010428271 0.990279615
1341846329.373907 -0.096861996 0.482512265 0.255381167 0.135148108 0.009814275 -0.010895981 0.990716875
1341846329.405985 -0.105148479 0.487022400 0.255318522 0.138717949 0.009870645 -0.013619248 0.990189075
1341846329.442057 -0.098563142 0.484364480 0.253184736 0.137821645 0.008602611 -0.017894186 0.990258038
1341846329.473950 -0.103430524 0.478204459 0.248618066 0.137945786 0.008399609 -0.023663675 0.990121484
1341846329.506147 -0.112849288 0.477402031 0.244806454 0.138462186 0.008259322 -0.025936842 0.989993632
1341846329.542121 -0.111353196 0.467820883 0.242460579 0.137167558 0.004680533 -0.026128121 0.990192115
1341846329.574086 -0.113207273 0.443055272 0.237052128 0.137474030 0.002983480 -0.027844282 0.990109444
1341846329.606387 -0.103952065 0.437769562 0.222638190 0.138892159 0.001034778 -0.029150954 0.989877820
1341846329.641955 -0.116478607 0.431852371 0.225192398 0.138372734 0.001685932 -0.028911682 0.989956737
1341846329.681570 -0.125187695 0.421805471 0.229247093 0.137549967 -0.000069231 -0.030097108 0.990037501
1341846329.748113 -0.098814882 0.420093864 0.221420959 0.140696108 -0.004019228 -0.030626422 0.989570856
1341846329.810175 -0.119555123 0.384607315 0.215714216 0.136106610 0.002176636 -0.026912937 0.990326226
1341846329.842255 -0.120952487 0.366523325 0.213074118 0.135771856 0.001995888 -0.023759918 0.990453184
1341846329.874044 -0.122716904 0.361822844 0.212644100 0.137608096 0.001757274 -0.020334803 0.990276456
1341846329.910073 -0.122980393 0.377838612 0.211024523 0.140586898 0.000982186 -0.018051473 0.989903331
1341846329.942009 -0.131882429 0.373959661 0.214504659 0.135982707 0.001814981 -0.012122771 0.990635395
1341846329.978087 -0.127945706 0.347979456 0.212248296 0.133050978 0.000615910 -0.012500877 0.991030216
1341846330.016305 -0.110004634 0.385175884 0.207986951 0.140641779 -0.000900423 -0.014593585 0.989952564
1341846330.048192 -0.131187290 0.391907036 0.210288048 0.137512654 0.003392117 -0.011983313 0.990421772
1341846330.080418 -0.124815509 0.366241425 0.207081363 0.131331906 0.002090650 -0.010039600 0.991285443
1341846330.115886 -0.127608672 0.366365105 0.205469564 0.136789367 0.004042816 -0.009320156 0.990548074
1341846330.147839 -0.124495596 0.372928649 0.200498417 0.138183400 0.002897403 -0.007605788 0.990373254
1341846330.181257 -0.110198602 0.368471473 0.193328828 0.130836383 -0.000030864 -0.003693096 0.991397142
1341846330.215852 -0.111083440 0.358494967 0.197112828 0.125069946 0.001134390 -0.003741156 0.992140293
1341846330.247833 -0.117716923 0.361118823 0.197443187 0.124594025 0.002260665 -0.004335634 0.992195785
1341846330.283913 -0.104007401 0.373654932 0.194271505 0.121713854 -0.000871564 -0.002378995 0.992562056
1341846330.316011 -0.132732645 0.342683703 0.198823646 0.111802250 0.003357341 -0.004644998 0.993713975
1341846330.347868 -0.137029648 0.347568512 0.193149090 0.111510918 0.002095142 -0.006679597 0.993738592
1341846330.383835 -0.112433240 0.331616402 0.192628667 0.107178085 -0.002043914 -0.005603400 0.994221985
1341846330.415934 -0.122086890 0.324008793 0.188384145 0.107581392 0.000516096 -0.007913224 0.994164705
1341846330.452561 -0.139741272 0.333477765 0.189082563 0.112084232 0.002493531 -0.009056875 0.993654311
1341846330.483903 -0.144906625 0.322735131 0.181644902 0.109341249 0.000892265 -0.006217626 0.993984461
1341846330.515970 -0.136078596 0.324214339 0.185490295 0.109551452 -0.003451556 -0.002866373 0.993971050
1341846330.552099 -0.145148754 0.320649236 0.182778269 0.110523328 -0.002976382 -0.001202461 0.993868411
1341846330.583876 -0.131931573 0.334467143 0.180846602 0.111358106 -0.005920712 -0.000949424 0.993762314
1341846330.619992 -0.131431803 0.345775604 0.174494669 0.108056553 -0.007593164 -0.000095248 0.994115770
1341846330.652136 -0.125884056 0.334186018 0.174811140 0.100287296 -0.009586366 -0.002131223 0.994910061
1341846330.683796 -0.135420963 0.330194533 0.171471357 0.095462613 -0.007939103 -0.002909193 0.995397210
1341846330.719991 -0.154151320 0.316290140 0.169953123 0.091994517 -0.007571433 -0.002594515 0.995727420
1341846330.752103 -0.158142984 0.313944221 0.162683383 0.093565278 -0.011707836 0.001359813 0.995543420
1341846330.787952 -0.165212601 0.279625446 0.158268109 0.087562218 -0.015823392 0.005142997 0.996020138
1341846330.819823 -0.158222407 0.304283828 0.154974595 0.091207713 -0.021587189 0.004902603 0.995585859
1341846330.852208 -0.158058718 0.328025728 0.156139657 0.093905501 -0.023362394 0.005669234 0.995290875
1341846330.914111 -0.154330969 0.339568108 0.146307841 0.085416459 -0.027476490 0.004813490 0.995954752
1341846330.949903 -0.163285792 0.320769757 0.148371816 0.080224365 -0.027446430 0.004220072 0.996389985
1341846330.981986 -0.175148040 0.309978664 0.136000827 0.078257233 -0.030471422 0.005911033 0.996449947
1341846331.014111 -0.176167414 0.328689158 0.135940552 0.080763273 -0.034360617 0.005198412 0.996127307
1341846331.082139 -0.175172880 0.323701173 0.134062380 0.081849709 -0.037582170 0.001463906 0.995934784
1341846331.114334 -0.187156498 0.338349462 0.131377771 0.083896585 -0.038052473 0.000319979 0.995747626
1341846331.149989 -0.176938593 0.334350675 0.135215998 0.084607631 -0.040454291 -0.001408744 0.995591819
1341846331.181954 -0.180667967 0.328165650 0.126992106 0.086178780 -0.040527068 -0.002825863 0.995451093
1341846331.218151 -0.186427921 0.334704578 0.116062663 0.084930375 -0.043213341 0.000577985 0.995449245
1341846331.249914 -0.188893080 0.313609987 0.112316467 0.080767669 -0.043222785 -0.004091130 0.995786965
1341846331.318141 -0.171376273 0.338252544 0.126439780 0.095383935 -0.035977885 -0.005975501 0.994772255
1341846331.349926 -0.163849369 0.342148304 0.132881075 0.095050566 -0.034189120 -0.006986320 0.994860709
1341846331.382003 -0.212394848 0.366096705 0.141386241 0.105380096 -0.016098555 -0.007376755 0.994274378
1341846331.418008 -0.199241474 0.334770828 0.132057518 0.105577141 -0.009623663 -0.008709134 0.994326413
1341846331.450327 -0.215465844 0.323000878 0.131985307 0.104001053 -0.003317939 -0.006795637 0.994548440
1341846331.486219 -0.222442329 0.324992836 0.134949297 0.104148634 -0.000868860 -0.006123077 0.994542539
1341846331.518344 -0.251939327 0.323814511 0.138774544 0.102885671 0.005777371 -0.006425863 0.994655669
1341846331.550202 -0.222587511 0.325620413 0.151099533 0.106673226 0.005995816 -0.008241943 0.994241893
1341846331.586139 -0.229343861 0.326376557 0.154459894 0.107544795 0.007497980 -0.007127919 0.994146466
1341846331.617931 -0.188059077 0.333605468 0.166967615 0.107783742 0.001418961 -0.007258069 0.994146883
1341846331.654027 -0.211321130 0.346813172 0.179341927 0.112144351 0.008865997 -0.007151754 0.993626714
1341846331.686123 -0.186235175 0.360107392 0.185501128 0.115685850 0.006274798 -0.003815967 0.993258715
1341846331.717954 -0.193804234 0.354771107 0.188779756 0.110484540 0.006282468 -0.004010721 0.993849874
1341846331.754076 -0.182205051 0.335538507 0.207437858 0.106843442 0.006596832 -0.004531803 0.994243681
1341846331.785920 -0.206355810 0.328419894 0.213679880 0.108423620 0.013677214 -0.006658148 0.993988454
1341846331.818053 -0.209784374 0.337966651 0.221394792 0.109739192 0.015385575 -0.005980006 0.993823349
1341846331.853849 -0.228656247 0.331445307 0.230847642 0.107997090 0.019109881 -0.007107684 0.993942142
1341846331.885987 -0.227279797 0.333047718 0.231642753 0.111388989 0.022623792 -0.009468966 0.993474245
1341846331.922014 -0.201648027 0.337413013 0.257034361 0.113977015 0.021489516 -0.008888780 0.993211210
1341846331.954037 -0.219409406 0.341826022 0.262368590 0.115330532 0.027949812 -0.009383407 0.992889583
1341846331.986135 -0.243045419 0.348837435 0.265996844 0.120023854 0.038527835 -0.008548924 0.991986334
1341846332.022364 -0.258403927 0.352768362 0.278297424 0.128484026 0.045111112 -0.009296596 0.990641415
1341846332.054175 -0.267996699 0.348176122 0.274182856 0.132796019 0.046963416 -0.008829558 0.989990771
1341846332.086502 -0.270180464 0.351066411 0.285938084 0.135806188 0.047705118 -0.007565447 0.989557326
1341846332.122051 -0.259921491 0.364328653 0.309594959 0.140124843 0.046809353 -0.008211629 0.988992691
1341846332.153983 -0.256935507 0.377518266 0.327412128 0.140302330 0.045656916 -0.008870746 0.989015698
1341846332.190165 -0.274532974 0.369710088 0.334701121 0.132566839 0.047495529 -0.011878709 0.989964247
1341846332.254145 -0.236755401 0.342537671 0.361112654 0.130635083 0.041920047 -0.014444352 0.990438581
1341846332.289948 -0.259339452 0.341180652 0.372878939 0.131731659 0.045114886 -0.012150610 0.990183771
1341846332.322172 -0.246152475 0.341519684 0.381304979 0.132953629 0.042486638 -0.010801607 0.990152359
1341846332.354003 -0.229283974 0.324018896 0.391825408 0.133184895 0.041891422 -0.012592337 0.990125418
1341846332.390180 -0.251160502 0.324767411 0.384190440 0.132968843 0.050377540 -0.016772775 0.989696980
1341846332.422055 -0.278767616 0.309631854 0.395303875 0.127817929 0.057574864 -0.018489454 0.989952445
1341846332.458114 -0.284324914 0.303424507 0.406729788 0.126749113 0.061821204 -0.022160187 0.989758492
1341846332.489993 -0.298510671 0.306265920 0.423069388 0.128103107 0.065854385 -0.019377615 0.989382327
1341846332.522130 -0.308930457 0.315921426 0.421173364 0.128427118 0.063372754 -0.013620041 0.989598393
1341846332.558114 -0.327897251 0.320901573 0.429987013 0.130398542 0.061431900 -0.006910334 0.989532530
1341846332.589874 -0.322249293 0.332726002 0.427233130 0.131850928 0.059186503 -0.004757604 0.989489615
1341846332.621889 -0.339207113 0.341885686 0.437173724 0.128466412 0.062247932 -0.002493540 0.989755213
1341846332.658202 -0.349441230 0.340162635 0.450863808 0.125134364 0.065425456 -0.004829660 0.989968538
1341846332.690001 -0.342903674 0.342743993 0.458717734 0.123125225 0.065102004 -0.003069309 0.990248740
1341846332.726000 -0.353495449 0.339870423 0.470308393 0.122047260 0.065511547 -0.000555549 0.990359724
1341846332.758386 -0.345635533 0.333742052 0.471004099 0.121030360 0.061802499 -0.000550270 0.990722895
1341846332.789937 -0.334389448 0.324449539 0.458989263 0.116409034 0.060792163 -0.004203429 0.991330266
1341846332.825925 -0.340076804 0.325047910 0.467200816 0.114936233 0.064516366 -0.005028792 0.991262913
1341846332.857898 -0.354658306 0.323090255 0.469459802 0.115148008 0.069000959 -0.006231638 0.990929365
1341846332.894069 -0.371661454 0.321591288 0.471233100 0.113194063 0.072078995 -0.007398677 0.990927339
1341846332.926029 -0.388089657 0.316221774 0.470639914 0.107614443 0.077146575 -0.011276545 0.991130888
1341846332.958015 -0.419279426 0.316610277 0.475460231 0.104743838 0.086827718 -0.011912636 0.990630031
1341846332.994073 -0.443823427 0.315714210 0.478083342 0.101427548 0.093084812 -0.014048979 0.990378916
1341846333.026545 -0.477911621 0.296964675 0.488069355 0.094070129 0.102171764 -0.018686529 0.990132570
1341846333.057998 -0.507750809 0.294189811 0.493322760 0.092900082 0.110783860 -0.017786874 0.989333212
1341846333.094024 -0.547287524 0.283461690 0.495828629 0.090493456 0.119605184 -0.013608737 0.988595188
1341846333.126095 -0.580558062 0.279070735 0.500966311 0.089757413 0.127536133 -0.011450017 0.987697899
1341846333.161973 -0.613769412 0.265687287 0.509931982 0.083367050 0.136169732 -0.012696923 0.987089992
1341846333.195660 -0.652374923 0.256415963 0.522557497 0.078761920 0.146105945 -0.011371861 0.986063063
1341846333.226331 -0.712987006 0.258209914 0.544955075 0.078269042 0.160587683 -0.010487649 0.983857512
1341846333.262056 -0.748294473 0.257250994 0.548115730 0.073756285 0.168271378 -0.013349375 0.982886851
1341846333.294147 -0.784722149 0.253838152 0.565563917 0.070045315 0.175925344 -0.012937258 0.981823087
1341846333.326100 -0.819297791 0.251702875 0.579209328 0.068159446 0.181499094 -0.012069074 0.980951965
1341846333.362100 -0.845045865 0.252109051 0.580332458 0.063980117 0.186243787 -0.013651256 0.980323195
1341846333.394119 -0.879513204 0.249194041 0.579541326 0.060024232 0.191806257 -0.014011487 0.979495347
1341846333.429974 -0.900076151 0.245449781 0.581461430 0.058491256 0.194264665 -0.014685497 0.979093730
1341846333.462115 -0.872923076 0.255231023 0.581649601 0.060309470 0.189965650 -0.015882038 0.979807973
1341846333.494040 -0.886222601 0.252867877 0.585392118 0.060481451 0.193482965 -0.017203121 0.979086578
1341846333.529953 -0.893950820 0.254550338 0.587548196 0.061605129 0.196267396 -0.017010478 0.978465438
1341846333.562063 -0.864278615 0.249966294 0.583989680 0.061422467 0.192923397 -0.014803256 0.979177594
1341846333.594090 -0.887051463 0.254781216 0.590590775 0.060640264 0.196168631 -0.013587015 0.978599012
1341846333.629994 -0.917148411 0.259557724 0.604366243 0.058016632 0.199502632 -0.013951917 0.978078783
1341846333.662127 -0.941438496 0.263350904 0.610259771 0.055933923 0.202848256 -0.013867988 0.977513015
1341846333.697964 -0.961860061 0.260779947 0.621859550 0.055183429 0.206886515 -0.012998728 0.976720929
1341846333.730092 -0.984434187 0.266063780 0.624457300 0.058600038 0.210732251 -0.011363311 0.975719690
1341846333.762089 -1.006387115 0.265460670 0.630336523 0.060322434 0.214921162 -0.009486833 0.974720538
1341846333.798006 -1.027440429 0.263155997 0.638165534 0.061570216 0.219122395 -0.009842365 0.973703086
1341846333.830055 -1.053887129 0.264050305 0.636193991 0.063807838 0.224840075 -0.012089027 0.972229123
1341846333.866045 -1.078013539 0.262377262 0.636518836 0.064166263 0.229912147 -0.013170701 0.971004486
1341846333.897987 -1.096583366 0.265170693 0.639805019 0.066717185 0.233144194 -0.015701614 0.970023751
1341846333.930099 -1.106598139 0.264329553 0.636641264 0.069393367 0.235140085 -0.016569860 0.969339550
1341846333.965889 -1.085205913 0.261343777 0.623684406 0.070688576 0.230902880 -0.016561000 0.970264256
1341846333.997985 -1.079862118 0.254088432 0.618139982 0.072172709 0.230122328 -0.017101008 0.970331073
1341846334.030076 -1.101039052 0.258537948 0.618043065 0.075969763 0.234443158 -0.017353568 0.969001472
1341846334.066000 -1.117541432 0.259083837 0.619434774 0.078016318 0.236256003 -0.016631790 0.968411088
1341846334.097932 -1.135667682 0.266745657 0.620489776 0.081394628 0.238966838 -0.017213179 0.967457235
1341846334.133884 -1.147372127 0.287839442 0.624602735 0.087448716 0.241641700 -0.018348224 0.966242969
1341846334.166115 -1.136549473 0.272540778 0.608209372 0.084125273 0.237087548 -0.016910149 0.967691302
1341846334.198072 -1.119318485 0.253652602 0.589501202 0.080474474 0.230693564 -0.016955188 0.969544709
1341846334.234097 -1.109565496 0.251707911 0.577404499 0.079806216 0.228652149 -0.017394749 0.970075548
1341846334.266045 -1.127955914 0.239016205 0.571277320 0.077621020 0.232299417 -0.015688153 0.969415247
1341846334.297946 -1.134760499 0.232252225 0.557112217 0.076997139 0.230556503 -0.013291379 0.969916761
1341846334.334036 -1.130593300 0.242968157 0.555382788 0.079755053 0.227737918 -0.015285385 0.970330298
1341846334.365871 -1.143343568 0.243279725 0.558332980 0.078597285 0.229878455 -0.017904943 0.969875157
1341846334.401845 -1.154453754 0.242434517 0.561437666 0.077003792 0.232202649 -0.018062357 0.969446301
1341846334.433864 -1.163312197 0.238535732 0.558605373 0.076897174 0.231321350 -0.017171357 0.969681621
1341846334.466105 -1.165269852 0.247857347 0.547464907 0.078995384 0.229098558 -0.016164336 0.970057905
1341846334.502142 -1.168566823 0.247730836 0.538711607 0.077213943 0.227337226 -0.013445172 0.970657051
1341846334.540153 -1.165736437 0.247798175 0.528853655 0.076602899 0.224991396 -0.014656479 0.971234322
1341846334.602351 -1.184912682 0.252984315 0.516688347 0.070291072 0.222682878 -0.020896425 0.972129107
1341846334.670161 -1.194690108 0.257482111 0.507184744 0.065255523 0.220644757 -0.026853908 0.972798288
1341846334.702085 -1.199065328 0.256416708 0.502188265 0.064058222 0.218121648 -0.025304526 0.973488212
1341846334.734751 -1.204866648 0.257902443 0.492190152 0.064650208 0.215610608 -0.024367161 0.974032223
1341846334.770889 -1.207767367 0.261133015 0.480912030 0.065689646 0.213182211 -0.021544497 0.974563539
1341846334.802194 -1.213762403 0.258719862 0.470460117 0.064239286 0.210184574 -0.019225230 0.975359559
1341846334.833908 -1.215850592 0.268059701 0.458290160 0.064942375 0.208462968 -0.021862900 0.975626886
1341846334.869874 -1.214450121 0.264978230 0.442210048 0.062452968 0.206533805 -0.019810425 0.976243317
1341846334.902006 -1.205522299 0.258930355 0.429983467 0.059752613 0.201614469 -0.017891048 0.977476954
1341846334.938010 -1.212475300 0.260133237 0.434301615 0.059270252 0.199128956 -0.019828318 0.977978349
1341846334.970032 -1.210679054 0.258245468 0.424968600 0.058728900 0.197561532 -0.019627236 0.978332877
1341846335.002203 -1.222265601 0.254689455 0.420177639 0.060124595 0.198564991 -0.018737197 0.978062332
1341846335.037880 -1.252629995 0.257094473 0.417206615 0.063167803 0.199912190 -0.017036019 0.977627099
1341846335.069990 -1.258234262 0.276904136 0.409758091 0.066490024 0.197318539 -0.019674428 0.977884233
1341846335.106038 -1.262961268 0.269283235 0.398063034 0.065045916 0.198672980 -0.021010533 0.977679193
1341846335.138045 -1.267944336 0.268234104 0.389465392 0.066700190 0.199008495 -0.020636128 0.977507472
1341846335.169900 -1.280797243 0.267342836 0.372746766 0.065695889 0.197211564 -0.020083904 0.977951109
1341846335.206091 -1.273415685 0.269531757 0.371194422 0.064751200 0.193768770 -0.023423670 0.978627801
1341846335.239365 -1.274929523 0.272998810 0.362782240 0.065495223 0.194614798 -0.025668101 0.978354096
1341846335.269948 -1.288948298 0.266107053 0.355836540 0.065483712 0.196985483 -0.026422570 0.977860212
1341846335.305972 -1.296955347 0.258519828 0.351766407 0.065928571 0.195697635 -0.025088586 0.978123903
1341846335.338012 -1.299562931 0.261579514 0.345169485 0.068112038 0.194351643 -0.024847442 0.978248835
1341846335.374005 -1.304689288 0.267930448 0.342921972 0.075302817 0.196760938 -0.025238778 0.977229595
1341846335.406025 -1.294439673 0.255239546 0.323461205 0.079799682 0.195716694 -0.021456091 0.977172792
1341846335.438079 -1.301582456 0.262175202 0.312227339 0.085369326 0.196298301 -0.020264577 0.976610720
1341846335.473998 -1.302293062 0.264027238 0.306700468 0.087140039 0.197395340 -0.020675041 0.976224542
1341846335.507038 -1.315288782 0.274068892 0.297922462 0.088871792 0.201535448 -0.023726434 0.975152493
1341846335.538040 -1.324853897 0.285176903 0.295746684 0.089251645 0.204644367 -0.025528595 0.974424541
1341846335.574119 -1.340962648 0.275871664 0.289056599 0.084598802 0.205812499 -0.024156298 0.974628568
1341846335.605970 -1.333416700 0.279731870 0.275843978 0.084083892 0.203188032 -0.025000826 0.975202322
1341846335.641978 -1.334553838 0.281321049 0.263449878 0.084719308 0.203983903 -0.028064804 0.974897802
1341846335.673993 -1.348315001 0.281356394 0.258501500 0.083827086 0.205962032 -0.027402224 0.974577785
1341846335.706178 -1.352341294 0.286877394 0.253528535 0.084553860 0.204381764 -0.026957458 0.974860013
1341846335.741982 -1.357663751 0.278814048 0.237021551 0.083390370 0.204251170 -0.028118799 0.974954844
1341846335.773960 -1.363946438 0.290600419 0.232220784 0.084793076 0.204968274 -0.028816726 0.974662900
1341846335.806271 -1.382188439 0.285837501 0.226004243 0.081359424 0.206492379 -0.028079314 0.974655449
1341846335.842031 -1.367665172 0.289300233 0.212512210 0.080588579 0.204420730 -0.027511448 0.975172162
1341846335.873966 -1.382258296 0.288724154 0.210852250 0.081101559 0.207699284 -0.029130679 0.974389553
1341846335.910005 -1.387691140 0.291912794 0.196176514 0.080939174 0.206674352 -0.025686912 0.974717796
1341846335.941936 -1.393349528 0.297728688 0.182989120 0.080621496 0.204557121 -0.025739744 0.975189269
1341846335.974198 -1.399836063 0.300788820 0.179009646 0.080405191 0.204372495 -0.028687596 0.975163519
1341846336.010032 -1.406517863 0.302857220 0.173737124 0.080043457 0.204504564 -0.029889096 0.975129545
1341846336.042129 -1.412969112 0.301468283 0.169430315 0.078833744 0.203108639 -0.028700782 0.975555480
1341846336.078076 -1.418888807 0.303588659 0.165663302 0.079152875 0.201605052 -0.030266311 0.975794196
1341846336.110739 -1.419500947 0.306829572 0.157056987 0.079603463 0.201144263 -0.032333735 0.975786269
1341846336.142002 -1.429076195 0.301916510 0.144711837 0.078658104 0.200942099 -0.030176185 0.975973666
1341846336.183953 -1.435404062 0.305749446 0.134500101 0.078350708 0.198122859 -0.028139265 0.976635396
1341846336.241891 -1.441840768 0.311200976 0.130345643 0.077178180 0.198162109 -0.030022519 0.976664722
1341846336.277946 -1.447871089 0.306144416 0.122397549 0.077687286 0.197923586 -0.026825821 0.976765752
1341846336.309977 -1.409534574 0.306039035 0.075222939 0.080222376 0.186808810 -0.019872328 0.978913665
1341846336.346143 -1.357672215 0.312455654 0.042087626 0.082227752 0.176179215 -0.018419804 0.980744720
1341846336.377975 -1.294547200 0.317673594 0.014004016 0.083825178 0.165168136 -0.017304400 0.982544363
1341846336.410032 -1.245633006 0.320673108 -0.013645070 0.085059837 0.156055361 -0.015848765 0.983951449
1341846336.446041 -1.193709135 0.317483127 -0.028784726 0.083474904 0.146752343 -0.013438005 0.985553205
1341846336.477990 -1.147938848 0.319025755 -0.048195064 0.082730770 0.139093280 -0.010896607 0.986757278
1341846336.510056 -1.115957737 0.327115178 -0.074932620 0.084919102 0.133980840 -0.010175317 0.987286389
1341846336.546024 -1.077058315 0.319479346 -0.094328322 0.084505588 0.127956450 -0.007929487 0.988141239
1341846336.578003 -1.029216766 0.322461009 -0.123896368 0.083617672 0.118843921 -0.005833017 0.989368618
1341846336.614020 -0.989207089 0.328000337 -0.145350620 0.084005520 0.113666080 -0.006666444 0.989938736
1341846336.645982 -0.942483783 0.345546067 -0.169970512 0.084769130 0.106820107 -0.007928617 0.990626514
1341846336.678036 -0.916280568 0.339656174 -0.193573564 0.082111292 0.099803634 -0.005746434 0.991596699
1341846336.714024 -0.865309179 0.343380272 -0.208440408 0.084954306 0.089956522 -0.007032109 0.992290854
1341846336.746016 -0.821727991 0.358367950 -0.230147123 0.092611305 0.080269866 -0.005474623 0.992446423
1341846336.778014 -0.773055851 0.357250303 -0.257001787 0.093712695 0.067605957 -0.001442950 0.993300200
1341846336.820006 -0.733686745 0.366240382 -0.305268228 0.094565123 0.059303936 -0.003618445 0.993744135
1341846336.882056 -0.614956200 0.352280557 -0.286346018 0.095284477 0.037890684 -0.003831527 0.994721353
1341846336.914273 -0.554809809 0.357009888 -0.285695851 0.099305414 0.021804919 0.000322225 0.994818032
1341846336.945998 -0.474365115 0.370542675 -0.294882536 0.108039044 -0.000139286 -0.000723346 0.994146407
1341846336.981980 -0.406891018 0.394179165 -0.313604593 0.113407880 -0.016450517 -0.001726332 0.993410885
1341846337.014238 -0.339557230 0.385570914 -0.299510837 0.106973708 -0.030324517 -0.002494969 0.993796170
1341846337.046017 -0.273626596 0.387945801 -0.275829673 0.105682336 -0.043216776 -0.001669114 0.993459046
1341846337.082104 -0.235013098 0.375521272 -0.263871431 0.102660708 -0.049968056 0.004080968 0.993452251
1341846337.114317 -0.200991198 0.375823230 -0.238590121 0.101846397 -0.057062428 0.008769181 0.993123591
1341846337.150037 -0.177765846 0.376184881 -0.227719367 0.100497194 -0.061465338 0.009191068 0.992994428
1341846337.181873 -0.143241480 0.372357309 -0.209908873 0.099378161 -0.065879315 0.008486182 0.992830276
1341846337.214073 -0.111625910 0.364200056 -0.203303263 0.094520934 -0.070114657 0.011153239 0.992988110
1341846337.250087 -0.096118957 0.368251741 -0.175579593 0.095255859 -0.073513456 0.017171882 0.992586136
1341846337.282028 -0.066564932 0.360736012 -0.161085010 0.094650246 -0.081325188 0.018109340 0.992017925
1341846337.317920 -0.044494037 0.358994007 -0.151778281 0.093579434 -0.085370757 0.019243771 0.991758227
1341846337.350018 -0.028370585 0.353207558 -0.153882980 0.090909652 -0.087252036 0.022819301 0.991766989
1341846337.382159 -0.016287528 0.353796363 -0.147126570 0.089337893 -0.088238977 0.020876121 0.991865337
1341846337.417941 -0.000747675 0.342759371 -0.137874290 0.088172011 -0.090536736 0.022225684 0.991733253
1341846337.450137 0.015061514 0.336257905 -0.148111135 0.086469352 -0.094990656 0.022422899 0.991462052
1341846337.482096 0.016476393 0.328302979 -0.145128146 0.083829395 -0.095496245 0.022807440 0.991631448
1341846337.518008 0.021924604 0.333375543 -0.137687504 0.086503573 -0.096762463 0.023055542 0.991273224
1341846337.549978 0.021631729 0.336610705 -0.148376003 0.085914023 -0.096975401 0.023024475 0.991304398
1341846337.585971 0.023279183 0.338341713 -0.140141994 0.084244557 -0.097548708 0.022491183 0.991403699
1341846337.617903 0.023246987 0.339003086 -0.128148615 0.087243319 -0.097635560 0.020556804 0.991177738
1341846337.650141 0.032093227 0.340441644 -0.132092431 0.088455632 -0.099390626 0.021276018 0.990880668
1341846337.686352 0.045065176 0.341287434 -0.133891940 0.085897006 -0.101883136 0.022694891 0.990821123
1341846337.718002 0.052865129 0.342869580 -0.121256657 0.084916674 -0.102701388 0.021992767 0.990837038
1341846337.749920 0.068807557 0.353713065 -0.119234562 0.086296909 -0.103353888 0.022479590 0.990638912
1341846337.786157 0.090956591 0.359055251 -0.105916552 0.083396778 -0.105105780 0.024408143 0.990657389
1341846337.817945 0.121018581 0.354229063 -0.088346794 0.080170713 -0.109164670 0.025206506 0.990464747
1341846337.854071 0.137302339 0.353289962 -0.079271019 0.078374721 -0.108636931 0.025613751 0.990656018
1341846337.885951 0.135660008 0.366610885 -0.071396381 0.078060560 -0.105881207 0.024814598 0.990999460
1341846337.918223 0.151510328 0.375719965 -0.054187190 0.076096334 -0.107241116 0.023477847 0.991038620
1341846337.954120 0.143803686 0.359571487 -0.046115775 0.071039937 -0.104445018 0.024180584 0.991695464
1341846337.985994 0.154981777 0.365041763 -0.033977985 0.068569496 -0.105382182 0.025700714 0.991731942
1341846338.018107 0.177001908 0.363065571 -0.014069340 0.065184936 -0.107950039 0.026220290 0.991670430
1341846338.054055 0.165980712 0.371336460 -0.016954601 0.064049967 -0.104389548 0.024352705 0.992173076
1341846338.085986 0.191919729 0.376048774 0.008114115 0.061731815 -0.105786778 0.025268422 0.992149115
1341846338.121875 0.188565195 0.367219180 0.017889079 0.058706015 -0.103015542 0.028312126 0.992542148
1341846338.154089 0.232997730 0.362990558 0.049257174 0.055920817 -0.111856900 0.033657808 0.991578579
1341846338.186029 0.260969311 0.362557054 0.076586261 0.053756621 -0.117323883 0.037718121 0.990920126
1341846338.222071 0.276787162 0.367324889 0.090290271 0.053229492 -0.118012473 0.038591404 0.990833223
1341846338.254107 0.265074044 0.358611614 0.098153315 0.050452083 -0.114874907 0.038988300 0.991331577
1341846338.290130 0.279421031 0.358628541 0.113248907 0.050907880 -0.117593668 0.040044326 0.990947366
1341846338.321952 0.280226082 0.366258383 0.119417511 0.051631425 -0.117058732 0.042479388 0.990871847
1341846338.354022 0.285709083 0.364052474 0.134190634 0.050871968 -0.117722720 0.041909821 0.990856767
1341846338.389969 0.284129739 0.366414666 0.139304504 0.050148048 -0.116802916 0.043410063 0.990937889
1341846338.422377 0.275563210 0.362682551 0.147890657 0.048278753 -0.115210891 0.041950919 0.991279840
1341846338.454010 0.275524288 0.356906503 0.158565059 0.045967374 -0.115742706 0.040332757 0.991394937
1341846338.489894 0.273165137 0.356376827 0.169202358 0.044530690 -0.116000548 0.040440086 0.991426051
1341846338.522066 0.266615450 0.353392363 0.177051708 0.045198355 -0.114338927 0.039936524 0.991609216
1341846338.558058 0.269170225 0.353079796 0.172840163 0.044063170 -0.115096934 0.040302709 0.991557777
1341846338.589842 0.265511304 0.358098716 0.179040253 0.043618474 -0.114685282 0.038105506 0.991712034
1341846338.622019 0.257473141 0.353498459 0.184474424 0.043866497 -0.112092726 0.039238367 0.991953373
1341846338.657984 0.251127511 0.340177447 0.185924381 0.040695027 -0.111306027 0.042129766 0.992058456
1341846338.690198 0.245993003 0.345194966 0.186185613 0.040106706 -0.110327631 0.040954743 0.992240906
1341846338.722454 0.237507731 0.342725545 0.198380023 0.040012818 -0.107467599 0.040683374 0.992569745
1341846338.757945 0.242888421 0.343568027 0.205416366 0.039049387 -0.109294005 0.042474207 0.992333591
1341846338.790039 0.248018757 0.354079902 0.220246509 0.039271556 -0.112843432 0.042035192 0.991946161
1341846338.826048 0.240855560 0.348497480 0.225786567 0.039138749 -0.109824777 0.038808748 0.992421567
1341846338.858027 0.242833704 0.347870767 0.231088728 0.038286455 -0.109074697 0.038999874 0.992530107
1341846338.889902 0.235246345 0.346479237 0.239316076 0.035619698 -0.108732082 0.038246647 0.992696226
1341846338.925948 0.231773436 0.342601418 0.247240320 0.034941949 -0.106776223 0.035192005 0.993045568
1341846338.958108 0.230311275 0.345895439 0.256039292 0.036141891 -0.104628079 0.035156593 0.993232548
1341846338.990057 0.231221363 0.351056218 0.266271621 0.038130961 -0.104963996 0.037869565 0.993022919
1341846339.025928 0.226654023 0.348036170 0.278093725 0.039695285 -0.102523781 0.038103443 0.993207574
1341846339.057939 0.232137814 0.342326224 0.285337061 0.040287849 -0.101555094 0.038504597 0.993267834
1341846339.093927 0.230162695 0.346082389 0.293933034 0.038889728 -0.102371149 0.040465537 0.993161738
1341846339.126562 0.235134453 0.342957199 0.301030248 0.034807883 -0.103842065 0.038219802 0.993249476
1341846339.157969 0.227471739 0.345760643 0.316252202 0.033397000 -0.099306613 0.036099322 0.993840933
1341846339.194113 0.229558557 0.351084709 0.334024608 0.031869724 -0.099438027 0.038025953 0.993806005
1341846339.228165 0.240189403 0.350955606 0.343499303 0.027888335 -0.103720583 0.039971966 0.993411541
1341846339.257998 0.240239128 0.348432541 0.362072408 0.025083058 -0.102181658 0.039327696 0.993671536
1341846339.294132 0.237106472 0.356308430 0.365602791 0.026333010 -0.099648789 0.040866725 0.993834317
1341846339.326577 0.227325052 0.366982669 0.366269112 0.023232656 -0.100089513 0.042879459 0.993782520
1341846339.362269 0.229619145 0.359568179 0.374686480 0.019009063 -0.101588778 0.038410619 0.993902922
1341846339.394725 0.236710504 0.359800816 0.389244586 0.018144326 -0.100497760 0.039899915 0.993971348
1341846339.462186 0.244390115 0.359657794 0.416036010 0.014613137 -0.102906361 0.038666762 0.993831873
1341846339.496743 0.243840128 0.349149644 0.420810699 0.015625147 -0.097285859 0.038869511 0.994374454
1341846339.562052 0.264650524 0.349581391 0.450196177 0.016945835 -0.099969715 0.042331852 0.993945122
1341846339.595122 0.270748377 0.353724897 0.462543249 0.019747591 -0.099295668 0.041076940 0.994013667
1341846339.632085 0.267224520 0.361370981 0.474480957 0.022474095 -0.094768286 0.038023818 0.994519055
1341846339.664568 0.257027715 0.364837408 0.477446973 0.024432547 -0.089691386 0.034590602 0.995068848
1341846339.698896 0.257536918 0.354881048 0.484220713 0.022574099 -0.088713877 0.034575615 0.995200932
1341846339.731977 0.260187477 0.355335027 0.494119138 0.023488646 -0.088637002 0.032804202 0.995246530
1341846339.762241 0.260706067 0.351572454 0.501823425 0.023308272 -0.087134913 0.032777544 0.995384276
1341846339.797873 0.259710878 0.350384057 0.513682425 0.023063198 -0.086359985 0.033735313 0.995425522
1341846339.830245 0.259227037 0.346055776 0.517767251 0.022172440 -0.086536989 0.033810977 0.995427847
1341846339.862015 0.256399304 0.350012958 0.522163033 0.022601966 -0.085505210 0.032464951 0.995552182
1341846339.897797 0.263360530 0.351016790 0.534863412 0.021938773 -0.085538164 0.032212213 0.995572329
1341846339.929916 0.263381422 0.344379723 0.545285285 0.020875435 -0.084547184 0.034058504 0.995618463
1341846339.961960 0.261992991 0.345005125 0.550100923 0.022501959 -0.084825031 0.034767643 0.995534837
1341846339.997845 0.268010020 0.346746981 0.561237097 0.024081606 -0.084294446 0.034281753 0.995559871
1341846340.029925 0.267472029 0.350408167 0.568130136 0.025851034 -0.081567504 0.035845593 0.995687485
1341846340.066044 0.263707101 0.345578313 0.571845770 0.027018508 -0.079297379 0.036684539 0.995809317
1341846340.098009 0.259896487 0.346959323 0.574047983 0.027995825 -0.078033462 0.037642341 0.995846450
1341846340.130102 0.265978009 0.356227577 0.592365563 0.029593594 -0.079145074 0.035374071 0.995795667
1341846340.166041 0.268910170 0.360838771 0.604959905 0.032199875 -0.076927684 0.032336842 0.995991766
1341846340.197867 0.251622856 0.352396548 0.593775690 0.031179992 -0.070843808 0.032957043 0.996455193
1341846340.229904 0.262881160 0.360497952 0.610726118 0.031371441 -0.073521838 0.032023270 0.996285558
1341846340.265859 0.269858718 0.362864166 0.628236651 0.032251574 -0.073419608 0.030632721 0.996308684
1341846340.298061 0.264558017 0.363233060 0.629960358 0.034381382 -0.069707438 0.031661559 0.996471941
1341846340.334063 0.262028098 0.360511839 0.632549882 0.032077514 -0.070707731 0.033377886 0.996422291
1341846340.366064 0.267280638 0.360518068 0.643527508 0.031359788 -0.073260896 0.031681314 0.996316135
1341846340.397995 0.267049968 0.359747261 0.646248579 0.033275139 -0.071962163 0.031389106 0.996357799
1341846340.433895 0.268051177 0.354595274 0.649840474 0.032560147 -0.072467029 0.034102816 0.996255696
1341846340.465959 0.273366094 0.348494798 0.653843105 0.031853084 -0.076016545 0.036539011 0.995927691
1341846340.501858 0.271973938 0.355400711 0.656457186 0.034411896 -0.078323498 0.034410454 0.995739520
1341846340.534329 0.281327367 0.361879319 0.666923344 0.036252979 -0.081022039 0.034134936 0.995467722
1341846340.566041 0.286114872 0.362720162 0.669921994 0.038234532 -0.082426995 0.034696613 0.995258808
1341846340.601909 0.285021216 0.360552669 0.662461162 0.039927978 -0.082174815 0.035534080 0.995183647
1341846340.634005 0.292086393 0.355972022 0.654823780 0.039223988 -0.083143324 0.034362197 0.995172322
1341846340.666028 0.289409459 0.363136530 0.655977428 0.041150026 -0.081665896 0.031814583 0.995301545
1341846340.701946 0.296350032 0.366789579 0.660773396 0.044191204 -0.080941521 0.029857177 0.995290995
1341846340.733954 0.298802942 0.367547870 0.659753263 0.045104139 -0.079325087 0.028380228 0.995423436
1341846340.770081 0.297411501 0.363303840 0.652310550 0.043315679 -0.078458473 0.026241813 0.995630145
1341846340.801980 0.296839803 0.367389947 0.649953842 0.044898115 -0.076344408 0.020818966 0.995852530
1341846340.833999 0.296702385 0.369920641 0.647886395 0.045102391 -0.073769480 0.017213117 0.996106207
1341846340.870013 0.299553514 0.361301482 0.647004902 0.042030659 -0.074655145 0.016481593 0.996186972
1341846340.901955 0.299974203 0.362839490 0.644759059 0.043771978 -0.074504703 0.016376292 0.996124923
1341846340.933918 0.292829275 0.366112828 0.646867990 0.046711471 -0.073939450 0.017391443 0.996016324
1341846340.970122 0.293253869 0.365006477 0.643572867 0.046940029 -0.077007450 0.022458153 0.995671749
1341846341.001922 0.300106704 0.362812847 0.645658672 0.047674432 -0.082780413 0.028040582 0.995031774
1341846341.037923 0.300156027 0.359345406 0.636634767 0.047869150 -0.084640563 0.029604292 0.994820714
1341846341.070300 0.304989129 0.359467387 0.633171618 0.048016414 -0.086473510 0.030196389 0.994638145
1341846341.102028 0.302123338 0.363311172 0.631532609 0.048891682 -0.087375782 0.030238239 0.994515359
1341846341.137982 0.305861831 0.364554584 0.634244740 0.049253482 -0.089762658 0.030260554 0.994284272
1341846341.170048 0.306135178 0.364224821 0.634405851 0.049848564 -0.090113938 0.031538025 0.994183123
1341846341.202110 0.308900774 0.362281352 0.631772101 0.050880961 -0.091014534 0.033279743 0.993991971
1341846341.237996 0.306569755 0.361345083 0.626227081 0.052244067 -0.090030000 0.033900496 0.993989944
1341846341.269883 0.312860370 0.362706095 0.626168132 0.053433821 -0.090931199 0.034846105 0.993811965
1341846341.306107 0.311582267 0.359270275 0.620938897 0.053241324 -0.091416419 0.033922631 0.993809700
1341846341.338109 0.309255183 0.362206638 0.617782414 0.054910704 -0.089983858 0.031263582 0.993936837
1341846341.370120 0.314704180 0.357813239 0.613716781 0.054600131 -0.089495607 0.029561283 0.994050086
1341846341.406074 0.307674378 0.353979886 0.611155450 0.053892929 -0.088040635 0.029452417 0.994221807
1341846341.438113 0.307036996 0.354980737 0.611726522 0.055869352 -0.089906685 0.029822882 0.993934631
1341846341.470024 0.307048976 0.357573062 0.613781095 0.059080057 -0.089744352 0.028203137 0.993810952
1341846341.506077 0.299976021 0.357482255 0.607405603 0.058201697 -0.087635316 0.026943207 0.994085908
1341846341.538156 0.302520514 0.356834769 0.610046864 0.057666156 -0.090736575 0.027857715 0.993813634
1341846341.574016 0.302843422 0.359788179 0.607895315 0.059522957 -0.092446774 0.027832465 0.993547142
1341846341.612466 0.300475657 0.363134623 0.605130553 0.060414024 -0.092583604 0.027748745 0.993482947
1341846341.643972 0.303681135 0.361567706 0.605668843 0.059203796 -0.094753072 0.026275739 0.993391335
1341846341.679982 0.299420536 0.359965354 0.602079034 0.058654491 -0.095610678 0.027838133 0.993299246
1341846341.712332 0.294696182 0.356460869 0.596260130 0.058062367 -0.097158529 0.031331532 0.993079722
1341846341.744185 0.298479855 0.359122097 0.596427858 0.059102986 -0.099882752 0.032811008 0.992700219
1341846341.780061 0.298265725 0.363451600 0.597310781 0.060168788 -0.100464284 0.034216173 0.992530048
1341846341.842595 0.301578522 0.361078441 0.591902912 0.061985377 -0.101663671 0.039341293 0.992106140
1341846341.906227 0.303848743 0.362278879 0.583373368 0.066037484 -0.102106936 0.043618254 0.991620243
1341846341.942069 0.314666808 0.357487142 0.581922889 0.068648748 -0.103885897 0.045201197 0.991187215
1341846341.974775 0.320411116 0.354325593 0.580728173 0.070710674 -0.104950912 0.047322445 0.990830898
1341846342.010161 0.323462874 0.347058862 0.579320848 0.069544934 -0.107080258 0.050297629 0.990539014
1341846342.042024 0.338721931 0.353741825 0.583176553 0.073282115 -0.110180996 0.049294412 0.989979804
1341846342.080032 0.343724728 0.348320544 0.579950035 0.073695086 -0.108174771 0.050121397 0.990128875
1341846342.112265 0.346477687 0.339352787 0.576902509 0.072084464 -0.108348869 0.052734241 0.990092635
1341846342.147954 0.354354233 0.338525683 0.577910483 0.074558944 -0.110923328 0.054797817 0.989512086
1341846342.179852 0.357681602 0.343949586 0.573993921 0.078200363 -0.110431738 0.055751823 0.989232659
1341846342.211848 0.362081230 0.347571790 0.572239816 0.079228476 -0.110429876 0.054831155 0.989202559
1341846342.247920 0.368781388 0.343395531 0.570684612 0.079788871 -0.111186929 0.054281414 0.989103079
1341846342.279870 0.368427247 0.339105815 0.568914294 0.080368362 -0.110559180 0.055129874 0.989079535
1341846342.316068 0.371207684 0.339016646 0.569380283 0.081535339 -0.110866852 0.055968568 0.988902509
1341846342.347894 0.371044844 0.341213524 0.570286989 0.082047984 -0.110745534 0.056081619 0.988867283
1341846342.379953 0.368602574 0.340087414 0.568003774 0.082034104 -0.109492734 0.056166522 0.989003062
1341846342.416195 0.368562967 0.340278149 0.570351422 0.082615539 -0.109631948 0.057723340 0.988849640
