1341846313.592026 0.000000000 0.000000000 0.000000000 -0.000000000 -0.000000000 -0.000000000 1.000000000
1341846313.654184 0.006991618 -0.000836769 -0.006663678 -0.000777906 -0.003099804 0.004560953 0.999984503
1341846313.686156 0.015119657 0.004716101 -0.004368715 0.001195695 -0.005574623 0.003876444 0.999976277
1341846313.721918 0.016034681 0.006485776 -0.006627182 0.001276426 -0.005715176 0.004311780 0.999973595
1341846313.753994 0.020734796 0.008098372 -0.001117729 0.001119551 -0.006273936 0.005611469 0.999963999
1341846313.789969 0.020568285 0.011680661 -0.000497574 0.002883050 -0.005865704 0.003828052 0.999971390
1341846313.822075 0.007237471 0.015552987 -0.007893953 0.003260794 -0.000928971 0.002067863 0.999992132
1341846313.853928 0.000177870 0.018210135 -0.005563349 0.003186788 0.003597846 0.000972635 0.999988019
1341846313.890011 -0.015616223 0.013017991 -0.008543292 0.001745054 0.009014132 0.001633448 0.999956548
1341846313.922055 -0.032995921 0.014751578 -0.010847709 -0.000250933 0.013515704 0.001889394 0.999906838
1341846313.957927 -0.067327566 0.026482685 -0.024548920 0.000665537 0.025651168 0.000523762 0.999670625
1341846313.990058 -0.076291256 0.026030606 -0.018688291 -0.000413893 0.033061028 0.001181856 0.999452591
1341846314.022042 -0.100071602 0.014985320 -0.014789089 -0.006262886 0.040000800 0.005123728 0.999166906
1341846314.057816 -0.113408290 0.023987059 -0.004028809 -0.007546527 0.046135593 0.005353332 0.998892367
1341846314.089801 -0.135799244 0.031467535 -0.000119447 -0.004761886 0.056619857 0.004264078 0.998375356
1341846314.122037 -0.152550131 0.022545749 -0.001907088 -0.008600787 0.063700251 0.006810816 0.997908831
1341846314.157989 -0.168088585 0.034650594 0.003268722 -0.007560630 0.070840873 0.007436867 0.997431278
1341846314.190094 -0.180290550 0.036631450 0.002653790 -0.007284476 0.077382751 0.007821089 0.996944249
1341846314.225969 -0.196782351 0.035520997 -0.003939401 -0.010165140 0.083038054 0.011696225 0.996425927
1341846314.257923 -0.197646990 0.042855281 0.003952621 -0.010259735 0.086119637 0.011686821 0.996163487
1341846314.290052 -0.210092485 0.051628955 0.002750394 -0.007755821 0.090133533 0.010115226 0.995848119
1341846314.325981 -0.221196115 0.061015557 0.000907038 -0.007509934 0.094098508 0.007681285 0.995504975
1341846314.357905 -0.223179176 0.066699713 0.006899873 -0.006773644 0.098749578 0.006132903 0.995070338
1341846314.389899 -0.227031857 0.071157716 0.006734328 -0.004359598 0.102698125 0.004578538 0.994692504
1341846314.427905 -0.234988362 0.074233264 0.006084399 -0.004698904 0.107180797 0.002731798 0.994224727
1341846314.493987 -0.269738019 0.069244407 0.016386747 -0.004418587 0.124395020 -0.004425121 0.992213070
1341846314.526085 -0.282144219 0.072408319 0.007652186 -0.004227761 0.129054502 -0.006146030 0.991609454
1341846314.558292 -0.275963187 0.080371238 0.009484191 -0.003927602 0.132122651 -0.006976989 0.991201043
1341846314.594085 -0.269998014 0.075521849 0.018475164 -0.002959047 0.137706906 -0.006084213 0.990449965
1341846314.626096 -0.316255599 0.070684478 0.011443815 -0.003650832 0.149403960 -0.004934262 0.988757193
1341846314.658455 -0.331261545 0.077908948 0.001450558 -0.004044636 0.153968558 -0.005640619 0.988051414
1341846314.694004 -0.306772143 0.080959417 0.015845420 -0.002418000 0.156360373 -0.008110036 0.987663805
1341846314.725910 -0.315236956 0.079914130 0.013819416 0.001914709 0.160364196 -0.005125435 0.987042785
1341846314.761942 -0.320358247 0.081185937 0.005537515 0.006061928 0.161490887 -0.000588815 0.986855447
1341846314.794030 -0.328261912 0.097701252 0.005108315 0.011898442 0.166460365 -0.002635407 0.985972822
1341846314.826092 -0.345905870 0.103917189 -0.006450204 0.015003765 0.173985854 -0.002320263 0.984631121
1341846314.862145 -0.355025858 0.105384693 -0.008848818 0.015260281 0.180327341 -0.001239305 0.983487487
1341846314.894072 -0.357262433 0.107335232 -0.011767096 0.015816333 0.185077429 0.000543287 0.982596576
1341846314.925969 -0.359730154 0.105057523 -0.010114267 0.015812667 0.189393550 0.004030846 0.981765687
1341846314.961937 -0.402287573 0.086310692 -0.008823113 0.009230927 0.196994126 0.011666941 0.980291784
1341846314.994564 -0.408778042 0.096001811 -0.010477260 0.008144124 0.199566782 0.011202866 0.979786396
1341846315.029900 -0.419730723 0.104319826 -0.010334883 0.009472090 0.206755430 0.008805415 0.978307188
1341846315.061965 -0.432376385 0.109518677 -0.004327631 0.010068931 0.211337656 0.011861914 0.977289259
1341846315.094388 -0.438288808 0.122914359 -0.005142363 0.012829050 0.211763993 0.012368924 0.977158368
1341846315.129851 -0.440253705 0.140216380 -0.007161763 0.017882949 0.213274896 0.009092131 0.976786315
1341846315.161941 -0.477000535 0.106854253 -0.018979320 0.008248602 0.218967915 0.015724374 0.975570500
1341846315.197984 -0.470409453 0.129082590 -0.014033679 0.005739092 0.216203839 0.011263848 0.976266444
1341846315.230076 -0.466118157 0.133709550 -0.009983877 0.002629259 0.215836033 0.007117779 0.976400137
1341846315.262069 -0.476331204 0.117325939 -0.009741239 -0.003289093 0.215523824 0.011635365 0.976423740
1341846315.298000 -0.479011655 0.127053276 -0.005903475 -0.003028628 0.213397890 0.013192707 0.976871669
1341846315.329931 -0.491085202 0.156976491 -0.005314099 0.006934563 0.214846581 0.011406040 0.976556599
1341846315.361981 -0.504735827 0.165303931 -0.000797188 0.014581577 0.217214450 0.014810777 0.975902617
1341846315.397962 -0.519159436 0.179060549 0.001553250 0.020105058 0.220480055 0.017728297 0.975023150
1341846315.429923 -0.535853386 0.193024099 0.000289595 0.025308779 0.225379840 0.018115193 0.973773718
1341846315.466047 -0.558735192 0.202323332 0.006139643 0.027415182 0.234348997 0.017698407 0.971604764
1341846315.497883 -0.567473054 0.207136035 0.004195400 0.028268881 0.238234639 0.021839822 0.970550478
1341846315.530008 -0.563824952 0.200761199 0.009779762 0.027053023 0.239809573 0.022768434 0.970175803
1341846315.566108 -0.554679990 0.191509485 0.012235539 0.024517575 0.240145639 0.023951799 0.970131576
1341846315.597986 -0.571982741 0.195821777 0.018649235 0.025290260 0.244789273 0.023322869 0.968965769
1341846315.630109 -0.576202333 0.199442357 0.022045936 0.025879204 0.247065917 0.022651043 0.968388200
1341846315.666042 -0.575850248 0.197531208 0.010997217 0.024644040 0.248183072 0.022749286 0.968132377
1341846315.698114 -0.599019706 0.208353236 0.019792976 0.020533174 0.256005406 0.020716520 0.966235280
1341846315.733985 -0.590934873 0.197347134 0.028092787 0.017692797 0.257450074 0.023360362 0.965847194
1341846315.766041 -0.529773057 0.155285642 0.022295084 0.009691268 0.244859979 0.025427880 0.969176531
1341846315.798188 -0.545210600 0.162193835 0.032235958 0.009616216 0.247628748 0.023846203 0.968513787
1341846315.834140 -0.537487745 0.169190764 0.027938735 0.012409607 0.247787282 0.022426350 0.968475342
1341846315.866751 -0.535072803 0.173366636 0.024069604 0.015271108 0.248291835 0.022132311 0.968312085
1341846315.898492 -0.532421172 0.166394010 0.022276007 0.015289885 0.247834995 0.021591434 0.968440950
1341846315.936901 -0.541627645 0.170758247 0.030065250 0.019349171 0.251022011 0.021118188 0.967557609
1341846315.966572 -0.538386524 0.169946626 0.022969320 0.022450827 0.250686288 0.020543450 0.967589974
1341846316.034204 -0.535503030 0.165695623 0.019418996 0.025622068 0.248160034 0.018425386 0.968204856
1341846316.066113 -0.543345213 0.166113630 0.027510749 0.028023044 0.248807460 0.018608851 0.967968702
1341846316.101867 -0.553073764 0.170677751 0.025556240 0.030122576 0.247547090 0.020092621 0.968199074
1341846316.134066 -0.561657250 0.148717359 0.030256040 0.024416532 0.245330632 0.017507236 0.968973815
1341846316.202049 -0.568807125 0.145889685 0.039790422 0.024318835 0.240599871 0.014148980 0.970216572
1341846316.233979 -0.563674212 0.138037056 0.026205380 0.022920953 0.237113535 0.011827952 0.971139550
1341846316.270052 -0.522004902 0.131419227 0.019393468 0.020099748 0.230515555 0.009553653 0.972814143
1341846316.301915 -0.528840423 0.125893056 0.040880885 0.019677177 0.233059898 0.008040572 0.972230077
1341846316.334208 -0.498248309 0.144111440 0.023732496 0.024764197 0.225361660 0.009851228 0.973910570
1341846316.370006 -0.475245446 0.139005110 0.019671883 0.025835650 0.219236448 0.007741540 0.975298941
1341846316.401994 -0.470813125 0.135781407 0.025485242 0.027073106 0.216821894 0.010320408 0.975781143
1341846316.438069 -0.465657115 0.137204796 0.027539851 0.030225471 0.214647457 0.013280811 0.976133466
1341846316.470076 -0.439656496 0.090732567 0.015799666 0.027347676 0.208323747 0.019436242 0.977484345
1341846316.502034 -0.409270376 0.090298481 0.000600810 0.028132183 0.198797703 0.020804198 0.979415774
1341846316.537975 -0.382085055 0.078851007 0.005635915 0.022959411 0.190654486 0.019133490 0.981202185
1341846316.570121 -0.339294583 0.066318378 0.005143081 0.020794757 0.182370707 0.017985659 0.982845366
1341846316.601885 -0.297502488 0.064492092 0.004667483 0.022366930 0.173470855 0.016916379 0.984439731
1341846316.638009 -0.293587834 0.092569739 0.001525459 0.029995400 0.170368344 0.014821366 0.984812319
1341846316.669925 -0.265411854 0.085531659 0.003278608 0.030818913 0.163846031 0.013470862 0.985912383
1341846316.705941 -0.246291593 0.083368540 0.008238511 0.034936193 0.159980297 0.013643323 0.986407459
1341846316.738062 -0.232092142 0.093747191 -0.008996486 0.038671087 0.155047014 0.016805355 0.987006903
1341846316.770433 -0.205228835 0.090166919 -0.009784820 0.036277853 0.148445413 0.016298795 0.988120556
1341846316.805932 -0.195358619 0.083059080 -0.004371354 0.036415935 0.145876884 0.015365116 0.988512933
1341846316.838029 -0.221976563 0.052458797 0.006509833 0.032843087 0.148202807 0.020107653 0.988206983
1341846316.870034 -0.200008839 0.050597664 0.009671737 0.032980494 0.139572367 0.020423437 0.989451766
1341846316.906344 -0.199420124 0.052624885 0.003726884 0.034411583 0.135072127 0.020650527 0.990022719
1341846316.937940 -0.174450606 0.050191671 0.000697467 0.033388920 0.128757715 0.017688703 0.990956008
1341846316.973994 -0.176182136 0.046181276 0.002805721 0.031774428 0.125723109 0.016944801 0.991411626
1341846317.005913 -0.168183506 0.037451394 0.003967523 0.029312819 0.120509006 0.019536180 0.992087126
1341846317.037936 -0.171297923 0.052906424 -0.011543948 0.032760944 0.117333129 0.019667393 0.992357254
1341846317.073972 -0.174822569 0.047593515 -0.006887329 0.033381224 0.115245551 0.020241845 0.992569685
1341846317.106113 -0.178164467 0.053071119 -0.010076741 0.037239484 0.113130659 0.026037017 0.992540538
1341846317.137887 -0.176620752 0.049388938 -0.023444124 0.040114529 0.104769461 0.030409588 0.993221760
1341846317.173970 -0.185519546 0.046442661 -0.023477871 0.040066849 0.098844029 0.032388374 0.993768394
1341846317.205887 -0.175649911 0.042421728 -0.020257520 0.039728455 0.093063749 0.035625767 0.994229138
1341846317.248131 -0.194485217 0.045676269 -0.015160656 0.042080332 0.091594256 0.035780184 0.994263291
1341846317.306289 -0.219551697 0.050585393 -0.024555016 0.044314779 0.087458849 0.038879279 0.994422197
1341846317.348137 -0.232850671 0.046815775 -0.023618903 0.045111679 0.090313099 0.039451685 0.994108677
1341846317.410120 -0.240296036 0.049408633 -0.036043324 0.047501251 0.087575972 0.045805257 0.993969798
1341846317.442569 -0.252174467 0.055802964 -0.030045494 0.052589234 0.089383006 0.049320195 0.993384421
1341846317.474010 -0.258600950 0.044106212 -0.027426094 0.055849299 0.090194769 0.050759785 0.993060529
1341846317.509927 -0.258885890 0.049044501 -0.032579333 0.058860406 0.086224742 0.055527743 0.992984116
1341846317.542282 -0.260733277 0.046568699 -0.035347797 0.057197675 0.083175898 0.056334261 0.993295848
1341846317.573943 -0.269139469 0.042604055 -0.032174047 0.056848519 0.085066020 0.054007042 0.993285120
1341846317.610159 -0.276592702 0.046592291 -0.029120453 0.060572840 0.086880513 0.055938654 0.992800951
1341846317.643553 -0.280732960 0.053334314 -0.024349108 0.064109191 0.084921524 0.059739679 0.992526829
1341846317.677993 -0.276140422 0.054450419 -0.024300372 0.065187901 0.079308122 0.061647244 0.992804289
1341846317.709996 -0.278049648 0.057441570 -0.025415771 0.068394125 0.076512694 0.063210636 0.992709696
1341846317.741834 -0.265755832 0.059673000 -0.031470850 0.067758299 0.072100125 0.062453460 0.993131459
1341846317.777923 -0.250867903 0.063141018 -0.034266282 0.066605069 0.066929944 0.062142193 0.993590772
1341846317.810021 -0.232939124 0.061929941 -0.037464365 0.066009313 0.060652621 0.060778908 0.994117677
1341846317.841886 -0.226747856 0.055967905 -0.039431155 0.063452430 0.058033504 0.058282930 0.994589865
1341846317.878017 -0.197633445 0.056408748 -0.041617703 0.060686406 0.051409464 0.054016195 0.995367527
1341846317.909910 -0.197471336 0.055480428 -0.030785311 0.060049474 0.051989481 0.051858585 0.995490789
1341846317.946031 -0.172861263 0.047945876 -0.028500170 0.059379954 0.047219269 0.052570239 0.995731294
1341846317.978041 -0.134415805 0.044136371 -0.020726023 0.060823631 0.037777204 0.051320054 0.996112287
1341846318.009897 -0.128201053 0.043510664 -0.021307413 0.062929913 0.036524560 0.049436431 0.996123374
1341846318.045949 -0.136583582 0.028388597 -0.029000310 0.059891973 0.037870880 0.050585233 0.996202767
1341846318.078074 -0.098482609 0.026097078 -0.023250939 0.058495808 0.028011823 0.048469778 0.996716738
1341846318.109894 -0.061821561 0.021685163 -0.021726156 0.056956124 0.016006071 0.044219468 0.997268498
1341846318.145957 -0.063730352 0.017489079 -0.021472584 0.055350211 0.014111116 0.041333519 0.997511268
1341846318.178001 -0.057585604 0.021147085 -0.018859940 0.055614319 0.012260198 0.038415454 0.997637689
1341846318.214074 -0.035931870 0.018082161 -0.016412348 0.055642698 0.005338941 0.036978036 0.997751474
1341846318.245970 -0.019283473 0.018037375 -0.012087997 0.058843713 -0.004523819 0.038195349 0.997525990
1341846318.278018 -0.006173602 0.017192923 -0.013743775 0.062216923 -0.012906879 0.037916996 0.997258663
1341846318.313937 0.024162035 0.016371058 -0.013446571 0.063192122 -0.026402894 0.037709288 0.996939182
1341846318.345989 0.012201047 0.038540937 -0.018669719 0.069506541 -0.034178969 0.038553946 0.996250093
1341846318.382046 0.027409486 0.037940938 -0.018131660 0.071338564 -0.044584755 0.037575170 0.995746493
1341846318.414072 0.032879006 0.037410535 -0.019583311 0.072719574 -0.054384034 0.039346907 0.995091021
1341846318.446035 0.033040270 0.034981240 -0.025171103 0.074543506 -0.060212705 0.038513187 0.994652927
1341846318.482196 0.046475526 0.029941399 -0.030703131 0.074153744 -0.065656513 0.036185388 0.994424999
1341846318.514144 0.054903951 0.030590938 -0.031038713 0.074357979 -0.069615223 0.037623353 0.994087100
1341846318.546259 0.068682998 0.024112623 -0.021548217 0.074915700 -0.074316062 0.038543656 0.993669569
1341846318.582042 0.070632890 0.018543301 -0.030122917 0.074694805 -0.075804204 0.038593255 0.993571818
1341846318.614115 0.073025696 0.031451054 -0.041657321 0.076811761 -0.078249708 0.040314209 0.993152440
1341846318.650038 0.071708687 0.025031576 -0.043982070 0.075604148 -0.079823554 0.039259065 0.993162155
1341846318.682350 0.069070816 0.029023457 -0.053825092 0.076206423 -0.081189044 0.039363999 0.993001223
1341846318.714063 0.064099059 0.031267840 -0.067630731 0.076358378 -0.082965754 0.038668822 0.992869973
1341846318.749905 0.071766987 0.034640890 -0.061350010 0.078497045 -0.085125819 0.043160129 0.992335141
1341846318.782036 0.072225571 0.042286556 -0.080015868 0.081347689 -0.088341549 0.046980862 0.991650701
1341846318.814121 0.067964137 0.043779217 -0.088264935 0.081733488 -0.094901301 0.046242103 0.991047442
1341846318.850072 0.051690090 0.046348736 -0.092768371 0.083539993 -0.099257655 0.044295929 0.990558863
1341846318.883516 0.032904595 0.055508591 -0.104227625 0.088854849 -0.105640762 0.043656658 0.989463985
1341846318.918047 0.022478767 0.058872934 -0.112361997 0.091966271 -0.117561094 0.041298930 0.987935245
1341846318.950044 0.026328929 0.056057334 -0.112149931 0.093892314 -0.129456952 0.035058428 0.986506999
1341846318.982028 0.020706151 0.053059254 -0.118590213 0.094438441 -0.132571071 0.032649118 0.986123979
1341846319.018123 0.033477522 0.069476672 -0.123720795 0.097060442 -0.143680558 0.031643718 0.984344363
1341846319.050745 0.022635100 0.063151427 -0.112948030 0.098684557 -0.147497997 0.032504901 0.983589947
1341846319.081905 -0.004283820 0.060320165 -0.113221265 0.103339031 -0.142732486 0.031249242 0.983855665
1341846319.117976 -0.028763160 0.061279777 -0.122182392 0.104905501 -0.140496358 0.038336191 0.983761132
1341846319.150093 -0.055259578 0.060201984 -0.124396257 0.106872573 -0.142264619 0.041991446 0.983145833
1341846319.186069 -0.068039626 0.066214494 -0.126523778 0.108268179 -0.141656846 0.042447731 0.983061314
1341846319.218149 -0.093366407 0.071981579 -0.144475669 0.105478600 -0.134425715 0.041160695 0.984433770
1341846319.250034 -0.128098428 0.066656694 -0.138984039 0.099636950 -0.125322580 0.041610833 0.986222744
1341846319.286594 -0.166510120 0.063392706 -0.137453780 0.097884543 -0.117875382 0.045843475 0.987128377
1341846319.318034 -0.205607235 0.058895230 -0.139336020 0.098406382 -0.112385377 0.048590951 0.987585247
1341846319.350268 -0.234775186 0.053100366 -0.140277416 0.098374926 -0.109038934 0.056012932 0.987570465
1341846319.386163 -0.256603807 0.049201883 -0.147644445 0.099591322 -0.110887900 0.064046569 0.986754000
1341846319.418386 -0.286825031 0.049600706 -0.175078288 0.100567244 -0.111739524 0.065221511 0.986481965
1341846319.453961 -0.325748473 0.053997289 -0.186687887 0.102433801 -0.107933804 0.059019793 0.987103999
1341846319.486271 -0.360273004 0.057835814 -0.192158163 0.102499358 -0.104095079 0.057487279 0.987599790
1341846319.554083 -0.353790164 0.050799243 -0.183345392 0.096116938 -0.113609098 0.059724670 0.987060010
1341846319.586296 -0.373117447 0.043492611 -0.188015401 0.095444821 -0.111229271 0.056635674 0.987578213
1341846319.622031 -0.390760422 0.039362632 -0.203747183 0.093000658 -0.112969942 0.056446359 0.987624705
1341846319.653962 -0.405867636 0.031537574 -0.191888511 0.091903612 -0.116270132 0.054493304 0.987454057
1341846319.686352 -0.395737797 0.038588118 -0.186112106 0.094665535 -0.123016588 0.056971677 0.986235082
1341846319.721992 -0.418000340 0.036227182 -0.206463620 0.094622299 -0.124026880 0.059218910 0.985980272
1341846319.754063 -0.416046381 0.047344755 -0.224900246 0.092135847 -0.127745673 0.059882808 0.985700846
1341846319.786397 -0.412970185 0.047688469 -0.209145367 0.087874673 -0.128938943 0.064034261 0.985673666
1341846319.822008 -0.423774481 0.049644943 -0.209573597 0.084811606 -0.129193068 0.069778793 0.985518754
1341846319.853917 -0.422926307 0.053928185 -0.212028965 0.080282539 -0.131132275 0.072106101 0.985474408
1341846319.889942 -0.419429332 0.042530421 -0.194302768 0.076111667 -0.132906273 0.077845193 0.985131025
1341846319.922039 -0.441678405 0.032178242 -0.195090562 0.074956834 -0.134576201 0.079163499 0.984887719
1341846319.953946 -0.450105131 0.024247967 -0.196592972 0.075132608 -0.139023528 0.074510850 0.984619558
1341846319.990054 -0.458105057 0.032455496 -0.191870689 0.079168476 -0.140786216 0.068190940 0.984510839
1341846320.028122 -0.478912622 0.026496954 -0.199582979 0.080558583 -0.141205803 0.066795491 0.984433711
1341846320.090047 -0.430784971 0.046322059 -0.182872236 0.088167474 -0.154899850 0.067357950 0.981679916
1341846320.122011 -0.416432947 0.040265433 -0.195092648 0.087358452 -0.153958380 0.068165086 0.981844664
1341846320.157952 -0.401288629 0.031619102 -0.199966803 0.086118490 -0.152547285 0.068655081 0.982140243
1341846320.190003 -0.366529167 0.008417742 -0.200139314 0.085187189 -0.153055161 0.066469908 0.982292771
1341846320.221941 -0.364809126 0.011008580 -0.201131970 0.089743406 -0.149329573 0.067060180 0.982420325
1341846320.258015 -0.363549680 0.004475856 -0.204546914 0.092898220 -0.147558212 0.068724416 0.982279778
1341846320.289887 -0.301326096 -0.009275162 -0.196338907 0.095651463 -0.156526849 0.071779884 0.980406940
1341846320.321954 -0.240267366 -0.009952005 -0.206752107 0.102910630 -0.165645599 0.072763443 0.978098392
1341846320.357890 -0.215283215 0.013875566 -0.181949824 0.111949123 -0.167323843 0.071420901 0.976918280
1341846320.390064 -0.168173641 0.015472570 -0.183143795 0.112831041 -0.169242054 0.071207039 0.976501822
1341846320.426544 -0.098550409 0.017082531 -0.161859810 0.115611501 -0.169577166 0.066370890 0.976459146
1341846320.458122 -0.052448276 0.028691616 -0.141807050 0.118697040 -0.165765226 0.059867401 0.977163672
1341846320.490186 0.016406851 0.030831523 -0.130696133 0.121452071 -0.166407645 0.058067121 0.976824522
1341846320.525911 0.076738372 0.033957880 -0.124654979 0.124542028 -0.164796367 0.054870989 0.976893365
1341846320.558091 0.113944128 0.042552903 -0.117286511 0.126715824 -0.164619803 0.051884070 0.976806760
1341846320.594093 0.152295679 0.059406199 -0.096148282 0.130458906 -0.163351387 0.046229277 0.976810932
1341846320.631955 0.184828028 0.075520508 -0.071063980 0.135493174 -0.159061417 0.043054137 0.976978719
1341846320.664916 0.212759644 0.082013793 -0.057627775 0.137238145 -0.160134360 0.041362662 0.976632893
1341846320.699927 0.235219672 0.076563463 -0.047710676 0.136938587 -0.158140242 0.038149994 0.977130532
1341846320.731822 0.267551184 0.078115851 -0.034127325 0.139055490 -0.155757859 0.037430625 0.977242053
1341846320.763877 0.286394030 0.103415087 -0.012392645 0.140986308 -0.156040370 0.039264787 0.976848245
1341846320.799999 0.304772854 0.085240096 -0.007094409 0.132786334 -0.159022674 0.031066777 0.977811038
1341846320.831871 0.338062674 0.075574510 -0.004969019 0.132855356 -0.152800843 0.024760090 0.978973091
1341846320.863887 0.352292538 0.113342226 0.011327240 0.136762887 -0.146646082 0.029502563 0.979244888
1341846320.900014 0.358213961 0.106210746 0.064115651 0.132012084 -0.151046589 0.030269505 0.979204535
1341846320.931889 0.404421359 0.084008925 0.060783222 0.130006179 -0.155034363 0.024852574 0.979002118
1341846320.967866 0.406052411 0.121252254 0.050275899 0.134235144 -0.149270758 0.023979524 0.979348838
1341846321.000017 0.441768646 0.115897812 0.063824326 0.127816588 -0.154146254 0.022713149 0.979482472
1341846321.031860 0.475789398 0.111973777 0.102779694 0.126784608 -0.157660067 0.018264001 0.979150355
1341846321.068047 0.522332191 0.113874257 0.109513260 0.126821741 -0.161065400 0.018218286 0.978591979
1341846321.099840 0.544099689 0.117114440 0.134608567 0.125086635 -0.163813785 0.020193018 0.978320301
1341846321.131821 0.573081493 0.108513318 0.157498762 0.125491276 -0.165092155 0.018308770 0.978090703
1341846321.167887 0.609981596 0.121567965 0.175336882 0.129630238 -0.166537479 0.019471986 0.977283061
1341846321.200042 0.623821735 0.132742643 0.185213551 0.131656304 -0.165670648 0.019247890 0.977163970
1341846321.231950 0.626653969 0.121691391 0.181169525 0.130147234 -0.163757324 0.016759913 0.977734327
1341846321.267939 0.661192477 0.116905406 0.178128138 0.129877299 -0.165323406 0.010832020 0.977590322
1341846321.299948 0.689475536 0.128068283 0.206064761 0.132073969 -0.164671376 0.005365668 0.977451324
1341846321.331858 0.689029455 0.138548940 0.212679774 0.134943202 -0.161123559 0.001586175 0.977664053
1341846321.367913 0.711974680 0.124958873 0.226062700 0.135808066 -0.160574123 -0.004472872 0.977625728
1341846321.399897 0.714759529 0.125170887 0.229148120 0.138042286 -0.155917346 -0.006290841 0.978056490
1341846321.435994 0.708991826 0.131855533 0.243951365 0.141448215 -0.151467711 -0.005181744 0.978275597
1341846321.467946 0.731395304 0.132627711 0.253879339 0.143410310 -0.151533484 -0.005358042 0.977978766
1341846321.499882 0.754862010 0.129345208 0.261535376 0.144575343 -0.151154280 -0.005847955 0.977863073
1341846321.536109 0.819128990 0.132949218 0.256191432 0.144645438 -0.153135672 -0.009310625 0.977517545
1341846321.568960 0.799539864 0.155917734 0.276227117 0.145593807 -0.144489780 -0.012016170 0.978662789
1341846321.603938 0.804110944 0.142679051 0.280815095 0.141447395 -0.142246395 -0.013108900 0.979584992
1341846321.637163 0.806323886 0.134486586 0.278959006 0.137979895 -0.135850146 -0.015186802 0.980956554
1341846321.668306 0.766333401 0.168738842 0.304352283 0.139552519 -0.122584008 -0.012069830 0.982523561
1341846321.704411 0.752105236 0.158134222 0.304058224 0.133891046 -0.120672576 -0.004759244 0.983610034
1341846321.736861 0.757388949 0.161219999 0.314064741 0.132462308 -0.123274967 0.001837513 0.983490586
1341846321.771881 0.786280453 0.179266557 0.320285141 0.130752593 -0.126324639 0.006249571 0.983314276
1341846321.804114 0.808364034 0.167928711 0.319504559 0.124992602 -0.126599416 0.008153204 0.984013736
1341846321.836152 0.800911963 0.189665243 0.322864324 0.125119492 -0.122697644 0.008346349 0.984490097
1341846321.871882 0.805406511 0.200970337 0.328976989 0.121647060 -0.121652491 0.004749182 0.985078812
1341846321.904074 0.810417354 0.190844998 0.330783039 0.114586212 -0.120262630 0.000219752 0.986106932
1341846321.939847 0.819145858 0.184603229 0.337279230 0.110749803 -0.118196681 -0.003269045 0.986789465
1341846322.004094 0.804738164 0.182916149 0.332236797 0.104302347 -0.117940165 -0.005007689 0.987515092
1341846322.066178 0.824702621 0.161443576 0.332879066 0.097528897 -0.114004299 -0.008839312 0.988642037
1341846322.107979 0.821409702 0.135896564 0.336994648 0.092954360 -0.112412818 -0.010704033 0.989246368
1341846322.166164 0.824776530 0.097257152 0.334970564 0.092266366 -0.113812938 -0.009658438 0.989161372
1341846322.202932 0.829398453 0.095634125 0.336967945 0.094180249 -0.116602972 -0.010154294 0.988651037
1341846322.234093 0.834767282 0.089979991 0.334927738 0.092173718 -0.118667260 -0.010273039 0.988593280
1341846322.265941 0.835837483 0.076099113 0.336332351 0.088505588 -0.121800661 -0.009957174 0.988550603
1341846322.301996 0.846760750 0.052193224 0.338459134 0.084300689 -0.124698110 -0.008929755 0.988566697
1341846322.333949 0.838214457 0.028731676 0.323214293 0.080604911 -0.125549838 -0.009013731 0.988766372
1341846322.369871 0.862619519 0.003575629 0.329827785 0.079469949 -0.133738920 -0.012654561 0.987744033
1341846322.402292 0.873721898 -0.026529498 0.337080002 0.079043739 -0.132939622 -0.018197253 0.987799585
1341846322.433955 0.854461014 -0.077492364 0.323656678 0.078428350 -0.129739538 -0.020990456 0.988218606
1341846322.470030 0.838695824 -0.087503299 0.325025260 0.085300893 -0.132007003 -0.016518727 0.987433612
1341846322.502433 0.865865111 -0.111182936 0.336377591 0.088931799 -0.138772950 -0.011454060 0.986256599
1341846322.534002 0.877498984 -0.151157945 0.348060489 0.092489980 -0.140706390 -0.009545547 0.985675514
1341846322.570196 0.876485109 -0.133836210 0.343136340 0.105302326 -0.140754342 -0.004169492 0.984419763
1341846322.601920 0.883461237 -0.143213466 0.341548294 0.109864697 -0.146085605 0.000218665 0.983152449
1341846322.638119 0.885352790 -0.151370853 0.346041590 0.115932696 -0.148182899 -0.001469614 0.982140124
1341846322.669947 0.905886352 -0.140479609 0.346718401 0.123383597 -0.147090867 0.000521956 0.981397212
1341846322.702026 0.885269463 -0.212259859 0.349094659 0.116190135 -0.143981978 0.001810259 0.982733846
1341846322.738006 0.903150082 -0.197277531 0.351091027 0.119867668 -0.149245068 0.002660326 0.981504321
1341846322.770087 0.904820204 -0.254952699 0.343967319 0.112585276 -0.147491410 0.002968353 0.982630193
1341846322.806047 0.882090092 -0.257798582 0.351582736 0.117217943 -0.145740360 0.006654427 0.982331634
1341846322.838063 0.895865500 -0.261199772 0.354820162 0.118760660 -0.152508214 0.009398247 0.981095731
1341846322.870081 0.892921090 -0.272297740 0.362522066 0.120410517 -0.156969398 0.009098941 0.980193436
1341846322.906018 0.893811882 -0.263975501 0.366705894 0.127305776 -0.157990843 0.008396770 0.979163766
1341846322.938349 0.900949717 -0.267155886 0.376366317 0.126476645 -0.158719823 0.009901505 0.979139268
1341846322.970069 0.915372670 -0.257655799 0.376512945 0.123656012 -0.161141738 0.011245348 0.979089439
1341846323.011820 0.916770995 -0.286452770 0.381301224 0.118414775 -0.160687208 0.011508776 0.979808748
1341846323.073951 0.912164509 -0.279307395 0.382778496 0.116538197 -0.160574004 0.014208423 0.980016828
1341846323.105962 0.901473105 -0.307843208 0.384316146 0.111808583 -0.159238279 0.012034506 0.980814636
1341846323.138158 0.916583955 -0.329000950 0.391384691 0.109730892 -0.161787793 0.009758263 0.980657220
1341846323.174092 0.906910956 -0.319120526 0.381623209 0.109719813 -0.160546422 0.007954818 0.980878770
1341846323.206059 0.911278427 -0.334751993 0.380474746 0.105291001 -0.160808459 0.003942490 0.981345475
1341846323.238053 0.923807383 -0.339549989 0.391504884 0.102713063 -0.159410387 0.004119318 0.981845915
1341846323.273997 0.918556213 -0.336743891 0.385347515 0.098981485 -0.159900784 0.004863933 0.982146025
1341846323.305946 0.910480917 -0.364902049 0.388140738 0.090683348 -0.162015885 0.003848956 0.982604980
1341846323.342027 0.939670682 -0.414355636 0.397104681 0.083005510 -0.162607104 0.002484111 0.983190179
1341846323.374048 0.917020500 -0.402089983 0.386945069 0.086285681 -0.157253921 0.004547199 0.983771026
1341846323.405987 0.921979725 -0.429523647 0.382931083 0.082035266 -0.163390771 0.010002355 0.983093917
1341846323.441956 0.928095579 -0.450337857 0.398215890 0.081103839 -0.167928711 0.010673460 0.982399225
1341846323.473878 0.944521010 -0.492178202 0.403119951 0.080763474 -0.169396192 0.008160759 0.982199371
1341846323.506129 0.930571675 -0.480190843 0.393393606 0.084849089 -0.167433962 0.006356211 0.982204735
1341846323.541972 0.937359512 -0.478046745 0.405258238 0.083595105 -0.168074101 0.004906385 0.982211232
1341846323.573913 0.975062847 -0.494590372 0.399591237 0.083612703 -0.167575210 -0.002589570 0.982303858
1341846323.609927 0.921231270 -0.462408423 0.383161336 0.090450890 -0.153577700 -0.002768306 0.983984232
1341846323.642014 0.900629818 -0.440102309 0.380298078 0.094928168 -0.149841130 -0.001675761 0.984140992
1341846323.674081 0.912923515 -0.471174985 0.386736423 0.090508111 -0.153899789 0.001850840 0.983930767
1341846323.710069 0.920455456 -0.489505738 0.381325513 0.090918235 -0.156040430 0.004514596 0.983547151
1341846323.742111 0.965336621 -0.507864237 0.402002811 0.093942270 -0.165678024 0.006954100 0.981670678
1341846323.774928 0.937065005 -0.549263597 0.385148585 0.090653710 -0.163049415 0.002561113 0.982440948
1341846323.810012 0.942773461 -0.578929842 0.395172805 0.088377401 -0.165622026 -0.001469214 0.982220232
1341846323.842207 0.921121180 -0.602192819 0.388569117 0.087261781 -0.162195310 -0.007121279 0.982866943
1341846323.878019 0.937111735 -0.610023737 0.388671607 0.088524699 -0.165814206 -0.010016702 0.982124567
1341846323.909826 0.930149078 -0.611467242 0.385233313 0.093531832 -0.165756449 -0.012138738 0.981646180
1341846323.942459 0.929071248 -0.611381888 0.383918405 0.096987695 -0.166045815 -0.011007562 0.981275201
1341846323.978055 0.929026604 -0.598076165 0.391597390 0.102215946 -0.170308858 -0.008495364 0.980038106
1341846324.015934 0.928836048 -0.612477124 0.383196890 0.104059532 -0.171059877 -0.009366682 0.979705274
1341846324.047722 0.941015005 -0.628488064 0.383016497 0.103323713 -0.170923352 -0.009081524 0.979809642
1341846324.083904 0.933702290 -0.612929881 0.386433691 0.104208596 -0.168719456 -0.009500235 0.980093956
1341846324.115968 0.935366571 -0.612013638 0.380711824 0.102596596 -0.166725546 -0.012523073 0.980571151
1341846324.151967 0.938137770 -0.614738703 0.381032050 0.101736993 -0.164289474 -0.017785370 0.980990469
1341846324.183941 0.931727231 -0.600496352 0.386287063 0.100543432 -0.160108238 -0.023303108 0.981689036
1341846324.219984 0.924525619 -0.594130814 0.386104792 0.096713945 -0.157551676 -0.022212753 0.982512355
1341846324.251968 0.922449946 -0.598926723 0.386591166 0.095694229 -0.157501936 -0.023233088 0.982596636
1341846324.284052 0.917182207 -0.588060021 0.384218395 0.096591361 -0.157831013 -0.023474190 0.982450306
1341846324.319880 0.912341535 -0.555414259 0.383571595 0.097495355 -0.160578564 -0.022489047 0.981938660
1341846324.351917 0.922928870 -0.535947740 0.392817348 0.094878502 -0.164958552 -0.022460770 0.981469452
1341846324.388001 0.925299644 -0.505967200 0.384894222 0.096051842 -0.163995653 -0.029255873 0.981337667
1341846324.419908 0.932831705 -0.507277131 0.377592981 0.089986123 -0.162964076 -0.032904353 0.981968701
1341846324.452027 0.922574937 -0.499381512 0.391524166 0.086000666 -0.162300617 -0.032602187 0.982445657
1341846324.487928 0.915799677 -0.475802720 0.393789083 0.086904220 -0.161725491 -0.029400587 0.982562065
1341846324.519985 0.917843044 -0.445321053 0.387649506 0.087967582 -0.164666682 -0.024882220 0.982103646
1341846324.556001 0.917025983 -0.398489654 0.389270306 0.091625094 -0.169465438 -0.022557257 0.981008410
1341846324.587888 0.909809053 -0.385880679 0.386320621 0.088073157 -0.170704842 -0.021451062 0.981143653
1341846324.620086 0.921162963 -0.358779818 0.393668115 0.089840382 -0.175084844 -0.024258016 0.980145752
1341846324.655955 0.919440806 -0.356327176 0.399781138 0.086553171 -0.175718382 -0.024397995 0.980324686
1341846324.688082 0.914436221 -0.359992921 0.399777263 0.084807158 -0.175334260 -0.024195135 0.980551004
1341846324.755922 0.887889564 -0.288847238 0.389510632 0.091843225 -0.174962759 -0.019535106 0.980087399
1341846324.814016 0.891902626 -0.209952399 0.375408262 0.095996432 -0.177630872 -0.026345754 0.979049504
1341846324.849979 0.878308356 -0.181904778 0.381531328 0.094274253 -0.173801303 -0.028036576 0.979856849
1341846324.881924 0.879728615 -0.180918589 0.384440541 0.091024622 -0.175999522 -0.027044300 0.979799688
1341846324.913902 0.885642588 -0.164700389 0.386029124 0.090693332 -0.177770466 -0.024169100 0.979585826
1341846324.949999 0.878182054 -0.164698064 0.386248469 0.090728171 -0.177195087 -0.020934576 0.979761243
1341846324.981922 0.862806082 -0.154088050 0.374641478 0.095100634 -0.177938879 -0.016251212 0.979300618
1341846325.018013 0.852696598 -0.144400448 0.375555813 0.098414585 -0.181390569 -0.015339556 0.978354156
1341846325.050079 0.865381539 -0.108907722 0.377295882 0.103902943 -0.188598469 -0.016498037 0.976402938
1341846325.081901 0.873983860 -0.083738968 0.375913531 0.105342127 -0.194466814 -0.019172873 0.975047767
1341846325.118531 0.876871467 -0.053859599 0.372660428 0.104518168 -0.194574878 -0.020450003 0.975088954
1341846325.149933 0.864056647 -0.057271328 0.370812416 0.098446056 -0.190035939 -0.023552200 0.976544917
1341846325.181925 0.858938634 -0.047199421 0.367714196 0.095478043 -0.188401237 -0.020196183 0.977231383
1341846325.218055 0.871745527 -0.032855913 0.381804675 0.094122224 -0.191627398 -0.017400298 0.976789236
1341846325.249811 0.863526762 -0.031824648 0.378791869 0.089880168 -0.190326884 -0.012143157 0.977522254
1341846325.285925 0.870786309 -0.019982278 0.386110395 0.087194473 -0.192117050 -0.010412710 0.977435291
1341846325.317988 0.863914788 -0.015253851 0.384817272 0.086439483 -0.187373787 -0.009943511 0.978427589
1341846325.349844 0.861061037 -0.028616771 0.387180626 0.087134369 -0.183080882 -0.008262461 0.979193926
1341846325.387302 0.873197854 -0.013813334 0.396147043 0.091881365 -0.182658061 -0.003573119 0.978867233
1341846325.417931 0.883049071 0.003368255 0.390457511 0.096723340 -0.177817315 -0.000851274 0.979298174
1341846325.450747 0.877616048 0.007959571 0.398543775 0.102448657 -0.169550136 0.001479277 0.980181038
1341846325.485954 0.853152633 0.047758117 0.400980502 0.116143309 -0.160662577 0.001981222 0.980150223
1341846325.517875 0.857342124 0.077290833 0.406074971 0.122823186 -0.158912554 0.005325480 0.979608595
1341846325.553859 0.860533893 0.081261545 0.405308098 0.125924572 -0.155733824 0.005341683 0.979725182
1341846325.585855 0.850157976 0.130572468 0.411190063 0.134247065 -0.152026430 0.004847305 0.979204953
1341846325.617990 0.846336365 0.154120505 0.402629167 0.133312672 -0.148744136 0.003818199 0.979840994
1341846325.653982 0.843540311 0.122447357 0.399628133 0.127407879 -0.146688357 0.000418180 0.980943263
1341846325.685819 0.815998197 0.114230752 0.393613160 0.130557448 -0.140875891 0.001636212 0.981379688
1341846325.717857 0.822518587 0.168737069 0.406012475 0.141482532 -0.142178401 0.009556675 0.979630947
1341846325.754083 0.830202341 0.150858015 0.399258673 0.140594259 -0.143466979 0.014255760 0.979513764
1341846325.786087 0.840519488 0.169179469 0.410599917 0.149067029 -0.145145714 0.017050313 0.977967858
1341846325.821856 0.827842951 0.209903657 0.409274846 0.157409653 -0.141315281 0.018236510 0.977199912
1341846325.853827 0.811991453 0.219702050 0.411357254 0.158622935 -0.139175326 0.021689139 0.977240324
1341846325.885958 0.803397357 0.251801908 0.407719672 0.161373660 -0.141644314 0.027115647 0.976299226
1341846325.921984 0.806155026 0.255139738 0.411170572 0.159918576 -0.145772338 0.031307403 0.975805461
1341846325.953899 0.830055177 0.244428128 0.422055185 0.160580918 -0.148596391 0.032265536 0.975239396
1341846325.985823 0.812326491 0.277012348 0.422713250 0.166775391 -0.143167749 0.036501043 0.974862337
1341846326.021991 0.807336152 0.275031447 0.424062878 0.167959541 -0.142982960 0.043158267 0.974414110
1341846326.054055 0.815686762 0.303434908 0.435556501 0.175638080 -0.145658210 0.047634672 0.972453535
1341846326.089984 0.824455023 0.346340060 0.436176598 0.182837620 -0.144478604 0.047659177 0.971300662
1341846326.121822 0.827237546 0.352447569 0.441741824 0.182629004 -0.141042933 0.046105132 0.971919656
1341846326.154079 0.813818216 0.352406383 0.444082439 0.183454826 -0.137042329 0.044618990 0.972405791
1341846326.190178 0.798861921 0.391782224 0.455609500 0.190402091 -0.135919139 0.048496660 0.971041262
1341846326.222162 0.794270635 0.411543846 0.451021373 0.190043926 -0.137108505 0.054096591 0.970648348
1341846326.259181 0.798751950 0.424369812 0.462305397 0.187145203 -0.141333058 0.057997268 0.970380366
1341846326.322766 0.804852366 0.466840655 0.478407502 0.183927864 -0.142470509 0.056057476 0.970942974
1341846326.359773 0.793217719 0.464997530 0.476062894 0.179670975 -0.138794273 0.053110152 0.972437024
1341846326.392109 0.806336462 0.446231127 0.485511333 0.175543278 -0.139223665 0.053793959 0.973091781
1341846326.423985 0.781764567 0.453500956 0.479505002 0.179651648 -0.135123804 0.059221782 0.972604632
1341846326.459869 0.779702425 0.490662634 0.489213079 0.185245097 -0.138233647 0.062600426 0.970905244
1341846326.526163 0.788816094 0.549598336 0.511059225 0.191285923 -0.137675613 0.061362285 0.969891667
1341846326.560211 0.784377515 0.575405836 0.522898495 0.189783260 -0.133794606 0.062899828 0.970631242
1341846326.591828 0.779054284 0.604876220 0.540293932 0.191118255 -0.131800771 0.064649954 0.970527053
1341846326.627027 0.780794978 0.618169188 0.542587399 0.191039503 -0.130195647 0.064981259 0.970737040
1341846326.658442 0.795317590 0.628334343 0.542128265 0.188173994 -0.128210694 0.062289532 0.971736908
1341846326.694856 0.780937195 0.640807331 0.547425628 0.185174093 -0.123400651 0.061441626 0.972989142
1341846326.726206 0.758608162 0.632914901 0.537281156 0.175506577 -0.117799290 0.059142478 0.975614130
1341846326.762753 0.784796596 0.646328449 0.543898404 0.169744849 -0.118883908 0.055910759 0.976692021
1341846326.826821 0.765118241 0.633159518 0.550750375 0.148200735 -0.110004701 0.050780430 0.981507480
1341846326.858887 0.765787125 0.619327068 0.554164767 0.138706625 -0.109043732 0.049156718 0.983083725
1341846326.895360 0.738903046 0.634013772 0.557982206 0.139262900 -0.106459416 0.051150203 0.983186603
1341846326.926897 0.737493217 0.638926506 0.553862631 0.140471756 -0.109963648 0.052552916 0.982554793
1341846326.958888 0.743967414 0.650415659 0.564205348 0.142244369 -0.112825215 0.055838827 0.981793821
1341846326.994594 0.750901878 0.656792223 0.565238297 0.141512185 -0.113350138 0.057122156 0.981765330
1341846327.026301 0.749739707 0.650327086 0.563382328 0.136034697 -0.111070022 0.055014901 0.982919872
1341846327.063945 0.753639221 0.671779513 0.572930217 0.137093559 -0.109388694 0.051746659 0.983138740
1341846327.094662 0.746432662 0.686511755 0.576761961 0.138358682 -0.106122956 0.049593221 0.983430445
1341846327.128901 0.741518795 0.688534379 0.582196295 0.136215985 -0.105321191 0.049576480 0.983816504
1341846327.161940 0.750108600 0.686267138 0.575419307 0.131961986 -0.107783183 0.049258888 0.984145522
1341846327.193867 0.747734606 0.680772781 0.579503715 0.129541546 -0.104658216 0.046110891 0.984956563
1341846327.229885 0.715830386 0.690703869 0.562896192 0.130567804 -0.094781943 0.042928547 0.985964358
1341846327.262014 0.656108022 0.701337636 0.543269992 0.131768301 -0.077463754 0.037630700 0.987532496
1341846327.294023 0.600386858 0.718182683 0.529179692 0.138570607 -0.054697063 0.034460794 0.988240361
1341846327.330015 0.555643618 0.709768295 0.511893451 0.135239586 -0.035696730 0.031501524 0.989668489
1341846327.361939 0.534182549 0.712165534 0.504243493 0.131318003 -0.027767986 0.025025913 0.990635276
1341846327.393887 0.500451386 0.717340589 0.493388504 0.130110815 -0.019570351 0.020341532 0.991097569
1341846327.429966 0.472976416 0.737511873 0.469358742 0.127940416 -0.015342284 0.015325738 0.991544783
1341846327.461965 0.470269650 0.746178925 0.446030468 0.118728399 -0.020181186 0.010582649 0.992665231
1341846327.497931 0.436115921 0.747829854 0.439566433 0.114433765 -0.014970752 0.008255956 0.993283749
1341846327.530068 0.393252760 0.753662050 0.430030823 0.111788057 -0.007130525 0.009822009 0.993657947
1341846327.561895 0.377188802 0.765950859 0.426142722 0.110131770 -0.007152513 0.014296090 0.993788481
1341846327.598010 0.336676836 0.769402862 0.427736819 0.111265719 -0.003359220 0.017460652 0.993631661
1341846327.629945 0.380782396 0.799766958 0.420045972 0.114746571 -0.017549872 0.017178396 0.993091226
1341846327.662003 0.379767984 0.802515209 0.421287417 0.115262322 -0.019986678 0.013387488 0.993043780
1341846327.697919 0.345016539 0.811356127 0.404740483 0.116036579 -0.014584569 0.014441370 0.993032932
1341846327.730075 0.303064913 0.811944246 0.397157609 0.109395206 -0.009726351 0.019508561 0.993759334
1341846327.766017 0.280508965 0.815510273 0.395898879 0.104781590 -0.005776754 0.018875973 0.994299352
1341846327.797917 0.303058982 0.828683734 0.400066286 0.098491885 -0.010610409 0.022012688 0.994837821
1341846327.830054 0.297483325 0.830749452 0.403740138 0.091359816 -0.009819775 0.020703003 0.995554328
1341846327.865944 0.293802679 0.822788715 0.394681931 0.084026575 -0.007073996 0.020840891 0.996220410
1341846327.898010 0.282444149 0.838783622 0.399597287 0.082342729 -0.004548966 0.021874754 0.996353626
1341846327.929991 0.290870428 0.840565026 0.397426486 0.076172799 -0.007281332 0.019625638 0.996874928
1341846327.966065 0.291402787 0.852516174 0.404829383 0.072883800 -0.007034970 0.016719775 0.997175515
1341846327.998073 0.298562855 0.860711157 0.406151742 0.066330217 -0.007205748 0.014740130 0.997662842
1341846328.034045 0.284004271 0.868350029 0.403258324 0.061129477 -0.003119765 0.012216319 0.998050272
1341846328.065993 0.294431835 0.852158546 0.400486618 0.052488159 -0.004424130 0.013034869 0.998526692
1341846328.098045 0.289723963 0.842865705 0.405342668 0.051603101 -0.003178958 0.014366678 0.998559296
1341846328.133967 0.285993636 0.837344587 0.395556569 0.052799977 -0.004274333 0.018011795 0.998433530
1341846328.166023 0.282680869 0.829493523 0.393982142 0.051049024 -0.007048376 0.018816259 0.998494029
1341846328.198018 0.262339294 0.826259077 0.401691347 0.053419840 -0.006209468 0.015111460 0.998438478
1341846328.234044 0.247421443 0.815973282 0.400153220 0.056522194 -0.005259782 0.014264608 0.998285592
1341846328.265899 0.217631862 0.814667761 0.397912741 0.060358983 -0.001740662 0.014531051 0.998069465
1341846328.302051 0.183757991 0.812866449 0.401374549 0.066395946 0.004397165 0.013698271 0.997689664
1341846328.333917 0.151027918 0.801337898 0.399937242 0.070685513 0.009770723 0.016156588 0.997319937
1341846328.366008 0.176308677 0.805161715 0.405865788 0.079732984 0.004235988 0.018217366 0.996640801
1341846328.402010 0.139814064 0.776464462 0.407043427 0.090338364 0.012510608 0.018669777 0.995657563
1341846328.433920 0.199771747 0.760190725 0.385251045 0.091762036 -0.001095747 0.020339070 0.995572627
1341846328.470003 0.196464390 0.762524903 0.397854626 0.096190348 -0.001432783 0.013954429 0.995264113
1341846328.502194 0.204561815 0.756278038 0.400349379 0.101663142 -0.000092041 0.007382585 0.994791508
1341846328.534033 0.204735726 0.743893862 0.398365527 0.104157984 0.002661727 0.004731145 0.994545996
1341846328.570125 0.200515971 0.740423739 0.409659952 0.108447812 0.002640171 0.010348318 0.994044781
1341846328.602804 0.171057403 0.715754867 0.408789545 0.112848222 0.001807236 0.013614655 0.993517339
1341846328.672663 0.179029405 0.689295948 0.376313388 0.123544671 -0.010908919 0.009306224 0.992235422
1341846328.702975 0.190065011 0.685322642 0.380747139 0.129177928 -0.016352927 0.006818087 0.991463125
1341846328.770129 0.186894119 0.691452801 0.385336637 0.145118728 -0.017993333 0.002546128 0.989247322
1341846328.802331 0.196851581 0.684181452 0.399060220 0.148269892 -0.022880653 0.002698900 0.988678575
1341846328.838051 0.198439002 0.680627108 0.395324498 0.154189944 -0.024531636 -0.000802960 0.987736344
1341846328.869939 0.185857341 0.688433826 0.388530195 0.156137034 -0.022958046 -0.001410795 0.987467587
1341846328.904486 0.170786589 0.671395481 0.385663062 0.151263490 -0.023376219 -0.002689972 0.988213360
1341846328.939814 0.186348245 0.656599700 0.378770411 0.155596644 -0.028260747 -0.001857048 0.987414598
1341846328.970217 0.168843836 0.651241064 0.371915460 0.158255756 -0.027623888 0.002890553 0.987007439
1341846329.006232 0.176508769 0.628010452 0.360936731 0.156537622 -0.031266361 0.006615232 0.987154841
1341846329.038243 0.169981152 0.623389900 0.354490697 0.162104338 -0.030158231 0.005166088 0.986299217
1341846329.106125 0.179266408 0.620344758 0.344607234 0.165401012 -0.031711329 0.004208758 0.985707462
1341846329.138340 0.178590149 0.615998507 0.341352582 0.168624222 -0.032183144 0.002566687 0.985151529
1341846329.169991 0.181526974 0.606521249 0.333444268 0.169146568 -0.033649184 0.001969416 0.985014379
1341846329.208656 0.180794001 0.604735672 0.331611156 0.170690089 -0.034188867 0.000404019 0.984731436
1341846329.238169 0.182946518 0.600463092 0.325998455 0.169662088 -0.035135601 0.001180371 0.984875083
1341846329.273827 0.188232198 0.596252441 0.325403035 0.169756427 -0.037089378 0.002195018 0.984785438
1341846329.306052 0.177879080 0.583995700 0.316027671 0.168022022 -0.037606645 -0.000470898 0.985065579
1341846329.338104 0.183376774 0.562231243 0.310723126 0.161097646 -0.039282143 -0.003804448 0.986149073
1341846329.373907 0.187708452 0.555968106 0.307594240 0.159952343 -0.040776994 -0.004331972 0.986272693
1341846329.405985 0.183823392 0.560623884 0.306458175 0.163761139 -0.041243482 -0.007538508 0.985608697
1341846329.442057 0.186603770 0.559633076 0.302465528 0.163529679 -0.041649558 -0.011555999 0.985591114
1341846329.473950 0.185989469 0.551489949 0.300021261 0.163360417 -0.042473547 -0.017272329 0.985500455
1341846329.506147 0.173583031 0.563880682 0.294365048 0.166622683 -0.041692611 -0.019468067 0.984946549
1341846329.542121 0.174140558 0.545077622 0.285697132 0.162988052 -0.045011818 -0.020196449 0.985393822
1341846329.574086 0.187033102 0.520233274 0.281759202 0.163350835 -0.049015421 -0.022183014 0.985099971
1341846329.606387 0.184200853 0.522072613 0.274016023 0.166512772 -0.048767716 -0.022985602 0.984564304
1341846329.641955 0.180488467 0.510298848 0.271029621 0.164749131 -0.049602158 -0.022425653 0.984832227
1341846329.681570 0.155216858 0.501563728 0.270711899 0.164127022 -0.048592404 -0.022838149 0.984976947
1341846329.748113 0.171222478 0.484867334 0.266333938 0.164232910 -0.050344195 -0.025280319 0.984811664
1341846329.810175 0.172850296 0.455006450 0.259553403 0.160655901 -0.048212018 -0.020935729 0.985609949
1341846329.842255 0.156338230 0.441831946 0.254754961 0.160938159 -0.045748353 -0.018001160 0.985739291
1341846329.874044 0.153310552 0.432429492 0.255991489 0.161880687 -0.045796402 -0.014465879 0.985640943
1341846329.910073 0.156688765 0.442833632 0.248985872 0.163462922 -0.047120474 -0.011259439 0.985359251
1341846329.942009 0.148432225 0.440218359 0.253273040 0.158835277 -0.046715695 -0.006184333 0.986179888
1341846329.978087 0.164172351 0.423654646 0.256437451 0.157861769 -0.049732354 -0.006587270 0.986186087
1341846330.016305 0.172319248 0.433426648 0.248870358 0.160273150 -0.049520791 -0.007794892 0.985798895
1341846330.048192 0.163817272 0.423208863 0.243450478 0.153639466 -0.047257461 -0.005487516 0.986981034
1341846330.080418 0.158419326 0.420924783 0.241498441 0.151679724 -0.046711098 -0.003611278 0.987318814
1341846330.115886 0.153390273 0.422063410 0.242777586 0.157327801 -0.044293135 -0.002494296 0.986549556
1341846330.147839 0.157688007 0.430429578 0.239458635 0.158988222 -0.045736134 -0.001983432 0.986218572
1341846330.181257 0.154879406 0.419984221 0.233672664 0.150341704 -0.045737185 0.001998663 0.987573564
1341846330.215852 0.171386734 0.421597540 0.238428786 0.146292627 -0.047571864 0.000566309 0.988096714
1341846330.247833 0.171781212 0.417756498 0.236685723 0.144749090 -0.047694068 0.000740242 0.988317966
1341846330.283913 0.171615288 0.430891663 0.231668875 0.142424032 -0.048238195 0.001372003 0.988628685
1341846330.316011 0.151959568 0.386118263 0.230308563 0.129440397 -0.045647956 0.000696168 0.990535736
1341846330.347868 0.152106002 0.403688282 0.229362860 0.131752491 -0.047647357 -0.000768988 0.990136623
1341846330.383835 0.160182387 0.417371929 0.232924193 0.132936969 -0.049089681 0.000053781 0.989908040
1341846330.415934 0.164868414 0.398415655 0.224143937 0.130423456 -0.048504896 -0.004388249 0.990261495
1341846330.452561 0.148578167 0.392519772 0.226888955 0.133106396 -0.047055736 -0.003100068 0.989979208
1341846330.483903 0.151013315 0.393464297 0.224229753 0.132288247 -0.050098628 -0.000340153 0.989944398
1341846330.515970 0.147854641 0.376107484 0.220556721 0.128808871 -0.052059554 0.002603811 0.990298569
1341846330.552099 0.150961012 0.393057883 0.220303327 0.133664683 -0.053965487 0.004532205 0.989545882
1341846330.583876 0.146892712 0.402953088 0.219925687 0.133594185 -0.053829186 0.004736970 0.989561856
1341846330.619992 0.159803554 0.394020140 0.207112357 0.125904992 -0.057400282 0.003544814 0.990373969
1341846330.652136 0.168349326 0.378441721 0.210123152 0.117645003 -0.059944123 0.001067014 0.991244256
1341846330.683796 0.168852732 0.395560503 0.203893915 0.116012260 -0.059458453 -0.001259133 0.991465688
1341846330.719991 0.150668651 0.391309083 0.199562445 0.115202725 -0.060048610 0.002356206 0.991522551
1341846330.752103 0.141211480 0.375835836 0.193287700 0.114332996 -0.063220516 0.005533332 0.991413414
1341846330.787952 0.152260974 0.379159927 0.181407571 0.114271514 -0.070500247 0.009844809 0.990895987
1341846330.819823 0.150388882 0.371629715 0.183242202 0.112474643 -0.074316308 0.008448973 0.990835607
1341846330.852208 0.147384867 0.379030198 0.183322147 0.112170473 -0.075575165 0.009941232 0.990761042
1341846330.914111 0.153514251 0.398676366 0.179118857 0.105019018 -0.080256619 0.007867401 0.991195261
1341846330.949903 0.148549721 0.384851694 0.173876017 0.100867935 -0.080919094 0.008860379 0.991564035
1341846330.981986 0.144258708 0.383965015 0.164438263 0.100994863 -0.085219488 0.007674381 0.991200686
1341846331.014111 0.125244200 0.411397606 0.172536463 0.104842849 -0.085624628 0.009119619 0.990753889
1341846331.082139 0.125721022 0.398210406 0.164643019 0.104383901 -0.088468179 0.005184434 0.990580916
1341846331.114334 0.124170952 0.413577646 0.163283661 0.106711708 -0.090627618 0.003883487 0.990143597
1341846331.149989 0.133644938 0.404135078 0.163912237 0.105578691 -0.092655040 0.003903390 0.990077257
1341846331.181954 0.124722257 0.402469933 0.157999441 0.109040990 -0.092017055 0.002281343 0.989766538
1341846331.218151 0.119723357 0.399669975 0.147474006 0.105820209 -0.094997317 0.003546908 0.989830792
1341846331.249914 0.120062858 0.404691666 0.151887149 0.106434494 -0.095242284 0.000944208 0.989747286
1341846331.318141 0.106731616 0.413912594 0.135828644 0.118596785 -0.082267620 -0.003177502 0.989523530
1341846331.349926 0.082323283 0.394037277 0.124557957 0.113551930 -0.075053297 -0.004791248 0.990681648
1341846331.382003 0.127428696 0.452617139 0.121448390 0.128159940 -0.074078120 -0.007835531 0.988952041
1341846331.418008 0.117322184 0.429693460 0.109738357 0.129590988 -0.063348033 -0.008999350 0.989501059
1341846331.450327 0.106751196 0.413987041 0.108351327 0.128046900 -0.058118753 -0.007869964 0.990032434
1341846331.486219 0.102393128 0.411118567 0.108745746 0.127025485 -0.056422900 -0.007428432 0.990265548
1341846331.518344 0.067386642 0.384997696 0.097153746 0.121087864 -0.048040047 -0.011366924 0.991413474
1341846331.550202 0.019332441 0.387268811 0.105955362 0.124954984 -0.034966320 -0.011060487 0.991484404
1341846331.586139 0.027166739 0.395105898 0.108038709 0.126906380 -0.035764083 -0.009405819 0.991225123
1341846331.617931 -0.005173227 0.402359515 0.113662608 0.127375275 -0.030043280 -0.008976295 0.991358876
1341846331.654027 -0.003380568 0.418018281 0.126379028 0.131814376 -0.026661824 -0.007887000 0.990884423
1341846331.686123 -0.031090518 0.411866903 0.137290746 0.132276356 -0.020149333 -0.005431669 0.990993202
1341846331.717954 -0.043891553 0.399795681 0.136735812 0.125703111 -0.019219112 -0.004109159 0.991873264
1341846331.754076 -0.060652833 0.388633639 0.148433909 0.123486042 -0.014918482 -0.007077794 0.992208958
1341846331.785920 -0.051833261 0.349913478 0.157372534 0.119773820 -0.013577884 -0.006213563 0.992688894
1341846331.818053 -0.068416387 0.346520454 0.164437726 0.118485406 -0.009742920 -0.005763809 0.992891252
1341846331.853849 -0.080043875 0.344312698 0.166551262 0.117322832 -0.006827307 -0.007100509 0.993044972
1341846331.885987 -0.097441271 0.336937577 0.166793182 0.119281083 -0.000032338 -0.009928485 0.992810965
1341846331.922014 -0.110901751 0.332850575 0.177609816 0.120096073 0.005258306 -0.009682251 0.992701173
1341846331.954037 -0.130905390 0.333865672 0.185747340 0.120869659 0.011740760 -0.009865147 0.992549956
1341846331.986135 -0.141565606 0.368031323 0.182515413 0.130320340 0.019726681 -0.006493772 0.991254449
1341846332.022364 -0.159742445 0.368195862 0.196287647 0.137798488 0.026378829 -0.006398914 0.990088344
1341846332.054175 -0.161160782 0.360640407 0.197778448 0.142095387 0.026515668 -0.005521249 0.989482343
1341846332.086502 -0.175137445 0.367290676 0.215153992 0.146100432 0.028921306 -0.004066394 0.988838553
1341846332.122051 -0.135444075 0.367722392 0.229313314 0.147770658 0.023455864 -0.005317404 0.988729239
1341846332.153983 -0.134766728 0.357989997 0.226946205 0.141801238 0.023213103 -0.008105428 0.989589751
1341846332.190165 -0.153529868 0.346505255 0.237725422 0.133396104 0.025027486 -0.009225898 0.990703821
1341846332.254145 -0.145741984 0.356034696 0.274411827 0.139313996 0.023503814 -0.010427958 0.989914358
1341846332.289948 -0.167843491 0.350861639 0.277899146 0.139889523 0.026995264 -0.008953990 0.989758551
1341846332.322172 -0.159214228 0.350630790 0.295371264 0.140987739 0.024738971 -0.006474387 0.989681065
1341846332.354003 -0.133172557 0.335167348 0.295222640 0.141314104 0.023806766 -0.008628624 0.989640892
1341846332.390180 -0.157491818 0.334768355 0.291402876 0.141342416 0.033025470 -0.013306102 0.989320278
1341846332.422055 -0.178275734 0.328661561 0.296209723 0.137934834 0.039063636 -0.016436284 0.989534199
1341846332.458114 -0.184534833 0.327850491 0.303290874 0.137578994 0.043115497 -0.019451303 0.989360809
1341846332.489993 -0.204253927 0.328580827 0.321615517 0.138706714 0.047924835 -0.017341422 0.989021242
1341846332.522130 -0.205584958 0.334813684 0.333374351 0.138646290 0.043871518 -0.012680806 0.989288509
1341846332.558114 -0.219647691 0.339026660 0.333605856 0.139874920 0.041087329 -0.006350592 0.989295959
1341846332.589874 -0.208478794 0.346961766 0.322878420 0.139921218 0.037389074 -0.005007304 0.989443839
1341846332.621889 -0.212840691 0.351189554 0.324251056 0.135500506 0.038171716 -0.005272259 0.990027666
1341846332.658202 -0.221099377 0.361033946 0.340081990 0.134855792 0.041365925 -0.007537302 0.989972711
1341846332.690001 -0.229230329 0.360012800 0.348325849 0.132378235 0.043500129 -0.008047604 0.990211606
1341846332.726000 -0.254356831 0.360096008 0.369198918 0.132741541 0.047589056 -0.003502939 0.990001380
1341846332.758386 -0.253340244 0.358235478 0.366285205 0.132615075 0.045133404 -0.003550532 0.990133166
1341846332.789937 -0.257829696 0.352459013 0.360670984 0.129688442 0.048006259 -0.003844929 0.990384519
1341846332.825925 -0.273124874 0.351620376 0.366886944 0.127989262 0.053714018 -0.005281148 0.990305841
1341846332.857898 -0.302048713 0.344366372 0.384906918 0.127304316 0.061386060 -0.008158720 0.989928722
1341846332.894069 -0.327064961 0.333730936 0.386463106 0.122983679 0.066050731 -0.005876505 0.990190804
1341846332.926029 -0.342537254 0.325771481 0.388166130 0.116587915 0.070372097 -0.010255077 0.990631104
1341846332.958015 -0.373826504 0.318326771 0.397560477 0.111208998 0.080036812 -0.013233192 0.990480483
1341846332.994073 -0.399412006 0.314703733 0.399080694 0.107107259 0.086599231 -0.015851200 0.990342081
1341846333.026545 -0.427320242 0.303718567 0.407221437 0.101543412 0.093839429 -0.018702680 0.990218878
1341846333.057998 -0.459516168 0.299501508 0.413078368 0.099869490 0.103098020 -0.017623162 0.989487946
1341846333.094024 -0.497585416 0.287027329 0.416442752 0.097177871 0.111274481 -0.015854897 0.988899946
1341846333.126095 -0.524726272 0.280646652 0.410962850 0.095219240 0.118346080 -0.015827749 0.988269746
1341846333.161973 -0.567571938 0.279756725 0.426110595 0.093837567 0.129582033 -0.012748244 0.987036228
1341846333.195660 -0.599255562 0.268879324 0.429737717 0.088719159 0.137737200 -0.012577682 0.986407220
1341846333.226331 -0.636776984 0.259447187 0.437179774 0.084640771 0.145352855 -0.014107438 0.985651791
1341846333.262056 -0.673797131 0.254012734 0.439909250 0.078557611 0.152962029 -0.017647404 0.984946668
1341846333.294147 -0.710567951 0.244439527 0.455387950 0.073124893 0.161605641 -0.020510057 0.983928800
1341846333.326100 -0.662147284 0.256774694 0.446954280 0.074243084 0.150342122 -0.018734312 0.985664368
1341846333.362100 -0.661597610 0.256086230 0.447198957 0.069706656 0.150197133 -0.019791851 0.985997021
1341846333.394119 -0.659250438 0.251643836 0.450038731 0.066775478 0.148530260 -0.018733116 0.986472964
1341846333.429974 -0.660076261 0.252031237 0.451048970 0.065860182 0.147325054 -0.019211529 0.986706018
1341846333.462115 -0.653726101 0.240351960 0.451045007 0.063332014 0.146777838 -0.020594597 0.986925125
1341846333.494040 -0.664521873 0.238414004 0.450920135 0.063612767 0.149849832 -0.022547850 0.986402631
1341846333.529953 -0.646597981 0.254394025 0.455306560 0.068114042 0.148296088 -0.023436353 0.986316144
1341846333.562063 -0.668786764 0.256636590 0.460204452 0.069346778 0.154664978 -0.022085590 0.985282779
1341846333.594090 -0.679868102 0.263717204 0.463710189 0.068916716 0.155819923 -0.020780604 0.985159338
1341846333.629994 -0.659126401 0.253067970 0.459613591 0.062558502 0.149193317 -0.020880913 0.986606240
1341846333.662127 -0.682067156 0.254620433 0.461048782 0.059761666 0.152654320 -0.021524690 0.986236274
1341846333.697964 -0.702866256 0.251737356 0.474120110 0.058547299 0.156089008 -0.019814486 0.985807300
1341846333.730092 -0.707153440 0.253800184 0.464065671 0.061795719 0.157272950 -0.020285800 0.985411108
1341846333.762089 -0.726233363 0.253080517 0.463842094 0.063100301 0.161122903 -0.019228216 0.984727442
1341846333.798006 -0.708250642 0.253679603 0.457967073 0.064892024 0.157839760 -0.019171709 0.985143781
1341846333.830055 -0.704910338 0.257464021 0.453210831 0.068038091 0.158202708 -0.021459112 0.984826028
1341846333.866045 -0.710429609 0.253501117 0.449243337 0.067912228 0.159874186 -0.022782195 0.984535038
1341846333.897987 -0.722857058 0.262738258 0.446746260 0.071513973 0.161854476 -0.023990365 0.983927488
1341846333.930099 -0.744290233 0.265685827 0.445378870 0.075161077 0.166336939 -0.026515123 0.982842684
1341846333.965889 -0.753965914 0.265159488 0.443107694 0.076992020 0.168215796 -0.026096404 0.982392371
1341846333.997985 -0.729246914 0.266868234 0.432347029 0.080626234 0.164093092 -0.026755877 0.982780278
1341846334.030076 -0.731877506 0.252843797 0.423985541 0.080561481 0.164701715 -0.025570370 0.982715309
1341846334.066000 -0.751741171 0.265647292 0.430068970 0.084993027 0.166830182 -0.024079265 0.982020378
1341846334.097932 -0.749479949 0.254014850 0.420490950 0.084161915 0.165493473 -0.023741413 0.982326329
1341846334.133884 -0.753835261 0.251186669 0.413857073 0.084915325 0.166305438 -0.022938406 0.982143462
1341846334.166115 -0.744530857 0.229052916 0.397639871 0.080626294 0.162628502 -0.022852995 0.983122170
1341846334.198072 -0.763530195 0.259407997 0.397008091 0.087167867 0.164365977 -0.025740547 0.982203186
1341846334.234097 -0.777054965 0.264277011 0.394326329 0.088250220 0.167289317 -0.028153552 0.981546581
1341846334.266045 -0.786052823 0.260421842 0.393427163 0.087720878 0.169469625 -0.026895469 0.981255174
1341846334.297946 -0.792916536 0.262780547 0.391253918 0.089558490 0.167969555 -0.025309175 0.981389344
1341846334.334036 -0.789497674 0.260496825 0.378571570 0.088905461 0.165011600 -0.025316233 0.981950164
1341846334.365871 -0.785289347 0.261463612 0.368904382 0.088138260 0.163915575 -0.027083231 0.982155740
1341846334.401845 -0.788753271 0.256525725 0.363645792 0.085558303 0.164577425 -0.026766233 0.982281864
1341846334.433864 -0.793192565 0.260808647 0.355365455 0.086680330 0.163080588 -0.025357999 0.982470512
1341846334.466105 -0.803058863 0.266480744 0.353132427 0.088094726 0.162622109 -0.025257763 0.982423246
1341846334.502142 -0.813808978 0.266480714 0.350025117 0.086535625 0.162330657 -0.024017286 0.982641160
1341846334.540153 -0.818776250 0.263530344 0.345092803 0.085420609 0.161609247 -0.026755052 0.982786834
1341846334.602351 -0.841518462 0.262255281 0.332424909 0.077882148 0.160292879 -0.031960763 0.983472943
1341846334.670161 -0.847290277 0.265873790 0.322579056 0.073123187 0.158314824 -0.039629437 0.983879566
1341846334.702085 -0.846136928 0.266373247 0.314791620 0.072098203 0.154459015 -0.037329707 0.984657705
1341846334.734751 -0.847518861 0.270320565 0.305201650 0.073098376 0.151348591 -0.036131322 0.985111535
1341846334.770889 -0.847586632 0.272214025 0.296578079 0.073659778 0.148965761 -0.033043716 0.985541284
1341846334.802194 -0.843850255 0.272777379 0.283949763 0.072826155 0.144282550 -0.032560915 0.986315787
1341846334.833908 -0.842951000 0.275986880 0.268389612 0.072242685 0.141985670 -0.034104709 0.986639738
1341846334.869874 -0.838567555 0.278448790 0.254598081 0.070791714 0.140285596 -0.033739239 0.987000585
1341846334.902006 -0.827510178 0.262695819 0.243910581 0.065797143 0.134920835 -0.029509675 0.988228917
1341846334.938010 -0.821655869 0.270741552 0.231173053 0.066635370 0.130035147 -0.031660937 0.988760948
1341846334.970032 -0.813396156 0.284597665 0.225310385 0.068381011 0.129081726 -0.034975171 0.988654971
1341846335.002203 -0.812015057 0.287521541 0.207080498 0.071134582 0.127354220 -0.032052223 0.988783836
1341846335.037880 -0.802664697 0.280219764 0.196967110 0.071966313 0.121073619 -0.028574172 0.989618957
1341846335.069990 -0.806968153 0.296563476 0.196177050 0.074971959 0.118680209 -0.030819569 0.989618301
1341846335.106038 -0.831379414 0.268782288 0.177410007 0.070157476 0.123387806 -0.033330150 0.989314139
1341846335.138045 -0.837184310 0.266477942 0.167527407 0.071311839 0.124137267 -0.032904647 0.989152133
1341846335.169900 -0.845973551 0.262670517 0.147403210 0.069571398 0.121666476 -0.031174233 0.989638984
1341846335.206091 -0.848050296 0.272788674 0.147399336 0.070576452 0.120204665 -0.035355262 0.989605904
1341846335.239365 -0.854566753 0.261879563 0.144020379 0.068777755 0.122134976 -0.038614016 0.989374399
1341846335.269948 -0.861473024 0.259165198 0.131814465 0.069737136 0.123274073 -0.038612787 0.989166021
1341846335.305972 -0.870792568 0.256818652 0.121832386 0.070995592 0.122166052 -0.038291503 0.989226401
1341846335.338012 -0.874033809 0.266506255 0.123184666 0.074351415 0.121218562 -0.037985083 0.989108324
1341846335.374005 -0.874532461 0.268846720 0.121079780 0.080404818 0.122731201 -0.037466951 0.988467693
1341846335.406025 -0.882020593 0.266047418 0.113008857 0.086636014 0.125262320 -0.035567403 0.987693548
1341846335.438079 -0.884693503 0.270284861 0.094052628 0.091912188 0.125332862 -0.033015840 0.987296224
1341846335.473998 -0.888744533 0.274837524 0.085071005 0.094222933 0.126991153 -0.033355318 0.986854970
1341846335.507038 -0.894520462 0.287702471 0.076646656 0.096675612 0.130472288 -0.035781968 0.986078382
1341846335.538040 -0.894659638 0.294188589 0.068720311 0.096311577 0.132049248 -0.037808500 0.985828400
1341846335.574119 -0.905815125 0.287539244 0.059644461 0.092235118 0.132582307 -0.036382984 0.986200273
1341846335.605970 -0.906022429 0.291875362 0.050466426 0.091609932 0.131650299 -0.037761416 0.986331582
1341846335.641978 -0.903990984 0.293765008 0.038574312 0.092232525 0.132199392 -0.039675828 0.986124933
1341846335.673993 -0.913675845 0.296605855 0.031182317 0.092021145 0.133479223 -0.039388023 0.985983789
1341846335.706178 -0.912446439 0.292687297 0.018463852 0.091079243 0.131081998 -0.036214799 0.986514390
1341846335.741982 -0.916552901 0.297804147 0.012796843 0.091867156 0.131457403 -0.039318096 0.986272514
1341846335.773960 -0.921626985 0.299179733 -0.000441644 0.091581583 0.131810442 -0.038642559 0.986278653
1341846335.806271 -0.933588445 0.300072074 -0.007772747 0.089042984 0.132504433 -0.038580604 0.986420572
1341846335.842031 -0.923695803 0.298826009 -0.017078333 0.087280013 0.131791785 -0.037813317 0.986703277
1341846335.873966 -0.935169458 0.297991306 -0.021788774 0.087990500 0.134368241 -0.039144218 0.986240685
1341846335.910005 -0.940905750 0.302387446 -0.034899376 0.087591536 0.133988142 -0.036512457 0.986428797
1341846335.941936 -0.941373765 0.303707659 -0.043331891 0.087123483 0.131523505 -0.034598287 0.986870885
1341846335.974198 -0.942282021 0.307637811 -0.050943211 0.086804852 0.130727962 -0.037607342 0.986894548
1341846336.010032 -0.955625594 0.310866266 -0.052972220 0.086680733 0.132099643 -0.039213330 0.986660302
1341846336.042129 -0.965983033 0.311440527 -0.068982370 0.085251004 0.131021455 -0.038093403 0.986972451
1341846336.078076 -0.965425491 0.309754848 -0.072518378 0.085226879 0.128873885 -0.038655601 0.987235427
1341846336.110739 -0.966997623 0.318044931 -0.081087120 0.086455494 0.128748432 -0.041252781 0.987039804
1341846336.142002 -0.972724438 0.319046319 -0.090662628 0.086502641 0.128430039 -0.038833391 0.987175286
1341846336.183953 -0.980153084 0.318186253 -0.099284202 0.085040361 0.125929192 -0.037537917 0.987674475
1341846336.241891 -0.985960007 0.327644736 -0.103789151 0.084530070 0.126099885 -0.039172605 0.987633049
1341846336.277946 -0.992110610 0.320352226 -0.107546300 0.084385715 0.126069680 -0.036743723 0.987742543
1341846336.309977 -0.955799162 0.326070756 -0.143351287 0.088593073 0.116160646 -0.030018602 0.988815904
1341846336.346143 -0.905605674 0.335322469 -0.172614068 0.090674192 0.106306933 -0.030114599 0.989732385
1341846336.377975 -0.845810950 0.343822092 -0.190767065 0.093446374 0.095994510 -0.030001046 0.990531564
1341846336.410032 -0.797782004 0.345737725 -0.213846505 0.094641313 0.087893866 -0.028196042 0.991222799
1341846336.446041 -0.743802965 0.349722177 -0.233616084 0.093736842 0.078001052 -0.028723598 0.992121100
1341846336.477990 -0.697211742 0.350917608 -0.246160477 0.093412355 0.070749037 -0.027222384 0.992737472
1341846336.510056 -0.651643395 0.357484132 -0.265773445 0.094652213 0.064149648 -0.028838284 0.993022740
1341846336.546024 -0.594230771 0.358272433 -0.280996799 0.094328582 0.054483678 -0.030717654 0.993574381
1341846336.578003 -0.546983540 0.359741271 -0.304630399 0.093120284 0.046277188 -0.028592065 0.994167745
1341846336.614020 -0.497392863 0.361956447 -0.316806167 0.092871770 0.039472610 -0.031967226 0.994381666
1341846336.645982 -0.446088642 0.361234397 -0.335027814 0.092295773 0.032623723 -0.030655194 0.994724810
1341846336.678036 -0.394414246 0.352282792 -0.337783605 0.089129470 0.024104258 -0.034031942 0.995146632
1341846336.714024 -0.344132274 0.355268717 -0.345022857 0.092497200 0.013789534 -0.034081973 0.995033979
1341846336.746016 -0.296148926 0.348748118 -0.349701881 0.094678231 0.003165943 -0.033542503 0.994937658
1341846336.778014 -0.243934125 0.349098533 -0.379084557 0.096523710 -0.009542930 -0.030630965 0.994813502
1341846336.820006 -0.194577500 0.347851932 -0.394107282 0.097673692 -0.021395717 -0.025868626 0.994652152
1341846336.882056 -0.094964005 0.330406189 -0.371686101 0.098193139 -0.039681103 -0.016501041 0.994239032
1341846336.914273 -0.031191789 0.320384264 -0.369886637 0.098040327 -0.055264927 -0.010820676 0.993587852
1341846336.945998 0.039784014 0.340833694 -0.360810459 0.109916151 -0.073692113 -0.013476063 0.991113663
1341846336.981980 0.143407986 0.344856560 -0.383873016 0.109881774 -0.099749006 -0.015398754 0.988806903
1341846337.014238 0.218589425 0.350821346 -0.361364812 0.107945189 -0.116775788 -0.018985804 0.987092137
1341846337.046017 0.279296190 0.353669375 -0.322489738 0.107817784 -0.129486561 -0.020378530 0.985491395
1341846337.082104 0.338621646 0.358383566 -0.317353487 0.108234093 -0.140466362 -0.022440407 0.983895838
1341846337.114317 0.377983660 0.358452976 -0.298617303 0.106773004 -0.149867758 -0.020849910 0.982702613
1341846337.150037 0.425670326 0.354410022 -0.275272399 0.104324639 -0.160822019 -0.023036668 0.981184006
1341846337.181873 0.468964368 0.354036212 -0.255767554 0.104586139 -0.168260291 -0.025511807 0.979846597
1341846337.214073 0.504710555 0.347283334 -0.236260131 0.100200541 -0.174074918 -0.024351934 0.979318559
1341846337.250087 0.536049902 0.354836911 -0.217517287 0.100831248 -0.182163209 -0.021928573 0.977838814
1341846337.282028 0.580806017 0.359935403 -0.218401968 0.102178112 -0.193908185 -0.017919064 0.975519419
1341846337.317920 0.592406869 0.351060361 -0.211916700 0.099131234 -0.195025861 -0.018311188 0.975603759
1341846337.350018 0.624210477 0.346910268 -0.208021387 0.096190736 -0.200493306 -0.017881609 0.974797487
1341846337.382159 0.636467576 0.347161114 -0.202448845 0.095284969 -0.201073378 -0.022103254 0.974680305
1341846337.417941 0.658956409 0.351501435 -0.203065053 0.098237395 -0.204490036 -0.020885127 0.973702788
1341846337.450137 0.663019061 0.327263176 -0.198434711 0.093481660 -0.207098469 -0.023094101 0.973569751
1341846337.482096 0.669622242 0.327086359 -0.192381799 0.092303142 -0.208335459 -0.022910288 0.973422587
1341846337.518008 0.669120967 0.325430661 -0.188200355 0.093147144 -0.208921015 -0.022407547 0.973228395
1341846337.549978 0.676724017 0.329664856 -0.190664455 0.093220621 -0.210624993 -0.023802072 0.972820938
1341846337.585971 0.678820968 0.332659930 -0.186241999 0.091903053 -0.211390868 -0.025193991 0.972745121
1341846337.617903 0.680730581 0.330931365 -0.176429629 0.094499730 -0.212787464 -0.025061797 0.972195029
1341846337.650141 0.687686622 0.336958081 -0.182601556 0.096414730 -0.214153275 -0.025090210 0.971706271
1341846337.686352 0.703860581 0.346059352 -0.179222882 0.096042544 -0.216768607 -0.024823723 0.971169949
1341846337.718002 0.701406956 0.341659427 -0.167812705 0.094172776 -0.215538338 -0.025976168 0.971596599
1341846337.749920 0.720876098 0.351705849 -0.165267527 0.095454276 -0.217210963 -0.025961243 0.971099377
1341846337.786157 0.723384678 0.364797086 -0.159848005 0.094578147 -0.215084836 -0.024799604 0.971688449
1341846337.817945 0.733047009 0.362740487 -0.144382909 0.092645757 -0.215298638 -0.024612945 0.971832037
1341846337.854071 0.723747373 0.353830129 -0.149436936 0.089970455 -0.209403470 -0.025876043 0.973337531
1341846337.885951 0.745838821 0.356127113 -0.130440176 0.087372936 -0.211792558 -0.026105842 0.973051131
1341846337.918223 0.737968206 0.359788060 -0.132322758 0.084577747 -0.208636895 -0.031067746 0.973833740
1341846337.954120 0.757740855 0.359019667 -0.109724350 0.082954258 -0.211660147 -0.030273907 0.973345876
1341846337.985994 0.740582228 0.365844876 -0.117591277 0.080350854 -0.206824675 -0.030385185 0.974599421
1341846338.018107 0.761326253 0.363127381 -0.088225104 0.077394135 -0.209767148 -0.029513516 0.974236608
1341846338.054055 0.742512107 0.368140936 -0.103808872 0.075312234 -0.204286635 -0.031845048 0.975490093
1341846338.085986 0.764352977 0.374336839 -0.072776139 0.074226223 -0.205810338 -0.031888075 0.975251675
1341846338.121875 0.765746713 0.365660220 -0.058219858 0.070768908 -0.204818621 -0.029948320 0.975778759
1341846338.154089 0.799614131 0.361530960 -0.026190389 0.068453312 -0.212452695 -0.024386374 0.974465728
1341846338.186029 0.815840542 0.361965716 0.000635076 0.066660561 -0.216553077 -0.022814972 0.973725140
1341846338.222071 0.825393081 0.350651443 0.019390525 0.062974393 -0.216738150 -0.022774484 0.973930299
1341846338.254107 0.812732577 0.361510485 0.022356715 0.064182498 -0.213740662 -0.022672266 0.974516034
1341846338.290130 0.825210869 0.362850845 0.037958704 0.065240048 -0.216618925 -0.021150503 0.973844290
1341846338.321952 0.822139502 0.362545341 0.045214958 0.064099438 -0.215599179 -0.019161090 0.974187434
1341846338.354022 0.826260507 0.364143342 0.061443545 0.064472347 -0.216602504 -0.019674106 0.973930061
1341846338.389969 0.821309924 0.362293005 0.066996530 0.062656105 -0.215099961 -0.018575467 0.974403024
1341846338.422377 0.821312726 0.366501749 0.080524117 0.062598057 -0.215522796 -0.020000115 0.974285066
1341846338.454010 0.819483280 0.360661179 0.090706490 0.060484063 -0.216060504 -0.021377724 0.974270344
1341846338.489894 0.815865636 0.358883172 0.099055499 0.058848824 -0.216274887 -0.021055488 0.974329889
1341846338.522066 0.797537208 0.350960314 0.106460273 0.058299486 -0.212675720 -0.021094447 0.975153983
1341846338.558058 0.793929935 0.355192184 0.104767099 0.057832167 -0.212251395 -0.021603055 0.975263119
1341846338.589842 0.783550858 0.352054000 0.111737698 0.055856016 -0.210853875 -0.023105327 0.975646973
1341846338.622019 0.779542625 0.350971609 0.119326197 0.056820590 -0.209702179 -0.021859325 0.975868165
1341846338.657984 0.772667706 0.344886661 0.125203118 0.054620840 -0.209235549 -0.019655764 0.976140797
1341846338.690198 0.773416340 0.356412232 0.133760244 0.055158872 -0.209792748 -0.021445440 0.975953221
1341846338.722454 0.761116028 0.354398072 0.143634677 0.055410180 -0.206774428 -0.021456309 0.976582646
1341846338.757945 0.758345842 0.350247383 0.148924738 0.053426988 -0.207099348 -0.019291539 0.976669490
1341846338.790039 0.752219915 0.345550656 0.158232883 0.050506204 -0.208490446 -0.020689467 0.976500332
1341846338.826048 0.744104028 0.343338341 0.163619995 0.051465895 -0.205570802 -0.022947174 0.977018595
1341846338.858027 0.744572163 0.345250696 0.171271518 0.051299717 -0.204621166 -0.022915227 0.977227449
1341846338.889902 0.740342498 0.342997044 0.180867881 0.048619159 -0.205208644 -0.024302598 0.977207780
1341846338.925948 0.734274566 0.341599971 0.188061863 0.048808157 -0.203052804 -0.026709439 0.977585793
1341846338.958108 0.726540267 0.342974931 0.199467257 0.049643036 -0.200165853 -0.026467418 0.978145599
1341846338.990057 0.727619171 0.342065394 0.209854603 0.050224029 -0.201207444 -0.025285920 0.977933407
1341846339.025928 0.727048635 0.339613825 0.219924957 0.052137133 -0.200363025 -0.025516165 0.978000700
1341846339.057939 0.726590335 0.332863659 0.230029732 0.052690309 -0.198537156 -0.023799129 0.978386641
1341846339.093927 0.720900953 0.346221626 0.234715313 0.053282544 -0.198631972 -0.022872053 0.978357375
1341846339.126562 0.724647462 0.344590455 0.241627321 0.050051544 -0.199607775 -0.025047934 0.978276134
1341846339.157969 0.726095855 0.344561756 0.252916574 0.048690025 -0.197165266 -0.028161222 0.978755414
1341846339.194113 0.720461488 0.350498378 0.270276397 0.047198672 -0.196281165 -0.025907267 0.979068339
1341846339.228165 0.726900697 0.347377777 0.282101303 0.042488597 -0.199929982 -0.024579950 0.978579938
1341846339.257998 0.725612342 0.343159229 0.299832612 0.039469145 -0.199122176 -0.025195397 0.978855371
1341846339.294132 0.721342385 0.355630994 0.304249436 0.041394759 -0.196293533 -0.022924388 0.979402781
1341846339.326577 0.711818516 0.371459991 0.299405426 0.039519463 -0.196261674 -0.022156868 0.979504287
1341846339.362269 0.709862173 0.363527864 0.306320220 0.035534993 -0.196815237 -0.026373509 0.979441404
1341846339.394725 0.715274096 0.362792730 0.323546261 0.034682952 -0.195983440 -0.025293032 0.979667246
1341846339.462186 0.727436900 0.356979817 0.359230965 0.030458890 -0.200904191 -0.026437761 0.978780329
1341846339.496743 0.727335691 0.351699591 0.373160541 0.032678831 -0.196620882 -0.027032841 0.979561925
1341846339.562052 0.716534019 0.340633780 0.385963082 0.032204896 -0.192404568 -0.025458148 0.980456650
1341846339.595122 0.721687615 0.347343326 0.394101024 0.035849661 -0.192377225 -0.026271533 0.980314016
1341846339.632085 0.720873535 0.353574872 0.408474565 0.039128188 -0.188808382 -0.027981460 0.980835080
1341846339.664568 0.719844699 0.349107295 0.415197432 0.039177872 -0.186170474 -0.029609609 0.981289446
1341846339.698896 0.720653653 0.339620650 0.427770436 0.037356511 -0.185987428 -0.028621681 0.981424451
1341846339.731977 0.718782246 0.337081194 0.433032900 0.037692126 -0.185186177 -0.030216789 0.981515288
1341846339.762241 0.716212928 0.335647434 0.440108299 0.038166370 -0.183453485 -0.030987881 0.981798351
1341846339.797873 0.716471672 0.334902465 0.451802790 0.038278691 -0.183657527 -0.029113077 0.981813252
1341846339.830245 0.715269804 0.332514167 0.459487498 0.037738990 -0.184000030 -0.029655213 0.981753707
1341846339.862015 0.717582941 0.337400019 0.466225147 0.038512174 -0.184115812 -0.030154552 0.981686771
1341846339.897797 0.719387531 0.333345324 0.473631948 0.037161089 -0.183315203 -0.030371575 0.981882036
1341846339.929916 0.712988257 0.331278414 0.482592285 0.036869157 -0.181585044 -0.029194081 0.982250094
1341846339.961960 0.711094260 0.331439435 0.491896838 0.038425382 -0.182035387 -0.028355714 0.982131660
1341846339.997845 0.709888220 0.336810768 0.501874149 0.041340288 -0.180587083 -0.030305795 0.982222497
1341846340.029925 0.711762726 0.334222376 0.509468555 0.041862715 -0.178729936 -0.028406300 0.982596695
1341846340.066044 0.712966561 0.335519433 0.522645175 0.044532858 -0.178177148 -0.027478147 0.982606113
1341846340.098009 0.706900716 0.342004746 0.523847938 0.046671975 -0.176459670 -0.027300442 0.982821643
1341846340.130102 0.703726053 0.334441781 0.530724227 0.044806864 -0.175833240 -0.029106131 0.982968926
1341846340.166041 0.707770526 0.329469532 0.540305972 0.045538928 -0.174605995 -0.029825026 0.983132482
1341846340.197867 0.700229585 0.334859401 0.546237648 0.047816716 -0.170966759 -0.029919494 0.983660936
1341846340.229904 0.699000239 0.328881770 0.547448993 0.045077007 -0.170902565 -0.029979633 0.983799636
1341846340.265859 0.705004752 0.325985223 0.563522398 0.045152307 -0.171337873 -0.030324839 0.983709872
1341846340.298061 0.702777267 0.324106544 0.566047251 0.046439510 -0.168612540 -0.028010501 0.984189332
1341846340.334063 0.693646491 0.333316267 0.565741539 0.046850245 -0.168068558 -0.028308352 0.984254360
1341846340.366064 0.696116209 0.333126366 0.584096849 0.046674747 -0.170309693 -0.030013835 0.983826876
1341846340.397995 0.698813915 0.331285298 0.583905518 0.048171319 -0.170151040 -0.030150278 0.983778000
1341846340.433895 0.695648730 0.325538754 0.584924221 0.047072176 -0.169930324 -0.028343948 0.983923078
1341846340.465959 0.698493659 0.324545056 0.590030730 0.047279164 -0.173201874 -0.026431693 0.983395755
1341846340.501858 0.703266859 0.326273501 0.602566361 0.048581727 -0.177038178 -0.027375139 0.982623041
1341846340.534329 0.708955050 0.331892043 0.605923355 0.050535418 -0.179215118 -0.027777346 0.982118428
1341846340.566041 0.711810887 0.322933167 0.600867867 0.049760733 -0.180240810 -0.026370095 0.982009113
1341846340.601909 0.715500355 0.324431986 0.600904405 0.052499689 -0.180984825 -0.025678607 0.981747925
1341846340.634005 0.721949756 0.324879467 0.595265627 0.052934885 -0.181798145 -0.026227428 0.981559753
1341846340.666028 0.726874769 0.328392953 0.603237808 0.054542702 -0.182066962 -0.028421026 0.981360853
1341846340.701946 0.735013902 0.324648708 0.609428048 0.056278437 -0.182239726 -0.029458115 0.981200099
1341846340.733954 0.735069573 0.327869147 0.597141206 0.057628792 -0.179256469 -0.030966809 0.981624722
1341846340.770081 0.732687652 0.325742722 0.591809630 0.056843013 -0.177647650 -0.033551481 0.981878102
1341846340.801980 0.735702217 0.323221415 0.590800524 0.057546318 -0.176709279 -0.039144665 0.981799364
1341846340.833999 0.738828540 0.322977901 0.592108130 0.057507802 -0.174778104 -0.042043943 0.982027471
1341846340.870013 0.739078522 0.321768582 0.594451606 0.056534555 -0.175132945 -0.043977462 0.981936038
1341846340.901955 0.741400957 0.322726130 0.592563093 0.057986028 -0.175621226 -0.043603711 0.981780827
1341846340.933918 0.740988016 0.324009001 0.591450036 0.059404515 -0.176349074 -0.040381759 0.981703401
1341846340.970122 0.737180829 0.322174251 0.586083531 0.058660023 -0.178989872 -0.035155568 0.981471241
1341846341.001922 0.739541411 0.320740670 0.584270656 0.058982693 -0.183527187 -0.030300256 0.980775595
1341846341.037923 0.743924677 0.320430756 0.582536399 0.059632894 -0.186238632 -0.028624075 0.980275393
1341846341.070300 0.741249859 0.327005059 0.576637805 0.061532825 -0.185928881 -0.029004699 0.980205536
1341846341.102028 0.741925359 0.329663873 0.575631261 0.061930872 -0.187436685 -0.028526228 0.979907334
1341846341.137982 0.744398654 0.329945236 0.573632181 0.062095549 -0.189474598 -0.028493354 0.979505837
1341846341.170048 0.748178601 0.328432560 0.571498692 0.062355552 -0.190045595 -0.027636163 0.979403257
1341846341.202110 0.748100400 0.323271662 0.566134155 0.062390678 -0.190283239 -0.025211556 0.979420304
1341846341.237996 0.747042596 0.323457837 0.566895723 0.064117663 -0.190150410 -0.024605693 0.979350030
1341846341.269883 0.748044372 0.322950304 0.566754878 0.064918123 -0.190070912 -0.023860764 0.979331076
1341846341.306107 0.750127017 0.323204875 0.562990427 0.065513216 -0.190811440 -0.024704501 0.979126573
1341846341.338109 0.752912462 0.326950222 0.558698595 0.067666754 -0.190355390 -0.026618710 0.979018629
1341846341.370120 0.755096436 0.322251737 0.558965385 0.067646556 -0.189478800 -0.028603595 0.979134142
1341846341.406074 0.746188700 0.322756946 0.553480446 0.067932479 -0.187578231 -0.029457431 0.979454935
1341846341.438113 0.751738191 0.316323847 0.553002954 0.067840762 -0.190602288 -0.028649658 0.978901207
1341846341.470024 0.750317812 0.318538308 0.554573357 0.071351416 -0.190366343 -0.030442722 0.978643417
1341846341.506077 0.748842597 0.321497172 0.551029623 0.071188465 -0.189241961 -0.031002460 0.978855729
1341846341.538156 0.742280304 0.316706181 0.545892000 0.069252118 -0.189937562 -0.030857984 0.978864551
1341846341.574016 0.746300697 0.317820311 0.549740672 0.070452176 -0.193041712 -0.030141789 0.978193700
1341846341.612466 0.750659943 0.319446445 0.543736279 0.070358299 -0.193936795 -0.029211093 0.978051662
1341846341.643972 0.747446358 0.322338700 0.547525167 0.070007481 -0.195336640 -0.030275417 0.977765799
1341846341.679982 0.744403839 0.321230471 0.544333696 0.069893435 -0.196035594 -0.030502692 0.977626979
1341846341.712332 0.746662617 0.327262074 0.540359974 0.070753142 -0.198581427 -0.027156681 0.977149904
1341846341.744185 0.749073744 0.331246912 0.540923595 0.071996607 -0.200873986 -0.025657145 0.976630926
1341846341.780061 0.751709461 0.332750797 0.540074408 0.072200812 -0.201817274 -0.024161421 0.976459503
1341846341.842595 0.756993711 0.326434314 0.532086551 0.072642788 -0.203038141 -0.018901227 0.976289570
1341846341.906227 0.761314034 0.314106137 0.529517591 0.072979249 -0.204812378 -0.013195802 0.975987613
1341846341.942069 0.769482195 0.308267623 0.528819382 0.075287603 -0.206334874 -0.011292767 0.975515306
1341846341.974775 0.772446990 0.304485530 0.525924981 0.077125423 -0.206894711 -0.008839119 0.975278497
1341846342.010161 0.772760928 0.303240567 0.522558212 0.076740079 -0.208269313 -0.006199755 0.975036681
1341846342.042024 0.779602647 0.301713228 0.523313820 0.078600608 -0.209790066 -0.005601002 0.974565923
1341846342.080032 0.786904156 0.302445948 0.524160624 0.080703475 -0.208664820 -0.005266522 0.974637508
1341846342.112265 0.765446663 0.299208879 0.517516911 0.080528103 -0.204817504 -0.003608461 0.975475252
1341846342.147954 0.772340059 0.296008915 0.520566463 0.082224518 -0.207481414 -0.001144474 0.974776566
1341846342.179852 0.776553929 0.298737317 0.518575609 0.085114710 -0.207234129 0.000490013 0.974581659
1341846342.211848 0.778670311 0.301125944 0.517049611 0.086232625 -0.206781402 -0.000268063 0.974579632
1341846342.247920 0.781794190 0.298929721 0.515937626 0.087693311 -0.206933871 -0.001337222 0.974415958
1341846342.279870 0.786625087 0.298344761 0.519129813 0.089062124 -0.207459390 -0.000222575 0.974180996
1341846342.316068 0.788814425 0.298264056 0.517420352 0.089984514 -0.207638666 0.000846015 0.974057615
1341846342.347894 0.786893308 0.300569862 0.513545036 0.090610705 -0.206866592 0.000180995 0.974164188
1341846342.379953 0.786698818 0.299090058 0.515499413 0.090456456 -0.206218287 0.001095640 0.974315405
1341846342.416195 0.787380636 0.297563702 0.516403258 0.090478145 -0.206450760 0.002795797 0.974260747
