1341846313.592026 0.000000000 0.000000000 0.000000000 -0.000000000 -0.000000000 -0.000000000 1.000000000
1341846313.654184 0.007634165 -0.000045228 -0.007013678 -0.000810181 -0.003136166 0.005190743 0.999981284
1341846313.686156 0.016746124 0.003413301 -0.003939579 0.000811671 -0.005975852 0.004794162 0.999970317
1341846313.721918 0.017404262 0.005749444 -0.006482216 0.001001462 -0.006039381 0.005273213 0.999967396
1341846313.753994 0.019320842 0.007951383 -0.003752119 0.000944543 -0.005961441 0.006442321 0.999961078
1341846313.789969 0.020476777 0.010567505 -0.002219440 0.002486901 -0.005878950 0.004893504 0.999967635
1341846313.822075 0.014145977 0.011987980 -0.005050064 0.002422427 -0.002536553 0.003144104 0.999988914
1341846313.853928 0.007505638 0.015530253 -0.002168999 0.002540898 0.001963902 0.001974384 0.999992907
1341846313.890011 -0.002825960 0.011583972 -0.002684321 0.001308293 0.006430142 0.001849532 0.999976754
1341846313.922055 -0.017921496 0.013841285 -0.004527260 -0.000582037 0.010311181 0.002032031 0.999944627
1341846313.957927 -0.056651678 0.019725010 -0.012284985 -0.001579720 0.024147645 0.002212052 0.999704719
1341846313.990058 -0.065279901 0.019949405 -0.006184906 -0.002546401 0.031588975 0.002442791 0.999494791
1341846314.022042 -0.090846635 0.013107047 -0.009505465 -0.006642754 0.038350534 0.006066880 0.999223888
1341846314.057816 -0.106166720 0.020501759 -0.000232616 -0.008248066 0.045032844 0.006764013 0.998928666
1341846314.089801 -0.125069916 0.022969903 0.007245103 -0.006699983 0.054887742 0.006034672 0.998451829
1341846314.122037 -0.142870411 0.015054207 0.004441177 -0.010126192 0.062070474 0.008690763 0.997982562
1341846314.157989 -0.155063972 0.023264259 0.013131697 -0.010113960 0.068685777 0.009311838 0.997543633
1341846314.190094 -0.170354605 0.026533103 0.011663279 -0.009407118 0.075932138 0.010027682 0.997018218
1341846314.225969 -0.186215535 0.026124706 0.007043622 -0.012435298 0.081519850 0.012940159 0.996510148
1341846314.257923 -0.185474262 0.032769922 0.015635900 -0.012645108 0.084364176 0.013005918 0.996269882
1341846314.290052 -0.188737243 0.034942556 0.016258776 -0.011066943 0.086877190 0.011625123 0.996089756
1341846314.325981 -0.201975256 0.042388201 0.014869421 -0.010966985 0.091342010 0.008942212 0.995719075
1341846314.357905 -0.198242694 0.049250435 0.022337137 -0.010037827 0.094782151 0.007690411 0.995417774
1341846314.389899 -0.197499692 0.052541077 0.022397935 -0.007988472 0.098020859 0.007165899 0.995126545
1341846314.427905 -0.222657531 0.057061728 0.014650354 -0.007838397 0.105226219 0.004420859 0.994407594
1341846314.493987 -0.226962954 0.060024668 0.007976878 -0.005973613 0.116995849 -0.003436887 0.993108511
1341846314.526085 -0.245678052 0.062228855 0.009717944 -0.005925918 0.123035148 -0.005758197 0.992367923
1341846314.558292 -0.243577614 0.064274453 0.007976817 -0.006679088 0.126264587 -0.005086020 0.991961122
1341846314.594085 -0.258836061 0.066976264 0.017235300 -0.004487368 0.135804459 -0.005710699 0.990709066
1341846314.626096 -0.280616701 0.069847822 0.002910663 -0.003800507 0.142851993 -0.004647016 0.989725947
1341846314.658455 -0.303992003 0.071474507 -0.003570594 -0.005565863 0.149437472 -0.005178937 0.988741994
1341846314.694004 -0.290130079 0.077256314 0.002729836 -0.003454373 0.152644813 -0.006714616 0.988252342
1341846314.725910 -0.292607635 0.078050226 0.007769649 0.001401458 0.156486690 -0.003836870 0.987671614
1341846314.761942 -0.295704961 0.081258178 0.000320014 0.005882548 0.157259449 0.000204243 0.987539828
1341846314.794030 -0.305613667 0.097265907 0.001580257 0.011745426 0.162646815 -0.001266097 0.986613691
1341846314.826092 -0.322730124 0.102716349 -0.009901989 0.014788181 0.170230135 -0.000673270 0.985293210
1341846314.862145 -0.335852116 0.099361733 -0.008760389 0.014239013 0.177249283 0.000922857 0.984062552
1341846314.894072 -0.339946389 0.101150803 -0.011743655 0.014654373 0.182393715 0.002698453 0.983112693
1341846314.925969 -0.348108083 0.104292378 -0.014431106 0.015659545 0.187140495 0.005534179 0.982192755
1341846314.961937 -0.389757961 0.079351507 -0.010821789 0.007587244 0.195105791 0.013691234 0.980657279
1341846314.994564 -0.395255119 0.093859792 -0.011294722 0.007540253 0.197625235 0.012495911 0.980168998
1341846315.029900 -0.406403184 0.100189075 -0.007666623 0.008562895 0.204913437 0.009839473 0.978693187
1341846315.061965 -0.420820415 0.106959693 -0.004335951 0.009259285 0.209776565 0.013533370 0.977611840
1341846315.094388 -0.426994771 0.114688054 -0.004813340 0.010739979 0.210317060 0.014705995 0.977463663
1341846315.129851 -0.434922755 0.131618351 -0.006372295 0.015718332 0.212771058 0.012027702 0.976901650
1341846315.161941 -0.464057714 0.108281538 -0.013833931 0.008642927 0.217507049 0.017634977 0.975861132
1341846315.197984 -0.456320971 0.122736029 -0.007810479 0.004470012 0.214606181 0.013136356 0.976602137
1341846315.230076 -0.464597464 0.128212363 -0.009784464 0.001478382 0.216025308 0.008833013 0.976346672
1341846315.262069 -0.468334287 0.114498407 -0.001413023 -0.003409179 0.215062708 0.013488294 0.976501167
1341846315.298000 -0.472907901 0.131919444 0.003043062 -0.001164094 0.213328689 0.014504641 0.976872206
1341846315.329931 -0.491978914 0.147208303 0.001435850 0.005752746 0.215508163 0.015592946 0.976360679
1341846315.361981 -0.491169423 0.160579890 0.003952382 0.013996677 0.215453461 0.016246935 0.976278663
1341846315.397962 -0.505294859 0.171107426 0.006166968 0.018851463 0.218676224 0.019415922 0.975422204
1341846315.429923 -0.519953489 0.181554705 0.007437946 0.023452863 0.223585486 0.020023402 0.974196434
1341846315.466047 -0.538142562 0.190888554 0.011766048 0.025660986 0.231801867 0.019625001 0.972226501
1341846315.497883 -0.555786848 0.199136853 0.010720065 0.027452489 0.237137169 0.023976246 0.970792174
1341846315.530008 -0.551417649 0.194545567 0.015927596 0.026543589 0.238607123 0.024573004 0.970442295
1341846315.566108 -0.535576284 0.185180679 0.018540271 0.023547323 0.237841040 0.025006365 0.970696568
1341846315.597986 -0.555018365 0.187381923 0.026028577 0.023856901 0.243000746 0.024553867 0.969421864
1341846315.630109 -0.567247152 0.192031503 0.031902704 0.024864020 0.246692076 0.024133462 0.968474329
1341846315.666042 -0.561423957 0.188096821 0.021662239 0.022708543 0.246963993 0.023116797 0.968482673
1341846315.698114 -0.591899753 0.205895931 0.034941915 0.020209920 0.256385028 0.020807346 0.966139436
1341846315.733985 -0.572539747 0.192784250 0.039453376 0.016622989 0.255884886 0.022790719 0.966295600
1341846315.766041 -0.504361391 0.139817640 0.027754631 0.007036632 0.241368741 0.026687462 0.970040917
1341846315.798188 -0.521880567 0.148028299 0.038543712 0.007218383 0.244568169 0.025127832 0.969279647
1341846315.834140 -0.515691459 0.157342970 0.035281632 0.010265280 0.245042920 0.023364209 0.969176352
1341846315.866751 -0.516816974 0.159112930 0.034549285 0.012974741 0.246348977 0.022216350 0.968839645
1341846315.898492 -0.528609991 0.159091413 0.045100909 0.014314685 0.248996228 0.021890804 0.968151271
1341846315.936901 -0.515291452 0.158384800 0.034812890 0.017257413 0.247308746 0.021960288 0.968534172
1341846315.966572 -0.506139636 0.157937467 0.028192315 0.020142937 0.245939642 0.020063316 0.968868196
1341846316.034204 -0.508153975 0.148976102 0.021025542 0.022595450 0.244470075 0.019907443 0.969189107
1341846316.066113 -0.517349601 0.149092004 0.028153857 0.025065970 0.245341897 0.020069107 0.968904734
1341846316.101867 -0.512771189 0.147916093 0.022510067 0.026085965 0.241931856 0.021403968 0.969706357
1341846316.134066 -0.455504775 0.132540211 0.010063225 0.021187728 0.228061587 0.019676497 0.973217249
1341846316.202049 -0.470074892 0.126958832 0.015407034 0.020856624 0.224120244 0.016222801 0.974203229
1341846316.233979 -0.428233057 0.126176134 -0.004996771 0.020609653 0.214654773 0.014328192 0.976367414
1341846316.270052 -0.422379583 0.137340814 0.002933738 0.020656403 0.214440152 0.010527073 0.976461947
1341846316.301915 -0.429732174 0.132703751 0.025425376 0.020586766 0.216809511 0.009018457 0.975955248
1341846316.334208 -0.409044862 0.139720529 0.023001919 0.023324287 0.211218804 0.010570022 0.977103293
1341846316.370006 -0.394290119 0.136616737 0.012467748 0.025155449 0.206307217 0.010228721 0.978110433
1341846316.401994 -0.372638971 0.131945118 0.001705157 0.026168350 0.200373515 0.012869951 0.979285479
1341846316.438069 -0.358226150 0.131323516 0.004165220 0.028770914 0.196460098 0.015924742 0.979960263
1341846316.470076 -0.345053226 0.129720747 0.003852827 0.033416409 0.192660093 0.018258266 0.980526447
1341846316.502034 -0.351869017 0.125230521 -0.007346926 0.033692610 0.189207524 0.021159638 0.981130779
1341846316.537975 -0.318690270 0.116670601 -0.004534960 0.029181771 0.180116415 0.019481987 0.983019352
1341846316.570121 -0.297172010 0.118521720 0.002714043 0.029573711 0.175540969 0.015223122 0.983910084
1341846316.601885 -0.268542230 0.111021563 0.007457842 0.030114513 0.169443294 0.013014171 0.984993756
1341846316.638009 -0.273861885 0.096547477 0.006553011 0.030346824 0.167637005 0.015805913 0.985254824
1341846316.669925 -0.248278558 0.090873696 0.010736380 0.031497587 0.161752075 0.014252063 0.986225724
1341846316.705941 -0.229166344 0.086544491 0.014948592 0.035391562 0.157441050 0.014530368 0.986787081
1341846316.738062 -0.219399497 0.088990740 -0.001029775 0.037669286 0.153386593 0.016831117 0.987304568
1341846316.770433 -0.196947530 0.084577963 -0.000678539 0.035143644 0.147440195 0.016540352 0.988308072
1341846316.805932 -0.183886036 0.082909286 0.002187364 0.036020447 0.144271076 0.015074460 0.988767505
1341846316.838029 -0.171317607 0.079200380 -0.003001976 0.036838111 0.138879597 0.018392375 0.989452958
1341846316.870034 -0.151735902 0.077638499 0.002476369 0.037055671 0.130664781 0.018538328 0.990560472
1341846316.906344 -0.154391110 0.075457707 0.000383594 0.037840649 0.127010867 0.018576493 0.991005242
1341846316.937940 -0.151819885 0.077379808 -0.006632475 0.037746646 0.124657124 0.017143887 0.991333425
1341846316.973994 -0.150739700 0.073325329 -0.007747853 0.036148753 0.120826468 0.016175121 0.991883397
1341846317.005913 -0.144614249 0.068430834 -0.006328798 0.034347285 0.116100699 0.018635355 0.992468476
1341846317.037936 -0.141922325 0.069236770 -0.009526476 0.035343908 0.112217575 0.020579474 0.992841661
1341846317.073972 -0.143318146 0.065692447 -0.002965927 0.036041182 0.109879769 0.020921897 0.993070841
1341846317.106113 -0.122220874 0.058332913 -0.003059607 0.037526198 0.103603326 0.026225515 0.993564487
1341846317.137887 -0.084782556 0.056887541 -0.008827520 0.040121149 0.088636950 0.029157730 0.994828463
1341846317.173970 -0.086894438 0.050555680 -0.014282774 0.039601211 0.081245087 0.030481169 0.995440543
1341846317.205887 -0.086470112 0.053579181 -0.009958060 0.040240090 0.077843599 0.033433430 0.995591938
1341846317.248131 -0.089005165 0.048723985 -0.006251891 0.041111972 0.073954925 0.035703529 0.995773971
1341846317.306289 -0.102259465 0.055638626 -0.020002700 0.044018451 0.067728572 0.040930577 0.995891511
1341846317.348137 -0.112694263 0.055447251 -0.022537131 0.045691814 0.069739997 0.041647680 0.995647550
1341846317.410120 -0.121888563 0.060564913 -0.041894544 0.048531275 0.067409456 0.048197456 0.995378196
1341846317.442569 -0.135854006 0.057954472 -0.035291243 0.051165175 0.069614470 0.050729033 0.994968593
1341846317.474010 -0.147788212 0.056460306 -0.034598313 0.056855924 0.070671245 0.052233420 0.994507253
1341846317.509927 -0.139996186 0.064658038 -0.040273149 0.060604945 0.065391541 0.056570422 0.994409800
1341846317.542282 -0.156221151 0.060604580 -0.036696386 0.058878951 0.065117091 0.058179941 0.994438648
1341846317.573943 -0.162340626 0.050573111 -0.035498872 0.057000786 0.066530779 0.055956043 0.994582117
1341846317.610159 -0.165178671 0.062683739 -0.039610464 0.062668763 0.067155339 0.058051758 0.994078875
1341846317.643553 -0.173771590 0.063009553 -0.033806857 0.064721070 0.066157542 0.059606813 0.993922293
1341846317.677993 -0.169353306 0.067582205 -0.042840175 0.066494949 0.060853101 0.064020306 0.993869543
1341846317.709996 -0.168538108 0.066822976 -0.045888834 0.068821013 0.057411298 0.063474759 0.993950963
1341846317.741834 -0.175711021 0.067915633 -0.045901850 0.068250023 0.056104571 0.061356232 0.994197965
1341846317.777923 -0.162655503 0.071425438 -0.042943712 0.067309029 0.051681120 0.062541038 0.994428098
1341846317.810021 -0.146822974 0.063506715 -0.043406937 0.064971671 0.045759190 0.058602344 0.995113313
1341846317.841886 -0.133779824 0.065241724 -0.042085327 0.063560642 0.041884914 0.057405818 0.995444775
1341846317.878017 -0.110539250 0.062331054 -0.040396642 0.060200926 0.036424879 0.052711897 0.996127784
1341846317.909910 -0.097209290 0.062194690 -0.035232171 0.059862446 0.034801416 0.048933651 0.996398926
1341846317.946031 -0.074981555 0.058374848 -0.028545983 0.060066372 0.030302193 0.051170427 0.996421337
1341846317.978041 -0.038514361 0.051254950 -0.021901552 0.060922213 0.021857854 0.049184676 0.996690333
1341846318.009897 -0.029245079 0.049148247 -0.023408627 0.062651098 0.019925179 0.046654001 0.996745348
1341846318.045949 -0.048822496 0.035378322 -0.035158034 0.059980452 0.022973450 0.049585171 0.996702492
1341846318.078074 -0.004246609 0.030021528 -0.031224588 0.057799354 0.012278732 0.046185777 0.997183740
1341846318.109894 0.053633321 0.015184456 -0.021133337 0.054413062 -0.003383537 0.041762996 0.997639000
1341846318.145957 0.074084915 0.016328985 -0.012821073 0.054276783 -0.010497189 0.037812769 0.997754514
1341846318.178001 0.077248082 0.015475048 -0.011253292 0.053779770 -0.011562407 0.035058916 0.997870207
1341846318.214074 0.093523942 0.009486292 -0.006383736 0.053454682 -0.016831093 0.033190515 0.997876585
1341846318.245970 0.110567443 0.008249636 -0.001782697 0.056104973 -0.026650498 0.033780817 0.997497320
1341846318.278018 0.124897897 0.008829767 -0.001697558 0.059661265 -0.035080072 0.033343285 0.997044742
1341846318.313937 0.155162081 0.010521360 0.000985941 0.061317872 -0.048536737 0.033399373 0.996377826
1341846318.345989 0.161613360 0.014863985 0.008390566 0.064105518 -0.060145233 0.031656858 0.995625854
1341846318.382046 0.169970557 0.012375313 0.011188434 0.065479703 -0.069189005 0.031054311 0.994967818
1341846318.414072 0.174179271 0.023511369 0.007195010 0.068974063 -0.078056753 0.034419231 0.993964314
1341846318.446035 0.176256403 0.022344168 0.000481772 0.070907801 -0.084199451 0.032339748 0.993396521
1341846318.482196 0.181677133 0.014370549 0.004206436 0.070454486 -0.088078484 0.031492833 0.993119597
1341846318.514144 0.190369859 0.010158114 0.005237251 0.069602892 -0.091725275 0.031695060 0.992843091
1341846318.546259 0.188908234 0.011413798 0.011834556 0.071966678 -0.094347842 0.032158684 0.992413759
1341846318.582042 0.193118095 0.008818924 0.004015831 0.072386801 -0.095785774 0.032371331 0.992238522
1341846318.614115 0.196762696 0.006069785 -0.002284975 0.071397446 -0.098195925 0.032358319 0.992075086
1341846318.650038 0.215820014 -0.004989201 -0.014117741 0.068933874 -0.103674278 0.032659758 0.991681993
1341846318.682350 0.208677188 -0.005909392 -0.017541088 0.068536051 -0.104228973 0.031824511 0.991678536
1341846318.714063 0.211403519 -0.016522184 -0.024746159 0.066418596 -0.107250869 0.035265379 0.991384029
1341846318.749905 0.196140051 -0.018261731 -0.029249880 0.067620292 -0.105676405 0.037039097 0.991407156
1341846318.782036 0.208200172 -0.001213224 -0.050897017 0.071918458 -0.110302255 0.040170681 0.990478456
1341846318.814121 0.201830521 0.001597558 -0.059460431 0.072159857 -0.116340332 0.040042579 0.989775002
1341846318.850072 0.185471430 0.004705319 -0.065308183 0.074033238 -0.120616995 0.038378082 0.989190459
1341846318.883516 0.170665145 0.012429295 -0.068967976 0.079790421 -0.128728330 0.037549384 0.987751305
1341846318.918047 0.161478773 0.016035214 -0.076426730 0.082529418 -0.140822366 0.036817979 0.985901833
1341846318.950044 0.166052341 0.007822123 -0.087809436 0.082057595 -0.150737107 0.029220104 0.984728932
1341846318.982028 0.165544674 0.008188450 -0.097262144 0.083448268 -0.154532194 0.026157223 0.984109759
1341846319.018123 0.163806081 0.023399420 -0.100569524 0.086893477 -0.161404654 0.031605411 0.982547283
1341846319.050745 0.160049886 0.017547606 -0.080562472 0.088360906 -0.169098899 0.029709257 0.981180549
1341846319.081905 0.128080040 0.008502097 -0.076166451 0.091209210 -0.163329989 0.027835386 0.981951833
1341846319.117976 0.105467193 0.009682274 -0.091518797 0.092157818 -0.161026865 0.035213016 0.982006788
1341846319.150093 0.072755732 0.006567829 -0.092542388 0.093748018 -0.161277041 0.038946703 0.981674194
1341846319.186069 0.045647163 0.009785772 -0.095739275 0.095644884 -0.158142477 0.036589041 0.982091784
1341846319.218149 0.016854316 0.014131408 -0.106468305 0.092462204 -0.150558710 0.035042249 0.983643711
1341846319.250034 -0.017301843 0.012284769 -0.104757071 0.087465271 -0.141460896 0.035973638 0.985415936
1341846319.286594 -0.055059139 0.010189658 -0.108919457 0.085297816 -0.133687481 0.040844321 0.986500740
1341846319.318034 -0.097410008 0.007261740 -0.114576571 0.085987508 -0.127377540 0.042940345 0.987186551
1341846319.350268 -0.131648690 0.002823625 -0.123025969 0.085749529 -0.123070471 0.052034881 0.987316132
1341846319.386163 -0.160437733 -0.000082525 -0.129976258 0.086877763 -0.123980805 0.060866404 0.986598372
1341846319.418386 -0.172429428 0.008675302 -0.125755519 0.090202659 -0.128075168 0.060915969 0.985773563
1341846319.453961 -0.208789274 0.014216946 -0.141636744 0.092165105 -0.124296680 0.054598615 0.986445606
1341846319.486271 -0.246215582 0.014317269 -0.149690717 0.091400102 -0.120315917 0.054662745 0.987006664
1341846319.554083 -0.240060717 0.007084291 -0.141161725 0.084783547 -0.129910275 0.057324804 0.986229658
1341846319.586296 -0.266312510 0.001025525 -0.152249083 0.084337041 -0.126083568 0.054184582 0.986941874
1341846319.622031 -0.283626407 -0.002240666 -0.164205551 0.082172982 -0.127704024 0.052870080 0.986987352
1341846319.653962 -0.296900749 -0.004676440 -0.146478504 0.081947841 -0.131776378 0.051454686 0.986545444
1341846319.686352 -0.302792102 -0.005807419 -0.151556239 0.083322637 -0.135562629 0.053476684 0.985809505
1341846319.721992 -0.308093071 0.000277056 -0.158250719 0.084528215 -0.139477119 0.056400120 0.984997571
1341846319.754063 -0.322632015 0.025656454 -0.166163698 0.084580205 -0.140169501 0.055123545 0.984967113
1341846319.786397 -0.329591155 0.016376317 -0.165929064 0.078755341 -0.139838070 0.058726076 0.985288858
1341846319.822008 -0.333844692 0.028139796 -0.152011484 0.077540025 -0.141020060 0.063995555 0.984888554
1341846319.853917 -0.336769015 0.025964864 -0.158664063 0.071986526 -0.142106026 0.067994677 0.984886110
1341846319.889942 -0.349635124 0.005904471 -0.152465463 0.066346988 -0.140884638 0.072699964 0.985121489
1341846319.922039 -0.371988624 -0.006091541 -0.154841319 0.065026827 -0.142108798 0.074094616 0.984929800
1341846319.953946 -0.351944894 -0.010366143 -0.151524290 0.065233566 -0.151564166 0.071608424 0.983689547
1341846319.990054 -0.363979131 -0.000021474 -0.142715514 0.069663487 -0.152791023 0.062941909 0.983788729
1341846320.028122 -0.356640935 0.005869220 -0.137804314 0.072709709 -0.157553032 0.063183308 0.982801259
1341846320.090047 -0.329113007 0.025620800 -0.131343395 0.080268770 -0.168339476 0.062353767 0.980474770
1341846320.122011 -0.311160535 0.018141480 -0.141645923 0.079219006 -0.168088093 0.063315935 0.980541646
1341846320.157952 -0.305372745 0.012775431 -0.135623261 0.078860573 -0.165420100 0.063306779 0.981024683
1341846320.190003 -0.273947507 0.008647669 -0.119450286 0.081078276 -0.165863037 0.060148891 0.980967879
1341846320.221941 -0.266797721 0.003995760 -0.126801595 0.084304988 -0.162620723 0.061214317 0.981172740
1341846320.258015 -0.255249023 -0.010957850 -0.126733646 0.086226746 -0.162823260 0.064216807 0.980780184
1341846320.289887 -0.196724117 -0.019259853 -0.110745519 0.089626051 -0.171822906 0.066859670 0.978761375
1341846320.321954 -0.145301864 -0.015430812 -0.113912337 0.097635388 -0.179084852 0.067086659 0.976675630
1341846320.357890 -0.127825394 0.002520882 -0.113101795 0.105750404 -0.179441541 0.065392748 0.975879788
1341846320.390064 -0.067060664 0.010223518 -0.110753641 0.107562803 -0.181875765 0.062771767 0.975403130
1341846320.426544 0.021579484 0.004606451 -0.091750965 0.108953886 -0.186026558 0.058644228 0.974722564
1341846320.458122 0.085493840 -0.001046580 -0.089373313 0.108606197 -0.186341330 0.056012452 0.974856019
1341846320.490186 0.155470803 0.004519714 -0.065074779 0.112812445 -0.187872753 0.053954028 0.974200308
1341846320.525911 0.210019261 0.004575217 -0.058536567 0.115357563 -0.185919762 0.052829850 0.974338472
1341846320.558091 0.267808229 0.009349287 -0.051892653 0.116965160 -0.187587097 0.045821965 0.974182010
1341846320.594093 0.337817103 0.020810626 -0.019808320 0.120374568 -0.192119166 0.041770078 0.973065019
1341846320.631955 0.387208968 0.025860224 -0.007150024 0.123254776 -0.190723851 0.041930269 0.972972035
1341846320.664916 0.402345330 0.021022430 -0.026133228 0.122035004 -0.188612655 0.039633997 0.973633349
1341846320.699927 0.394908696 0.018759284 -0.011795033 0.123227105 -0.184062377 0.035727412 0.974504828
1341846320.731822 0.435588688 0.019839287 -0.001729157 0.124933727 -0.182585046 0.033595905 0.974641263
1341846320.763877 0.454282522 0.041513495 0.005046948 0.124362417 -0.183726981 0.037689481 0.974349976
1341846320.799999 0.458083659 0.043808825 0.010515373 0.120256416 -0.183468834 0.028484840 0.975226223
1341846320.831871 0.487861753 0.037435323 0.020283608 0.121855341 -0.176373795 0.021325517 0.976518750
1341846320.863887 0.512110054 0.036162753 0.039369658 0.120246321 -0.174110159 0.026604811 0.976994753
1341846320.900014 0.534189045 0.034910604 0.071403123 0.115480267 -0.181095958 0.026138661 0.976312160
1341846320.931889 0.557296991 0.009608148 0.069322586 0.113486201 -0.180901125 0.020604020 0.976714492
1341846320.967866 0.568912029 0.034951359 0.053459153 0.115632705 -0.176285326 0.020134201 0.977316320
1341846321.000017 0.605094433 0.033974722 0.071374446 0.110359110 -0.181705385 0.018849865 0.976958930
1341846321.031860 0.637541413 0.027611768 0.110861734 0.108738050 -0.185363427 0.014132618 0.976533055
1341846321.068047 0.678900421 0.027700454 0.119381800 0.108921543 -0.187677056 0.011973984 0.976099432
1341846321.099840 0.707982242 0.036546223 0.132953823 0.108143158 -0.190395445 0.012598282 0.975651562
1341846321.131821 0.744496405 0.033472382 0.164727271 0.109238990 -0.193441167 0.010822118 0.974951386
1341846321.167887 0.760150313 0.042771354 0.167539090 0.112770610 -0.190952435 0.011831007 0.975028217
1341846321.200042 0.772594750 0.049048670 0.173445910 0.113646932 -0.189749330 0.012232862 0.975156367
1341846321.231950 0.768810511 0.035710391 0.168997586 0.111746423 -0.186856866 0.010270232 0.975956857
1341846321.267939 0.821210921 0.039557017 0.176366434 0.113325506 -0.191325605 0.004047127 0.974954128
1341846321.299948 0.818397522 0.042574566 0.190334216 0.114123508 -0.185946241 -0.003317306 0.975904107
1341846321.331858 0.858756006 0.044780642 0.219962910 0.115798220 -0.189972639 -0.004672654 0.974925280
1341846321.367913 0.906913340 0.034542490 0.234498560 0.116959013 -0.193376109 -0.008587911 0.974090636
1341846321.399897 0.895564079 0.041174408 0.229698703 0.119683243 -0.185122117 -0.010593600 0.975342810
1341846321.435994 0.881487191 0.047804438 0.239343107 0.123100609 -0.179492831 -0.012308641 0.975949287
1341846321.467946 0.888244748 0.049737062 0.242023647 0.125541568 -0.177019775 -0.012294319 0.976090252
1341846321.499882 0.912253916 0.047524661 0.253648162 0.126856267 -0.177153960 -0.012161269 0.975897610
1341846321.536109 0.961637676 0.044298638 0.251164347 0.126460105 -0.176836267 -0.016328158 0.975945830
1341846321.568960 0.910276115 0.081568025 0.264169723 0.129767358 -0.163092345 -0.018601757 0.977862656
1341846321.603938 0.922861755 0.062297411 0.269287407 0.124422342 -0.162400588 -0.020061074 0.978643298
1341846321.637163 0.929969907 0.061493170 0.266317070 0.123069346 -0.156752840 -0.024456525 0.979634821
1341846321.668306 0.906348705 0.081634387 0.288748145 0.121713296 -0.146137863 -0.021785177 0.981506526
1341846321.704411 0.900207162 0.080485344 0.297975779 0.117236733 -0.145910531 -0.012215186 0.982250750
1341846321.736861 0.910102487 0.077968329 0.306028724 0.114315636 -0.148713678 -0.004646950 0.982239604
1341846321.771881 0.933055401 0.092677370 0.310938805 0.112082765 -0.150648117 0.000226026 0.982213140
1341846321.804114 0.946384847 0.094299220 0.322401315 0.108749665 -0.150011018 0.001052368 0.982684672
1341846321.836152 0.951869488 0.101864785 0.322028071 0.106773615 -0.148256406 0.000172541 0.983168066
1341846321.871882 0.961813569 0.120064512 0.323680073 0.104783550 -0.147943705 -0.002780673 0.983425319
1341846321.904074 0.972254634 0.110312238 0.328562707 0.097937316 -0.147330567 -0.007104133 0.984200954
1341846321.939847 0.976148605 0.095538214 0.335951030 0.092603855 -0.144621864 -0.011256441 0.985079885
1341846322.004094 0.955350757 0.100421667 0.337164581 0.086965293 -0.143775031 -0.012158807 0.985706806
1341846322.066178 0.971463799 0.085421920 0.336186320 0.081990875 -0.139135286 -0.017059496 0.986725807
1341846322.107979 0.963648021 0.062020037 0.337451190 0.077923268 -0.136787921 -0.019291651 0.987342358
1341846322.166164 0.979543686 0.025802931 0.339579165 0.077192254 -0.139953360 -0.018097173 0.986978710
1341846322.202932 0.990707219 0.013943462 0.342673898 0.077436686 -0.143927842 -0.018495934 0.986380398
1341846322.234093 0.990008831 0.006632065 0.338393241 0.075338751 -0.144946277 -0.019044740 0.986383259
1341846322.265941 0.994146168 -0.005579246 0.341847181 0.071961462 -0.148861200 -0.018922286 0.986054718
1341846322.301996 0.997452378 -0.030787937 0.337354213 0.067989208 -0.150381833 -0.019819736 0.986088216
1341846322.333949 0.999206007 -0.064308785 0.325524837 0.062649854 -0.152412161 -0.019620569 0.986134171
1341846322.369871 1.016350269 -0.077074699 0.344544321 0.063966297 -0.160657987 -0.022376563 0.984680951
1341846322.402292 1.037856221 -0.106226914 0.353976279 0.064666882 -0.162260354 -0.029947525 0.984171212
1341846322.433955 1.004389644 -0.152675241 0.343380004 0.063972130 -0.157138005 -0.031626880 0.984994948
1341846322.470030 0.986465633 -0.164463326 0.342866868 0.070510082 -0.159026429 -0.026681814 0.984391689
1341846322.502433 1.044074893 -0.177178293 0.359776169 0.076687895 -0.170781240 -0.021627577 0.982082009
1341846322.534002 1.025864601 -0.204922542 0.363246143 0.081871718 -0.167912066 -0.020764761 0.982176900
1341846322.570196 1.006857753 -0.234338164 0.354697376 0.086611956 -0.164947018 -0.015088905 0.982376337
1341846322.601920 1.035466194 -0.213479087 0.356278896 0.096910074 -0.174003378 -0.010624685 0.979907334
1341846322.638119 1.040101290 -0.262208194 0.350366861 0.095950782 -0.176535085 -0.012083743 0.979531944
1341846322.669947 1.045548797 -0.285408914 0.352732390 0.097612195 -0.173912302 -0.012175843 0.979835749
1341846322.702026 1.059067965 -0.294509530 0.366715759 0.101060189 -0.176071972 -0.009393930 0.979130864
1341846322.738006 1.027440906 -0.305456460 0.363225430 0.099947490 -0.173408404 -0.007697602 0.979735076
1341846322.770087 1.033730149 -0.360472649 0.361636877 0.093834817 -0.173212245 -0.009328748 0.980359912
1341846322.806047 1.019660711 -0.368821591 0.359855473 0.097269163 -0.172136545 -0.006927749 0.980234563
1341846322.838063 1.035114408 -0.382805109 0.366391718 0.096835576 -0.179651931 -0.003767218 0.978945315
1341846322.870081 1.051937819 -0.395646840 0.384351194 0.098705389 -0.187297463 -0.001954539 0.977329612
1341846322.906018 1.045479655 -0.398950517 0.386893958 0.103573188 -0.187171668 -0.002675250 0.976848125
1341846322.938349 1.063236475 -0.385509700 0.392467916 0.104784183 -0.188896254 0.001367277 0.976389587
1341846322.970069 1.049111009 -0.385047674 0.389276564 0.100928083 -0.186924681 0.000536430 0.977175713
1341846323.011820 1.052960038 -0.414330035 0.393408537 0.095460959 -0.187110052 0.000389213 0.977689564
1341846323.073951 1.042167187 -0.407952905 0.393216461 0.093050614 -0.185825393 0.004393667 0.978157043
1341846323.105962 1.039536238 -0.444922954 0.395286113 0.087181054 -0.185360208 0.001528524 0.978794575
1341846323.138158 1.039249659 -0.447693378 0.397351593 0.088169895 -0.185614452 -0.001730041 0.978657424
1341846323.174092 1.040178180 -0.445832640 0.396231622 0.086968333 -0.186602995 -0.003355219 0.978572726
1341846323.206059 1.043090820 -0.454697371 0.401483446 0.083693661 -0.186940506 -0.005331646 0.978785098
1341846323.238053 1.042752743 -0.427629411 0.399906248 0.086326860 -0.182896554 -0.005297950 0.979320407
1341846323.273997 1.025472879 -0.452434301 0.389655948 0.078238025 -0.181613982 -0.005844899 0.980235159
1341846323.305946 1.030129433 -0.450227976 0.398014307 0.074824519 -0.185901031 -0.006060966 0.979696631
1341846323.342027 1.021852136 -0.452414840 0.396648735 0.075474620 -0.180029750 -0.007363006 0.980733752
1341846323.374048 1.029458284 -0.449403465 0.392338902 0.077073768 -0.179605067 -0.004193862 0.980705917
1341846323.405987 1.023028374 -0.457363129 0.382308453 0.076178528 -0.183523074 0.001262928 0.980058432
1341846323.441956 1.034150004 -0.477914900 0.401377976 0.075480670 -0.189253390 0.000379184 0.979022801
1341846323.473878 1.048126101 -0.505536556 0.401472270 0.076480389 -0.189350247 0.000902705 0.978926182
1341846323.506129 1.053547382 -0.505355060 0.403262138 0.078519590 -0.191146329 -0.001244168 0.978415132
1341846323.541972 1.046845078 -0.508857906 0.406457156 0.076975368 -0.189671814 -0.003537768 0.978819191
1341846323.573913 1.056738853 -0.533180058 0.395864189 0.076082423 -0.184043914 -0.009849968 0.979919553
1341846323.609927 1.069187403 -0.519701362 0.407153338 0.079421736 -0.182031095 -0.010790479 0.980020642
1341846323.642014 1.058181882 -0.532761872 0.406539351 0.077362359 -0.180213913 -0.010153052 0.980527878
1341846323.674081 1.050095439 -0.534576118 0.404928505 0.078086302 -0.180778235 -0.007944829 0.980386972
1341846323.710069 1.044468403 -0.542368531 0.398343235 0.080158383 -0.181086779 -0.004428829 0.980184972
1341846323.742111 1.064756274 -0.562471211 0.404572189 0.083168015 -0.186588734 -0.002833923 0.978907406
1341846323.774928 1.051125169 -0.596253097 0.396929771 0.080940247 -0.186763525 -0.006625256 0.979042470
1341846323.810012 1.046274662 -0.576364458 0.398202986 0.087257273 -0.187176421 -0.009866929 0.978393495
1341846323.842207 1.059611678 -0.572312295 0.398399383 0.090990901 -0.188545793 -0.013300873 0.977749586
1341846323.878019 1.058205843 -0.581303895 0.396360397 0.092579424 -0.189970523 -0.017454242 0.977259219
1341846323.909826 1.064384818 -0.585929811 0.404761493 0.096876778 -0.192859665 -0.019795882 0.976231635
1341846323.942459 1.054839849 -0.587844849 0.392095089 0.099805474 -0.191077650 -0.018019740 0.976321399
1341846323.978055 1.036385298 -0.581972778 0.387764692 0.103888586 -0.191810846 -0.017556600 0.975759983
1341846324.015934 1.047386885 -0.584821045 0.386848927 0.107861847 -0.194861457 -0.018826870 0.974700153
1341846324.047722 1.047138214 -0.588446438 0.384354830 0.109698541 -0.192554936 -0.017951626 0.974970043
1341846324.083904 1.047169209 -0.563729584 0.392466009 0.112123482 -0.191313311 -0.016835196 0.974958599
1341846324.115968 1.049175382 -0.562193871 0.389872670 0.110388085 -0.189923882 -0.020423831 0.975359559
1341846324.151967 1.016669989 -0.587439120 0.376340628 0.106383801 -0.182187915 -0.029953107 0.977032661
1341846324.183941 1.026740432 -0.554651558 0.392348796 0.107512608 -0.180508077 -0.032054361 0.977154255
1341846324.219984 1.048609734 -0.537921906 0.390560657 0.105075076 -0.181288645 -0.027857045 0.977403522
1341846324.251968 1.049191833 -0.543203950 0.386896193 0.104310967 -0.181266129 -0.029403185 0.977444291
1341846324.284052 1.024749160 -0.551926136 0.391607851 0.101361938 -0.179714948 -0.032241013 0.977951348
1341846324.319880 1.013371825 -0.525654614 0.389889240 0.102752276 -0.181639209 -0.032872792 0.977429569
1341846324.351917 1.042440653 -0.503118873 0.387266904 0.100869365 -0.187647030 -0.033217661 0.976478696
1341846324.388001 1.049864531 -0.493077755 0.386428773 0.097887918 -0.187577128 -0.037864875 0.976626396
1341846324.419908 1.055058122 -0.481484383 0.392989695 0.093628153 -0.187018111 -0.040297870 0.977053761
1341846324.452027 1.041858077 -0.482693672 0.392187804 0.088433079 -0.185036540 -0.040661551 0.977899730
1341846324.487928 1.038293839 -0.475626141 0.392662138 0.086697303 -0.185134768 -0.038740218 0.978114486
1341846324.519985 1.030792952 -0.463223755 0.384835601 0.084901668 -0.186500058 -0.034870140 0.978158236
1341846324.556001 1.039421916 -0.443566859 0.391129822 0.083300464 -0.192841828 -0.031325892 0.977185667
1341846324.587888 1.034526706 -0.440868676 0.391201884 0.078262873 -0.194814056 -0.030631524 0.977232873
1341846324.620086 1.018828154 -0.431186289 0.394477069 0.076518632 -0.195239648 -0.034321941 0.977163434
1341846324.655955 1.027888656 -0.404429555 0.394372553 0.078030556 -0.196831986 -0.034594495 0.976714730
1341846324.688082 1.013887167 -0.383781940 0.392746091 0.080219291 -0.194687769 -0.033830028 0.976993918
1341846324.755922 1.020886540 -0.358925134 0.402401686 0.078981638 -0.201000795 -0.030846220 0.975914478
1341846324.814016 1.021036506 -0.311968684 0.394484341 0.076514550 -0.203618273 -0.035428580 0.975412726
1341846324.849979 1.008582473 -0.281953663 0.395872563 0.075701080 -0.199103072 -0.038246769 0.976301491
1341846324.881924 1.002725720 -0.276387960 0.399274915 0.073171042 -0.200591207 -0.037342351 0.976224780
1341846324.913902 1.002585769 -0.268833578 0.394647062 0.071309134 -0.200960889 -0.034066562 0.976406336
1341846324.949999 0.992475808 -0.261376232 0.392456055 0.072616689 -0.199622735 -0.032626402 0.976633608
1341846324.981922 1.011334538 -0.240827948 0.401524663 0.078508765 -0.206448033 -0.026147431 0.974952281
1341846325.018013 1.021096468 -0.237095669 0.401075393 0.081238747 -0.213010922 -0.023682030 0.973378539
1341846325.050079 1.017783046 -0.211602405 0.397913128 0.084661961 -0.217246473 -0.025073184 0.972115099
1341846325.081901 1.007430196 -0.169571191 0.393213153 0.088769808 -0.219795108 -0.026429828 0.971139312
1341846325.118531 1.029901147 -0.163105130 0.395466030 0.083886914 -0.223324791 -0.027999457 0.970724046
1341846325.149933 1.036395669 -0.140668914 0.404762357 0.082591034 -0.222757250 -0.030303244 0.970896363
1341846325.181925 1.001012444 -0.125555918 0.384011805 0.080458276 -0.215043351 -0.029141838 0.972848237
1341846325.218055 1.016062021 -0.126077965 0.393359393 0.075941175 -0.218011156 -0.025625113 0.972649693
1341846325.249811 1.009828210 -0.100432187 0.394396573 0.076510280 -0.217259616 -0.023011068 0.972838640
1341846325.285925 1.016859531 -0.085899875 0.401014298 0.074334502 -0.218878344 -0.019830311 0.972714543
1341846325.317988 1.008741140 -0.093607217 0.403424352 0.070940405 -0.214253843 -0.018434498 0.974024177
1341846325.349844 1.004686952 -0.114663139 0.405955791 0.069890112 -0.209645793 -0.016528504 0.975136340
1341846325.387302 1.010492802 -0.094730183 0.405528456 0.075877436 -0.208256826 -0.013092458 0.975038648
1341846325.417931 1.041143537 -0.087532043 0.407692045 0.079004504 -0.207143471 -0.010430776 0.975059509
1341846325.450747 1.042835593 -0.099444680 0.401385128 0.081758581 -0.199230820 -0.009035211 0.976494253
1341846325.485954 1.014615297 -0.055856101 0.410839260 0.094760619 -0.189774171 -0.002766074 0.977240264
1341846325.517875 1.019069195 -0.027610295 0.418317944 0.101489842 -0.188353673 0.001135939 0.976842642
1341846325.553859 1.014488339 -0.019016093 0.417302251 0.105628915 -0.183852091 0.000338663 0.977261901
1341846325.585855 1.020205975 0.014189839 0.422563761 0.111815996 -0.182401612 -0.000281593 0.976845324
1341846325.617990 1.014762640 0.056481216 0.421437025 0.114147335 -0.179578602 -0.001331151 0.977097809
1341846325.653982 1.004792690 0.018365819 0.418381691 0.106639355 -0.176504955 -0.005821995 0.978488743
1341846325.685819 0.996923208 0.024230946 0.418968856 0.112137705 -0.174275219 -0.002399439 0.978288114
1341846325.717857 0.991380632 0.061090983 0.422060907 0.119947344 -0.172941461 0.004483584 0.977590859
1341846325.754083 0.984551430 0.062241901 0.418699503 0.122320376 -0.172073990 0.009262888 0.977416217
1341846325.786087 0.972619474 0.057292491 0.412604630 0.126749948 -0.169105560 0.011143334 0.977350295
1341846325.821856 0.983931124 0.101342209 0.417458624 0.135395736 -0.169211060 0.013722318 0.976139009
1341846325.853827 0.981648564 0.124766499 0.427487999 0.138444841 -0.169642016 0.017527303 0.975575447
1341846325.885958 0.971825063 0.154568017 0.424799651 0.140440166 -0.171332687 0.024127834 0.974853635
1341846325.921984 0.971607149 0.167990059 0.436098635 0.140707090 -0.175549254 0.027879089 0.973964512
1341846325.953899 0.993604600 0.169030577 0.441760421 0.143114328 -0.177892104 0.029464191 0.973141611
1341846325.985823 0.978716671 0.197619826 0.443346649 0.148016274 -0.173038140 0.035130460 0.973095536
1341846326.021991 0.962192059 0.201590627 0.437048465 0.150083423 -0.170755714 0.041644432 0.972925067
1341846326.054055 0.973290801 0.214384377 0.433405906 0.154827759 -0.172639281 0.045100782 0.971694410
1341846326.089984 0.990453064 0.256886542 0.455737889 0.162375852 -0.173947275 0.045788974 0.970195770
1341846326.121822 0.988737464 0.279371411 0.456281900 0.164731488 -0.169312447 0.044383734 0.970683753
1341846326.154079 0.981255889 0.285289049 0.465999186 0.166020632 -0.166931137 0.043652225 0.970909715
1341846326.190178 0.964299142 0.305310220 0.459590822 0.169657156 -0.164739028 0.046378814 0.970528960
1341846326.222162 0.962277114 0.349829078 0.451265752 0.172557399 -0.165466800 0.052416865 0.969586074
1341846326.259181 0.963903248 0.361650735 0.460137814 0.168839857 -0.168840379 0.056004982 0.969458342
1341846326.322766 0.963945687 0.428510308 0.486265302 0.170385703 -0.170448616 0.054985642 0.968964696
1341846326.359773 0.966921151 0.431673765 0.489933729 0.166808128 -0.169210300 0.051582467 0.969990849
1341846326.392109 0.976317644 0.405391097 0.498051971 0.161460191 -0.169040993 0.052634411 0.970868349
1341846326.423985 0.963055909 0.426951051 0.501568317 0.167863399 -0.167013332 0.059010845 0.969766080
1341846326.459869 0.970647812 0.456147641 0.511664450 0.171183392 -0.172183052 0.065673172 0.967851400
1341846326.526163 0.985344231 0.516195953 0.532062888 0.177835047 -0.172337189 0.065712005 0.966621220
1341846326.560211 0.974014282 0.515200615 0.525463641 0.170262232 -0.166277751 0.065164402 0.969080031
1341846326.591828 0.973483324 0.511192143 0.537462294 0.165460944 -0.165203467 0.066365056 0.970013499
1341846326.627027 0.983303905 0.500261247 0.535425842 0.161548719 -0.164650172 0.064081676 0.970920146
1341846326.658442 0.968106508 0.565553665 0.546041250 0.169578597 -0.158464536 0.063632436 0.970609605
1341846326.694856 0.950471580 0.586992025 0.544070184 0.167754889 -0.152959451 0.064775027 0.971733451
1341846326.726206 0.941834211 0.576163352 0.541600287 0.157721505 -0.150048479 0.060806081 0.974121153
1341846326.762753 0.953357399 0.580287755 0.538971782 0.150101826 -0.148218289 0.056745958 0.975848734
1341846326.826821 0.942429721 0.560468495 0.545589328 0.127411142 -0.140945181 0.051093291 0.980454206
1341846326.858887 0.938236356 0.549518585 0.546737134 0.118679062 -0.139637575 0.048243597 0.981880486
1341846326.895360 0.907328784 0.552995980 0.557099581 0.117916420 -0.136261493 0.048610475 0.982428432
1341846326.926897 0.902761757 0.548414350 0.549014270 0.117248349 -0.138829470 0.049975973 0.982080281
1341846326.958888 0.916933298 0.580228806 0.559901237 0.122446999 -0.142896026 0.054460563 0.980623066
1341846326.994594 0.942082047 0.562657773 0.559620559 0.116473429 -0.146488130 0.056717224 0.980692804
1341846327.026301 0.939085901 0.585387468 0.564882517 0.116809227 -0.144623429 0.053939864 0.981086254
1341846327.063945 0.929448426 0.597160101 0.565029800 0.116419286 -0.140432134 0.051495932 0.981872499
1341846327.094662 0.921793103 0.609233737 0.564478159 0.117110990 -0.137008399 0.049446627 0.982379198
1341846327.128901 0.914611042 0.604497731 0.574220240 0.113703892 -0.136041269 0.048866719 0.982942700
1341846327.161940 0.912381411 0.624140263 0.569886684 0.114546940 -0.136410311 0.047027968 0.982883334
1341846327.193867 0.857801259 0.629702628 0.547260404 0.114503071 -0.123405375 0.042725131 0.984801948
1341846327.229885 0.839850128 0.632434249 0.523036778 0.113761455 -0.114981502 0.036010489 0.986174881
1341846327.262014 0.783630610 0.642190278 0.505216599 0.115565695 -0.097659416 0.029009586 0.988061607
1341846327.294023 0.738510787 0.658578277 0.485674798 0.121630765 -0.077256963 0.024933288 0.989250064
1341846327.330015 0.712949336 0.667393446 0.464501768 0.122325391 -0.062920913 0.021609208 0.990257800
1341846327.361939 0.661054909 0.693687081 0.446384519 0.121840589 -0.046433114 0.017049566 0.991316378
1341846327.393887 0.636322498 0.703937948 0.438895494 0.121885963 -0.040093079 0.011320521 0.991669416
1341846327.429966 0.611678004 0.698037028 0.403490931 0.112548061 -0.035906389 0.007773662 0.992966890
1341846327.461965 0.586917460 0.688963950 0.391558230 0.100815602 -0.036337215 0.004000736 0.994233251
1341846327.497931 0.538234949 0.678746819 0.398637116 0.094820321 -0.028007332 -0.002116406 0.995098114
1341846327.530068 0.495573312 0.687879860 0.386211127 0.092706494 -0.019996874 -0.000481394 0.995492578
1341846327.561895 0.446392864 0.712259889 0.400299400 0.095178962 -0.014707495 0.003221271 0.995346367
1341846327.598010 0.385353357 0.703649580 0.402033776 0.093609892 -0.006963889 0.004699006 0.995573521
1341846327.629945 0.368584841 0.715774477 0.395775408 0.092643067 -0.009266707 0.003399695 0.995650470
1341846327.662003 0.338724881 0.706472337 0.393794805 0.090955243 -0.007064575 -0.000328710 0.995829880
1341846327.697919 0.300272018 0.711395144 0.383635283 0.091804378 -0.001544657 0.000213149 0.995775878
1341846327.730075 0.255926311 0.714521766 0.368704200 0.084098428 0.005546284 0.000372603 0.996441960
1341846327.766017 0.211388856 0.725736380 0.368193746 0.080177672 0.012821195 0.001966435 0.996696234
1341846327.797917 0.168347552 0.701776445 0.356487542 0.068739116 0.019132368 0.003363116 0.997445583
1341846327.830054 0.155579209 0.712175667 0.356142759 0.063215926 0.021678813 0.001911510 0.997762620
1341846327.865944 0.171472341 0.712604702 0.354681730 0.057791837 0.020429278 0.001786323 0.998118043
1341846327.898010 0.152240798 0.725726902 0.358351529 0.056125090 0.024903001 0.001826054 0.998111486
1341846327.929991 0.158487126 0.730238855 0.354130417 0.050800506 0.022670541 -0.000772381 0.998451173
1341846327.966065 0.154583067 0.747953534 0.353714943 0.048742641 0.024424121 -0.004397318 0.998503029
1341846327.998073 0.166632563 0.748022139 0.353112668 0.039724540 0.023186307 -0.004468748 0.998931646
1341846328.034045 0.151339531 0.752102494 0.351894915 0.033823512 0.027325168 -0.007266120 0.999027789
1341846328.065993 0.126077354 0.745243847 0.358812720 0.027392134 0.032801576 -0.008232811 0.999052525
1341846328.098045 0.114967264 0.735948503 0.363975793 0.026154049 0.035123512 -0.007081817 0.999015629
1341846328.133967 0.116711281 0.729595661 0.356016189 0.027656805 0.032997772 -0.002685951 0.999069095
1341846328.166023 0.124609224 0.716718137 0.348988622 0.024660297 0.028030504 -0.001535279 0.999301672
1341846328.198018 0.127246842 0.705169916 0.349737704 0.024227858 0.024798205 -0.003990496 0.999390900
1341846328.234044 0.124377251 0.699338496 0.351149976 0.027795656 0.023235617 -0.003974051 0.999335647
1341846328.265899 0.098526128 0.690474868 0.351356417 0.030055968 0.026223054 -0.004232851 0.999195278
1341846328.302051 0.122847170 0.690452695 0.350952625 0.035953205 0.021323951 -0.003853084 0.999118567
1341846328.333917 0.127496302 0.674065292 0.343726367 0.038298290 0.019702043 0.000755309 0.999071836
1341846328.366008 0.109420858 0.656418860 0.359983921 0.044100221 0.022073640 -0.003536711 0.998776972
1341846328.402010 0.138727352 0.665341377 0.364799321 0.061740737 0.016134214 0.004503169 0.997951686
1341846328.433920 0.113630034 0.656895101 0.359949619 0.065771230 0.018567089 0.003433833 0.997656107
1341846328.470003 0.118176453 0.647091806 0.347925872 0.068111159 0.018098040 -0.005201560 0.997500002
1341846328.502194 0.105445102 0.629559934 0.344867766 0.071102396 0.023057511 -0.013383002 0.997112691
1341846328.534033 0.119949646 0.611130595 0.343002141 0.072381511 0.023142561 -0.015227159 0.996992230
1341846328.570125 0.106620565 0.597365797 0.341948420 0.074851461 0.024900733 -0.009284537 0.996840537
1341846328.602804 0.101650521 0.596406519 0.356242627 0.083993621 0.018792043 -0.006486981 0.996267974
1341846328.672663 0.102777921 0.552329838 0.327116758 0.091710858 0.006372905 -0.009639022 0.995718658
1341846328.702975 0.085032403 0.527035952 0.332634836 0.092371874 0.006590260 -0.011437455 0.995637119
1341846328.770129 0.105160236 0.529010952 0.327124745 0.107101612 0.000227221 -0.013358174 0.994158328
1341846328.802331 0.112516105 0.525463521 0.339575559 0.110269524 -0.004596058 -0.012606556 0.993811131
1341846328.838051 0.116117634 0.522245228 0.334736615 0.116441533 -0.006835217 -0.016503666 0.993036985
1341846328.869939 0.107038215 0.535845637 0.333552599 0.119260348 -0.005986089 -0.017731616 0.992686629
1341846328.904486 0.091533549 0.523068905 0.334685653 0.115414612 -0.006285828 -0.018915212 0.993117392
1341846328.939814 0.110502273 0.506037593 0.327473313 0.119286075 -0.011656549 -0.019424815 0.992601454
1341846328.970217 0.092077255 0.497864217 0.322479635 0.121414967 -0.010754981 -0.014732868 0.992434263
1341846329.006232 0.094583325 0.476070762 0.316845030 0.120212287 -0.013601286 -0.011132887 0.992592573
1341846329.038243 0.089251444 0.470022738 0.311531097 0.125606164 -0.012844697 -0.012985561 0.991912067
1341846329.106125 0.090576969 0.453610986 0.296412945 0.126593918 -0.013463751 -0.013361287 0.991773307
1341846329.138340 0.091775388 0.447641760 0.293886244 0.129580021 -0.014277223 -0.014607995 0.991358578
1341846329.169991 0.100984886 0.445580930 0.292584628 0.131523564 -0.017045137 -0.015287168 0.991048634
1341846329.208656 0.096824616 0.439790934 0.291556478 0.132372454 -0.017027862 -0.016512675 0.990916193
1341846329.238169 0.098312974 0.442390084 0.286801010 0.132746562 -0.017795036 -0.016458314 0.990853608
1341846329.273827 0.104448505 0.428848714 0.281278908 0.130872801 -0.020083999 -0.015050961 0.991081476
1341846329.306052 0.093182787 0.437359989 0.283870697 0.133667752 -0.020312004 -0.017875196 0.990656793
1341846329.338104 0.107756719 0.423648596 0.274685889 0.127404347 -0.023863066 -0.020158222 0.991358817
1341846329.373907 0.112892963 0.400115371 0.272432655 0.123279803 -0.025430866 -0.020828899 0.991827428
1341846329.405985 0.108873174 0.403976858 0.271078289 0.126908764 -0.026156686 -0.023432294 0.991292536
1341846329.442057 0.108545661 0.396772325 0.267116129 0.125323206 -0.026179379 -0.027014256 0.991402566
1341846329.473950 0.113920704 0.391174942 0.265585065 0.125826642 -0.028324883 -0.032615058 0.991111338
1341846329.506147 0.109727204 0.407422304 0.263009846 0.130000383 -0.029341228 -0.034472853 0.990480006
1341846329.542121 0.101932593 0.372621804 0.257052153 0.123798274 -0.031589143 -0.035547197 0.991167247
1341846329.574086 0.127660900 0.357467294 0.258050710 0.125835612 -0.037838701 -0.037195925 0.990631163
1341846329.606387 0.100315362 0.349374741 0.248352274 0.126941055 -0.033594064 -0.038979959 0.990574598
1341846329.641955 0.086794890 0.353288800 0.248733804 0.128077015 -0.032867506 -0.038490463 0.990471900
1341846329.681570 0.079357862 0.334975183 0.248855188 0.125785336 -0.034905389 -0.039214421 0.990667403
1341846329.748113 0.102309898 0.303197503 0.237863064 0.123338245 -0.038284741 -0.040954221 0.990779877
1341846329.810175 0.089740872 0.268935472 0.233355686 0.118887931 -0.033566356 -0.036594648 0.991665244
1341846329.842255 0.102800816 0.278651893 0.229497343 0.123826697 -0.036314502 -0.032006625 0.991122484
1341846329.874044 0.099680491 0.267663956 0.230857030 0.124321721 -0.036025822 -0.028331334 0.991182983
1341846329.910073 0.079232059 0.287528336 0.232224435 0.127906770 -0.032933697 -0.025120253 0.990920901
1341846329.942009 0.083992727 0.278565615 0.232241914 0.122251824 -0.034649245 -0.020828664 0.991675436
1341846329.978087 0.089937180 0.266476780 0.233589441 0.121532813 -0.036236189 -0.020075630 0.991722584
1341846330.016305 0.095491067 0.283128947 0.223794132 0.125757620 -0.035646450 -0.023183698 0.991149366
1341846330.048192 0.098770604 0.297408015 0.225205183 0.124070175 -0.035598569 -0.019843955 0.991436124
1341846330.080418 0.093261667 0.272490114 0.222236112 0.118079588 -0.034504108 -0.017595777 0.992248535
1341846330.115886 0.089681618 0.278028399 0.224841744 0.124338388 -0.032387264 -0.016629752 0.991571724
1341846330.147839 0.067297697 0.290334165 0.220387056 0.126883850 -0.029243451 -0.015624845 0.991363347
1341846330.181257 0.095365487 0.296184719 0.217688814 0.121607542 -0.034674250 -0.012072512 0.991899014
1341846330.215852 0.094610997 0.292291820 0.220465779 0.116896704 -0.033154853 -0.013557076 0.992497981
1341846330.247833 0.086425208 0.271443665 0.218138337 0.111900471 -0.031780589 -0.014503108 0.993105233
1341846330.283913 0.101078004 0.288181931 0.219384059 0.110223077 -0.035034716 -0.012427309 0.993211448
1341846330.316011 0.095021784 0.286966026 0.217577785 0.105525553 -0.034845479 -0.013794461 0.993710160
1341846330.347868 0.073709749 0.262606263 0.214729965 0.099714026 -0.033031855 -0.014943502 0.994355440
1341846330.383835 0.089243919 0.269579083 0.215830922 0.099782422 -0.035608426 -0.014445139 0.994267046
1341846330.415934 0.083740823 0.252970815 0.214115441 0.098529182 -0.033828441 -0.016399488 0.994423807
1341846330.452561 0.082375377 0.263467550 0.212438315 0.103552766 -0.034769744 -0.017341366 0.993864834
1341846330.483903 0.085010573 0.253664643 0.204554141 0.100654930 -0.037511121 -0.014625253 0.994106412
1341846330.515970 0.078255191 0.243512705 0.204460606 0.098678440 -0.038881913 -0.011029042 0.994298398
1341846330.552099 0.088505149 0.244617239 0.203259453 0.100739762 -0.041793406 -0.009349929 0.993990660
1341846330.583876 0.081871167 0.240881652 0.199182436 0.097928591 -0.041242454 -0.009374407 0.994294345
1341846330.619992 0.073747151 0.244401991 0.191839159 0.092766166 -0.041531015 -0.009298027 0.994777977
1341846330.652136 0.079479106 0.239658132 0.194246829 0.086256713 -0.043552194 -0.012319717 0.995244324
1341846330.683796 0.085343271 0.234670237 0.189559802 0.081350178 -0.044423763 -0.013496421 0.995603621
1341846330.719991 0.062316976 0.221975043 0.183528006 0.078303941 -0.043497264 -0.012598522 0.995900512
1341846330.752103 0.062716730 0.217325330 0.180514276 0.079305157 -0.048324216 -0.008992219 0.995637774
1341846330.787952 0.074434318 0.195433289 0.165179759 0.074696355 -0.055508785 -0.003780818 0.995653033
1341846330.819823 0.082408972 0.199750856 0.165288150 0.074921913 -0.061002493 -0.003802600 0.995314538
1341846330.852208 0.053180344 0.211882919 0.165064901 0.075680487 -0.057955537 -0.005136783 0.995433211
1341846330.914111 0.079720795 0.229549423 0.148302034 0.067910060 -0.065849170 -0.005811079 0.995499074
1341846330.949903 0.053881079 0.220285490 0.158347383 0.064697221 -0.062899776 -0.004925116 0.995908439
1341846330.981986 0.048592631 0.219746053 0.150582805 0.065078549 -0.067044005 -0.006133917 0.995606482
1341846331.014111 0.059410848 0.216098249 0.149927288 0.062622622 -0.072535858 -0.004731390 0.995386660
1341846331.082139 0.044175681 0.228817970 0.145240769 0.067392170 -0.073111154 -0.008417247 0.995008647
1341846331.114334 0.048482597 0.213879779 0.141706958 0.063764177 -0.076232173 -0.010154300 0.994997323
1341846331.149989 0.050213039 0.208285913 0.142001793 0.064213954 -0.077077463 -0.011239039 0.994891644
1341846331.181954 0.049970917 0.217640683 0.135978892 0.068900011 -0.077849150 -0.011430655 0.994515836
1341846331.218151 0.060608625 0.218334123 0.122751214 0.066680528 -0.083013669 -0.008723368 0.994276822
1341846331.249914 0.042126875 0.201624960 0.112480275 0.063998058 -0.079965942 -0.014963596 0.994628489
1341846331.318141 0.071177542 0.208641604 0.127788842 0.075277708 -0.075332731 -0.014977447 0.994200170
1341846331.349926 0.043285210 0.189970762 0.117871992 0.070674986 -0.067605294 -0.017419668 0.995053351
1341846331.382003 -0.003632075 0.212021768 0.116133325 0.079165645 -0.050828487 -0.015570442 0.995443046
1341846331.418008 0.018559070 0.188286439 0.111494049 0.081918865 -0.045888316 -0.017702898 0.995424628
1341846331.450327 0.025118174 0.199397758 0.107708663 0.085063338 -0.043022867 -0.015051847 0.995332479
1341846331.486219 0.011875499 0.200520560 0.104813032 0.084675245 -0.038783871 -0.016043741 0.995524287
1341846331.518344 -0.026577920 0.188842192 0.101006337 0.081492342 -0.029899230 -0.018485060 0.996053934
1341846331.550202 -0.019949701 0.195916519 0.128134981 0.086395137 -0.027012123 -0.017848434 0.995734751
1341846331.586139 -0.023271352 0.198688209 0.134639010 0.087188885 -0.026336545 -0.014842201 0.995733023
1341846331.617931 0.010036988 0.202217937 0.149283215 0.087068081 -0.031273540 -0.016714200 0.995571077
1341846331.654027 -0.008700961 0.222002104 0.157812208 0.092460670 -0.024850870 -0.016291294 0.995272875
1341846331.686123 -0.030145513 0.238233954 0.164219022 0.096112236 -0.018901331 -0.012912901 0.995107293
1341846331.717954 0.007809921 0.224640265 0.177929521 0.089322239 -0.026793951 -0.012029285 0.995569706
1341846331.754076 -0.007873195 0.220214576 0.192745745 0.088727146 -0.022732249 -0.015214815 0.995680332
1341846331.785920 0.005836225 0.214822054 0.202763021 0.090897597 -0.021975074 -0.016418442 0.995482385
1341846331.818053 -0.002524010 0.222611830 0.206949309 0.091607116 -0.019320004 -0.015736056 0.995483518
1341846331.853849 -0.019491456 0.217526048 0.215490639 0.090387143 -0.015918532 -0.017713342 0.995621920
1341846331.885987 -0.030312566 0.211596191 0.216425702 0.092510335 -0.010541080 -0.020723086 0.995440245
1341846331.922014 -0.014334029 0.223432332 0.235484421 0.096280798 -0.010371415 -0.019791676 0.995103419
1341846331.954037 0.040289883 0.219779953 0.264870763 0.095847450 -0.016587604 -0.018048299 0.995094180
1341846331.986135 0.017340673 0.233109236 0.269108444 0.102538995 -0.006123853 -0.016352175 0.994575739
1341846332.022364 0.009204963 0.239606172 0.280881047 0.111293696 -0.001285914 -0.018135337 0.993621230
1341846332.054175 -0.006079099 0.237845778 0.276555449 0.116253056 0.001453011 -0.016605228 0.993079782
1341846332.086502 0.018243220 0.235123396 0.309251696 0.118422307 -0.003552401 -0.013545009 0.992864609
1341846332.122051 0.000456393 0.235689685 0.308668435 0.119940653 0.000818105 -0.015570018 0.992658675
1341846332.153983 0.013179118 0.230942696 0.327934742 0.115532748 -0.002561798 -0.014778946 0.993190408
1341846332.190165 0.027927402 0.219642714 0.351970226 0.107488818 -0.007075990 -0.016607014 0.994042456
1341846332.254145 -0.005028220 0.226957798 0.379892707 0.112285025 -0.001225522 -0.020021144 0.993473589
1341846332.289948 0.017476248 0.218376741 0.403487802 0.112157732 -0.006462930 -0.016438084 0.993533492
1341846332.322172 0.037541248 0.222059086 0.413512945 0.114169590 -0.010488098 -0.015397954 0.993286610
1341846332.354003 0.052205056 0.238611326 0.431509852 0.120866105 -0.010679442 -0.018044854 0.992447376
1341846332.390180 0.027146580 0.240844876 0.422343582 0.121762499 -0.000992812 -0.022516353 0.992303312
1341846332.422055 0.010807362 0.231011093 0.424720168 0.117319807 0.004377951 -0.026492843 0.992731154
1341846332.458114 0.044568170 0.215448111 0.447309613 0.114882007 0.000583932 -0.029257828 0.992948055
1341846332.489993 0.031241138 0.221694604 0.457616746 0.116347611 0.004148282 -0.026205759 0.992854118
1341846332.522130 0.024175150 0.213497862 0.472618490 0.113639876 0.000423295 -0.019921938 0.993322194
1341846332.558114 0.011466953 0.217044264 0.473181427 0.114374362 -0.002615758 -0.013719812 0.993339539
1341846332.589874 0.011311984 0.232491672 0.476187706 0.115785904 -0.004594602 -0.008262203 0.993229210
1341846332.621889 0.003117225 0.231148720 0.478561223 0.110237069 -0.002530501 -0.008774323 0.993863404
1341846332.658202 -0.010708745 0.232376695 0.489135176 0.107879110 0.001458201 -0.011710696 0.994094014
1341846332.690001 -0.024289720 0.235478774 0.497442961 0.106356375 0.004960519 -0.010338473 0.994261980
1341846332.726000 -0.040099639 0.237191767 0.511436820 0.106261104 0.006571267 -0.005447492 0.994301677
1341846332.758386 -0.037076652 0.226548970 0.511672258 0.104242049 0.004071411 -0.007207207 0.994517565
1341846332.789937 -0.036213055 0.223003581 0.506273448 0.101974122 0.005831680 -0.010067681 0.994719028
1341846332.825925 -0.043041080 0.221749872 0.510732710 0.099380687 0.009925745 -0.010435475 0.994945228
1341846332.857898 -0.059968192 0.224181429 0.515996993 0.101282924 0.014743228 -0.010933139 0.994688332
1341846332.894069 -0.084538989 0.221420258 0.519248724 0.098877802 0.019928226 -0.010746252 0.994842052
1341846332.926029 -0.100872621 0.217429772 0.520737410 0.093881525 0.024325568 -0.014324997 0.995183110
1341846332.958015 -0.132680386 0.223250687 0.530584395 0.092165753 0.033701118 -0.012301243 0.995097220
1341846332.994073 -0.158493727 0.221248254 0.529774427 0.088694088 0.040564321 -0.015082308 0.995118320
1341846333.026545 -0.196515068 0.206089720 0.536220610 0.082213201 0.050748274 -0.019198492 0.995136678
1341846333.057998 -0.231168449 0.196810991 0.538612008 0.078881323 0.060858134 -0.020390408 0.994815767
1341846333.094024 -0.274709433 0.192051351 0.541656971 0.078561731 0.070839792 -0.015667126 0.994265735
1341846333.126095 -0.306904525 0.190429151 0.543561280 0.078401104 0.078434795 -0.012527300 0.993752718
1341846333.161973 -0.357055664 0.186663106 0.557970047 0.076106183 0.092039794 -0.010247016 0.992789805
1341846333.195660 -0.397639751 0.176174343 0.567396581 0.070942961 0.102590024 -0.009676623 0.992143512
1341846333.226331 -0.444021046 0.176360518 0.570356250 0.069362625 0.111976989 -0.008546215 0.991250217
1341846333.262056 -0.485918373 0.169761598 0.578305006 0.063677661 0.120751984 -0.010542343 0.990582228
1341846333.294147 -0.516043425 0.159083098 0.580757022 0.056642480 0.126489058 -0.014808408 0.990238845
1341846333.326100 -0.553674996 0.162653789 0.579102099 0.055457063 0.132788986 -0.016415622 0.989455521
1341846333.362100 -0.568286836 0.171567157 0.583134890 0.052837946 0.135498732 -0.016020520 0.989237905
1341846333.394119 -0.588865161 0.163529024 0.590087891 0.048826933 0.138364032 -0.016662909 0.989036739
1341846333.429974 -0.599079251 0.157776535 0.590662479 0.046341360 0.138315871 -0.014827888 0.989192247
1341846333.462115 -0.620077431 0.158779666 0.596451223 0.046686251 0.142843172 -0.017062215 0.988496423
1341846333.494040 -0.632348180 0.155122638 0.596200407 0.046649870 0.146108106 -0.018362520 0.987997472
1341846333.529953 -0.658876956 0.153730035 0.595758796 0.047305498 0.152449384 -0.019311801 0.986989617
1341846333.562063 -0.685436904 0.159125596 0.606217206 0.049407963 0.159552798 -0.017346837 0.985799611
1341846333.594090 -0.700923383 0.152686417 0.607109368 0.046192810 0.161443114 -0.015543353 0.985677838
1341846333.629994 -0.727832079 0.157118663 0.618703544 0.043396465 0.164240673 -0.016073570 0.985334158
1341846333.662127 -0.749883115 0.155712917 0.619785666 0.040080428 0.167060792 -0.016105887 0.984999955
1341846333.697964 -0.773684502 0.158712357 0.632748604 0.039951727 0.171456769 -0.014230094 0.984278381
1341846333.730092 -0.804354966 0.160075516 0.637760997 0.043097522 0.177114084 -0.014024845 0.983146250
1341846333.762089 -0.830971658 0.156452641 0.643184304 0.044149879 0.181849658 -0.011550243 0.982266843
1341846333.798006 -0.851890922 0.146375120 0.644575596 0.043288838 0.185537159 -0.010633868 0.981625676
1341846333.830055 -0.863747358 0.152401850 0.642313361 0.046986103 0.188963473 -0.013853435 0.980761528
1341846333.866045 -0.855965197 0.149530739 0.637185395 0.046905801 0.187817752 -0.013781687 0.980986476
1341846333.897987 -0.853201091 0.142731979 0.632489324 0.047175020 0.186553568 -0.014397615 0.981205881
1341846333.930099 -0.876630902 0.146744028 0.630885422 0.051144309 0.191545293 -0.017205756 0.979999363
1341846333.965889 -0.892654598 0.145715788 0.625124276 0.053118039 0.194704950 -0.018019700 0.979256749
1341846333.997985 -0.858466208 0.142804161 0.618084073 0.055508539 0.188495725 -0.017422987 0.980349243
1341846334.030076 -0.856271148 0.132013381 0.610975623 0.056071620 0.188104987 -0.015662666 0.980421960
1341846334.066000 -0.862686694 0.131688148 0.606987000 0.057797149 0.188024268 -0.013843697 0.980364621
1341846334.097932 -0.877261817 0.138285398 0.610145569 0.061020710 0.190336451 -0.015138365 0.979703784
1341846334.133884 -0.893975794 0.142054781 0.605486870 0.063306324 0.193537697 -0.015553738 0.978924751
1341846334.166115 -0.889103711 0.133070990 0.594976664 0.061544478 0.190109387 -0.015096029 0.979715705
1341846334.198072 -0.888655722 0.139713109 0.586136341 0.063661717 0.187898412 -0.016574258 0.979983032
1341846334.234097 -0.892673075 0.146102265 0.582159877 0.064926349 0.188917920 -0.018194942 0.979675233
1341846334.266045 -0.894183457 0.137001246 0.579091668 0.063287832 0.189437479 -0.016119640 0.979718506
1341846334.297946 -0.897173822 0.135538086 0.570565343 0.063992888 0.187127948 -0.013537464 0.980155468
1341846334.334036 -0.914731145 0.142428905 0.564563215 0.065848567 0.188302159 -0.015993170 0.979770601
1341846334.365871 -0.905004501 0.135849565 0.553410470 0.063415788 0.185954005 -0.016512090 0.980370879
1341846334.401845 -0.924772620 0.142601505 0.551518083 0.063370787 0.189769581 -0.017622525 0.979622960
1341846334.433864 -0.929107547 0.127903730 0.546979249 0.061177805 0.188148841 -0.017046396 0.980085135
1341846334.466105 -0.923029602 0.144933999 0.533474505 0.064865038 0.184711188 -0.015515223 0.980527222
1341846334.502142 -0.908675492 0.133158177 0.533990145 0.060907934 0.179701999 -0.013282883 0.981743872
1341846334.540153 -0.915331781 0.134269163 0.533214629 0.060619179 0.179198101 -0.014794392 0.981832206
1341846334.602351 -0.937047184 0.138642147 0.516710222 0.054372158 0.177226871 -0.022023922 0.982420087
1341846334.670161 -0.946196735 0.135209382 0.506107152 0.048257366 0.175785750 -0.028247628 0.982839108
1341846334.702085 -0.951976240 0.129361853 0.500636101 0.046223782 0.173613340 -0.026374187 0.983374894
1341846334.734751 -0.954788387 0.133669138 0.489697576 0.047303163 0.170729682 -0.025553860 0.983850002
1341846334.770889 -0.955024838 0.135530427 0.476821214 0.047947206 0.167844623 -0.022457518 0.984390616
1341846334.802194 -0.953124344 0.137779295 0.467419475 0.047822636 0.164025024 -0.022385458 0.985041976
1341846334.833908 -0.953331769 0.139109731 0.452340662 0.046931781 0.161534205 -0.023879508 0.985461295
1341846334.869874 -0.949736118 0.135722116 0.438463420 0.044242598 0.159716859 -0.022089254 0.985923529
1341846334.902006 -0.939412117 0.134264991 0.427181542 0.042965047 0.154637694 -0.021680776 0.986798465
1341846334.938010 -0.930280209 0.136255234 0.414927125 0.042657822 0.149025261 -0.021996394 0.987667978
1341846334.970032 -0.930553555 0.139374614 0.409818679 0.043103743 0.148244336 -0.023451449 0.987732589
1341846335.002203 -0.943966746 0.136085972 0.405343205 0.044572007 0.149673805 -0.021654362 0.987492919
1341846335.037880 -0.955365777 0.123575427 0.393870056 0.044461105 0.147044316 -0.018611435 0.987954915
1341846335.069990 -0.965456367 0.135386884 0.388512045 0.046374332 0.145740584 -0.020240678 0.988028109
1341846335.106038 -0.960920691 0.138964847 0.378753543 0.047251776 0.145795196 -0.023099050 0.987915695
1341846335.138045 -0.965476692 0.134633332 0.368348449 0.048432313 0.146139786 -0.021976341 0.987833261
1341846335.169900 -0.968634725 0.123180717 0.355988890 0.045178521 0.142712221 -0.020605637 0.988517880
1341846335.206091 -0.970921576 0.133748814 0.346630663 0.046241954 0.141052052 -0.024581047 0.988616109
1341846335.239365 -0.981142223 0.125658020 0.342184693 0.045041807 0.143812045 -0.028340673 0.988173187
1341846335.269948 -0.985222757 0.123364240 0.330928534 0.045880824 0.144502386 -0.027755043 0.988050461
1341846335.305972 -0.985182941 0.119673669 0.327530593 0.046985470 0.141552389 -0.026571516 0.988458037
1341846335.338012 -0.991036534 0.123176888 0.321211785 0.049287163 0.141157523 -0.026061688 0.988416076
1341846335.374005 -0.995507419 0.117068000 0.322131366 0.054162320 0.143544659 -0.024276489 0.987862349
1341846335.406025 -1.004084349 0.116070189 0.314371824 0.060822934 0.146296054 -0.022686176 0.987108648
1341846335.438079 -1.011863828 0.123766236 0.290663928 0.066715300 0.146883845 -0.021819131 0.986660123
1341846335.473998 -1.017850757 0.118886992 0.284191251 0.067307882 0.149191186 -0.021635761 0.986277699
1341846335.507038 -1.019060254 0.134469494 0.275081962 0.070279993 0.151367158 -0.024918936 0.985661149
1341846335.538040 -1.026868224 0.147355333 0.266727984 0.071220018 0.154179469 -0.026693037 0.985111117
1341846335.574119 -1.042270660 0.136433214 0.259106249 0.066308357 0.155282319 -0.025706055 0.985306978
1341846335.605970 -1.034868717 0.143174559 0.248370439 0.066429727 0.153165564 -0.026492968 0.985609233
1341846335.641978 -1.040123463 0.142357439 0.237390935 0.066770934 0.154828519 -0.028914263 0.985258222
1341846335.673993 -1.040443897 0.142399281 0.229545236 0.066036463 0.154633194 -0.028070062 0.985362828
1341846335.706178 -1.048460364 0.140018433 0.220953017 0.065195441 0.153574690 -0.026894651 0.985617101
1341846335.741982 -1.047664046 0.142890453 0.212234795 0.065997496 0.153205946 -0.028253851 0.985583067
1341846335.773960 -1.063861489 0.148201868 0.206667274 0.066281393 0.155546665 -0.029168939 0.985170722
1341846335.806271 -1.060650706 0.152699947 0.193321422 0.064643443 0.153732181 -0.028698355 0.985578001
1341846335.842031 -1.080473304 0.132460207 0.194254279 0.059809659 0.157697186 -0.028869210 0.985251725
1341846335.873966 -1.064695120 0.143438414 0.172457591 0.062471215 0.155588642 -0.028747495 0.985425353
1341846335.910005 -1.082458496 0.144322440 0.170658261 0.062113367 0.157228664 -0.027562978 0.985221505
1341846335.941936 -1.085103750 0.148343623 0.158143327 0.061515428 0.154720694 -0.026189413 0.985693395
1341846335.974198 -1.092068434 0.152003184 0.151716501 0.061368573 0.154570222 -0.029110497 0.985644281
1341846336.010032 -1.099451542 0.153978318 0.144974291 0.060968727 0.154879943 -0.029839622 0.985598624
1341846336.042129 -1.100244403 0.153921038 0.130053505 0.059945147 0.152579233 -0.028661136 0.986055136
1341846336.078076 -1.108188510 0.152338237 0.129023686 0.059804805 0.151456878 -0.029953411 0.986198306
1341846336.110739 -1.109009266 0.158009619 0.123483054 0.060830414 0.151351556 -0.031356037 0.986108065
1341846336.142002 -1.115250826 0.150665596 0.107558258 0.059532784 0.150868192 -0.028961973 0.986334562
1341846336.183953 -1.124051690 0.156917930 0.096830733 0.059528969 0.148616180 -0.027805356 0.986709893
1341846336.241891 -1.126098394 0.162793487 0.092375591 0.058346774 0.148173615 -0.028288076 0.986833334
1341846336.277946 -1.129514456 0.151830092 0.085349917 0.057726145 0.147694021 -0.024584044 0.987040937
1341846336.309977 -1.109757662 0.154161200 0.045122713 0.060670484 0.140977874 -0.018743215 0.987974226
1341846336.346143 -1.047094464 0.162961379 0.018660210 0.063497826 0.128507555 -0.018154524 0.989507079
1341846336.377975 -0.985327303 0.163901925 -0.000017050 0.064688109 0.117539085 -0.017634658 0.990802228
1341846336.410032 -0.941588104 0.169892713 -0.026616096 0.066563725 0.109598510 -0.017311024 0.991593540
1341846336.446041 -0.895146132 0.176565185 -0.049827192 0.066471107 0.100877807 -0.017500753 0.992521524
1341846336.477990 -0.848888993 0.179290190 -0.065343276 0.066275828 0.093249321 -0.016443785 0.993298411
1341846336.510056 -0.806809425 0.176948398 -0.083836704 0.066410691 0.087300241 -0.013279823 0.993877232
1341846336.546024 -0.761971295 0.187923878 -0.103637204 0.071055308 0.080070727 -0.014420033 0.994148850
1341846336.578003 -0.709771037 0.184204027 -0.123166978 0.068588279 0.070924558 -0.010928890 0.995060802
1341846336.614020 -0.671889961 0.182664394 -0.144815236 0.066909224 0.066541910 -0.010289706 0.995484531
1341846336.645982 -0.621536136 0.173830867 -0.157311097 0.063156612 0.059327342 -0.007881461 0.996207535
1341846336.678036 -0.569825411 0.175575167 -0.175315365 0.062793955 0.049344439 -0.008495901 0.996769786
1341846336.714024 -0.533994734 0.161706895 -0.197748855 0.062367883 0.043187186 -0.006734968 0.997095644
1341846336.746016 -0.460629612 0.153634205 -0.188270822 0.064041018 0.027371289 -0.005718351 0.997555494
1341846336.778014 -0.415424913 0.154678985 -0.215334848 0.066317506 0.016435908 0.000256885 0.997663200
1341846336.820006 -0.369822949 0.163428470 -0.243028045 0.067780092 0.007990710 0.001816422 0.997666657
1341846336.882056 -0.257390052 0.153090075 -0.221165895 0.068051092 -0.012849676 0.003260064 0.997593760
1341846336.914273 -0.203986242 0.148852974 -0.219908237 0.068382092 -0.027171209 0.007187695 0.997263253
1341846336.945998 -0.125912294 0.162274420 -0.228258789 0.076995909 -0.048144322 0.006210283 0.995849013
1341846336.981980 -0.064609773 0.170630321 -0.214173272 0.080704987 -0.061608240 0.011858597 0.994761586
1341846337.014238 0.011714146 0.185350925 -0.203661680 0.079952233 -0.079056129 0.008537558 0.993622184
1341846337.046017 0.075589910 0.207433641 -0.187497064 0.083936326 -0.091804318 0.007931836 0.992201507
1341846337.082104 0.126763940 0.213310942 -0.174697503 0.084465921 -0.100738496 0.009209783 0.991278291
1341846337.114317 0.168017194 0.212975845 -0.173781469 0.081446610 -0.109866269 0.014151326 0.990502715
1341846337.150037 0.201638043 0.214272991 -0.146960258 0.080075003 -0.116739213 0.013690733 0.989834607
1341846337.181873 0.217553645 0.216717914 -0.148463264 0.080035552 -0.117925495 0.011579770 0.989724100
1341846337.214073 0.255297303 0.218731627 -0.136078998 0.077156931 -0.123722002 0.014126796 0.989211857
1341846337.250087 0.279737383 0.215003401 -0.102774367 0.075016201 -0.129783586 0.015257703 0.988582850
1341846337.282028 0.323017865 0.224284053 -0.108636394 0.077457018 -0.141501725 0.019341176 0.986713588
1341846337.317920 0.342555821 0.221703276 -0.088598356 0.076412588 -0.145658001 0.021596506 0.986143231
1341846337.350018 0.370943725 0.226691470 -0.094914466 0.075418234 -0.150137201 0.024078049 0.985490382
1341846337.382159 0.373637408 0.228940204 -0.102646984 0.074173339 -0.146987081 0.018183488 0.986185849
1341846337.417941 0.396066159 0.224486232 -0.108130001 0.074452296 -0.150455579 0.017147472 0.985660136
1341846337.450137 0.415307671 0.222601607 -0.122088790 0.073682681 -0.155291796 0.016009858 0.984986782
1341846337.482096 0.420818210 0.215031803 -0.117033958 0.070892185 -0.156419381 0.015027545 0.985028684
1341846337.518008 0.425522000 0.214687809 -0.098414630 0.072254725 -0.158227012 0.014705126 0.984645784
1341846337.549978 0.430560857 0.215249956 -0.102812409 0.071269743 -0.159486249 0.013984904 0.984524846
1341846337.585971 0.429112613 0.213731602 -0.098766044 0.068785906 -0.159486338 0.012866660 0.984716773
1341846337.617903 0.429936051 0.211815178 -0.084074289 0.071275018 -0.160511628 0.012079227 0.984383047
1341846337.650141 0.437521100 0.212463260 -0.091402158 0.072206438 -0.161763534 0.013949668 0.984085500
1341846337.686352 0.452823043 0.217429340 -0.087167025 0.070663884 -0.164590120 0.014444132 0.983721554
1341846337.718002 0.457468867 0.222223788 -0.074833736 0.070487961 -0.165018439 0.013463881 0.983676314
1341846337.749920 0.469057351 0.222033098 -0.066712894 0.069508411 -0.165018871 0.014159837 0.983736157
1341846337.786157 0.486992240 0.232127175 -0.060007788 0.067553803 -0.165770531 0.017686239 0.983688891
1341846337.817945 0.494475842 0.224182799 -0.041362651 0.063952506 -0.165312931 0.018589839 0.983989954
1341846337.854071 0.486381352 0.228177071 -0.044307698 0.063260913 -0.160430282 0.015445292 0.984896779
1341846337.885951 0.506188333 0.230523840 -0.027217051 0.060348578 -0.162298188 0.015903572 0.984766185
1341846337.918223 0.510513306 0.223893180 -0.020065747 0.055373300 -0.161639631 0.014005546 0.985195577
1341846337.954120 0.530492425 0.220911548 0.005277150 0.052655946 -0.164462864 0.014328530 0.984872639
1341846337.985994 0.525229454 0.234355330 0.002708353 0.051720232 -0.162602782 0.014018942 0.985235453
1341846338.018107 0.542915702 0.231978461 0.031575032 0.048270855 -0.164583623 0.014757596 0.985070765
1341846338.054055 0.538477600 0.234486818 0.028053692 0.045788582 -0.162188381 0.013982018 0.985597730
1341846338.085986 0.564335108 0.238604903 0.059499022 0.043238875 -0.164157093 0.014978746 0.985372245
1341846338.121875 0.555049896 0.230453998 0.067982718 0.040262144 -0.160601094 0.017280707 0.986046433
1341846338.154089 0.591783524 0.233326524 0.100692295 0.038793352 -0.167934671 0.024059813 0.984740674
1341846338.186029 0.617607713 0.225962102 0.131242603 0.034829531 -0.174082011 0.026834063 0.983749092
1341846338.222071 0.625368774 0.220486581 0.151005387 0.031934984 -0.173657224 0.026987743 0.983918190
1341846338.254107 0.622261524 0.225176588 0.157117173 0.031820353 -0.172442049 0.027266370 0.984127939
1341846338.290130 0.633746147 0.223728076 0.173080847 0.031889934 -0.174873769 0.028583787 0.983659148
1341846338.321952 0.630801678 0.228917837 0.180627361 0.032159772 -0.173542678 0.031800099 0.983787298
1341846338.354022 0.634142280 0.227947965 0.196569383 0.031638488 -0.174199849 0.030989099 0.983713984
1341846338.389969 0.629780293 0.225148737 0.201660946 0.029610487 -0.172685429 0.032383233 0.983999193
1341846338.422377 0.627347529 0.225723714 0.209311977 0.028810786 -0.172501713 0.031084342 0.984097004
1341846338.454010 0.625671923 0.218669623 0.220511630 0.026273593 -0.172964722 0.029587774 0.984132886
1341846338.489894 0.618878245 0.220982224 0.230408505 0.025461044 -0.172389746 0.030202225 0.984236479
1341846338.522066 0.620078444 0.220576346 0.235702828 0.026709381 -0.172616318 0.029613227 0.984181583
1341846338.558058 0.616427660 0.217799380 0.238276109 0.024949009 -0.172170743 0.029212678 0.984317780
1341846338.589842 0.609295130 0.216467723 0.245764658 0.023106020 -0.171281978 0.027958322 0.984554172
1341846338.622019 0.603276849 0.216079995 0.255209953 0.024133643 -0.169263572 0.029378086 0.984837294
1341846338.657984 0.603197813 0.217387959 0.256946057 0.023684170 -0.169983789 0.031373683 0.984662533
1341846338.690198 0.594377995 0.209668726 0.258971184 0.020424884 -0.168533742 0.028831594 0.985062420
1341846338.722454 0.584152699 0.207123831 0.266075611 0.020063002 -0.165302053 0.028841505 0.985617042
1341846338.757945 0.590985417 0.208133072 0.273896962 0.019091582 -0.167721033 0.032195214 0.985123694
1341846338.790039 0.585772812 0.205266491 0.283742011 0.016690027 -0.169052795 0.030633494 0.984989464
1341846338.826048 0.577285171 0.199016020 0.288218766 0.016426630 -0.166036233 0.027727997 0.985592902
1341846338.858027 0.579178989 0.198137268 0.292539507 0.015493730 -0.165398791 0.027149880 0.985731244
1341846338.889902 0.570286453 0.200087652 0.300340861 0.013735446 -0.164724678 0.026949791 0.985875726
1341846338.925948 0.564111233 0.191566303 0.310963094 0.011788727 -0.162620738 0.023149708 0.986346602
1341846338.958108 0.561780334 0.193420365 0.318359703 0.012812954 -0.160303488 0.022749308 0.986722410
1341846338.990057 0.559191048 0.194895014 0.328698367 0.013703384 -0.159977779 0.024399292 0.986723900
1341846339.025928 0.557411551 0.193176329 0.337221056 0.015461059 -0.158647239 0.024010090 0.986922324
1341846339.057939 0.555466115 0.191592306 0.346143275 0.017301274 -0.156014025 0.024210066 0.987306595
1341846339.093927 0.552684367 0.197397143 0.351487726 0.016422078 -0.156671792 0.027365712 0.987134993
1341846339.126562 0.553556144 0.201694563 0.364544064 0.013919162 -0.157696962 0.023730656 0.987104297
1341846339.157969 0.549372911 0.201300547 0.377841920 0.011807186 -0.153960630 0.022068346 0.987759948
1341846339.194113 0.556957424 0.203484520 0.387704372 0.009422779 -0.155612499 0.024710972 0.987464190
1341846339.228165 0.553654015 0.204425156 0.402423531 0.005307937 -0.157572195 0.025478255 0.987164557
1341846339.257998 0.560520828 0.209326580 0.430010796 0.003952478 -0.157912940 0.024784390 0.987134039
1341846339.294132 0.564632416 0.205756783 0.436923951 0.002669387 -0.156373829 0.025931168 0.987353921
1341846339.326577 0.577450514 0.191194236 0.442135304 -0.005472335 -0.161150113 0.025571529 0.986583412
1341846339.362269 0.568700492 0.205307394 0.461573452 -0.006233931 -0.161648795 0.025224134 0.986506283
1341846339.394725 0.563360035 0.212950364 0.460182816 -0.005439343 -0.158352941 0.025258418 0.987044454
1341846339.462186 0.566209495 0.195633516 0.475977868 -0.012186890 -0.159358665 0.024966149 0.986829817
1341846339.496743 0.571014285 0.213352591 0.493546158 -0.005485318 -0.156182274 0.021181114 0.987485886
1341846339.562052 0.577078402 0.202851593 0.515636504 -0.006455951 -0.155568019 0.026051899 0.987460554
1341846339.595122 0.578788579 0.210018590 0.526998222 -0.002886456 -0.154674709 0.024543783 0.987656355
1341846339.632085 0.576197088 0.208298862 0.530979395 -0.001742364 -0.150543079 0.022102583 0.988354802
1341846339.664568 0.572265983 0.199232310 0.533831060 -0.002927275 -0.146716207 0.020110050 0.988969862
1341846339.698896 0.569474041 0.195988968 0.540580630 -0.003256782 -0.145307466 0.019840691 0.989182234
1341846339.731977 0.569224119 0.202380866 0.551708817 -0.001267198 -0.145092234 0.017846342 0.989256382
1341846339.762241 0.569754124 0.198003218 0.558509171 -0.001509716 -0.143758029 0.017887289 0.989450097
1341846339.797873 0.574668646 0.189789072 0.568637908 -0.002976519 -0.144458905 0.019522097 0.989313722
1341846339.830245 0.573739767 0.184422582 0.573933184 -0.004339693 -0.144680470 0.019950923 0.989267766
1341846339.862015 0.568300903 0.186380476 0.577226043 -0.004411825 -0.143165454 0.018621590 0.989513755
1341846339.897797 0.572530925 0.191219911 0.589691222 -0.004168200 -0.142859235 0.017307682 0.989582896
1341846339.929916 0.566405892 0.187332019 0.598516762 -0.004731143 -0.140766844 0.019173261 0.989845812
1341846339.961960 0.572848976 0.190237209 0.610813975 -0.002997978 -0.142940402 0.020088721 0.989522874
1341846339.997845 0.576537907 0.191916749 0.620220363 -0.001464222 -0.142249092 0.019203737 0.989643514
1341846340.029925 0.572589040 0.191724122 0.625924170 -0.000501776 -0.138995320 0.021243520 0.990065038
1341846340.066044 0.572375953 0.183962673 0.628635943 -0.000125959 -0.137640208 0.022736184 0.990221322
1341846340.098009 0.567164183 0.189964071 0.633394301 0.001834423 -0.136067361 0.023185685 0.990426540
1341846340.130102 0.570001185 0.198047549 0.650012970 0.003078623 -0.136911735 0.021023743 0.990355372
1341846340.166041 0.572306216 0.194240496 0.656085312 0.003771149 -0.134944022 0.018958043 0.990664721
1341846340.197867 0.568222642 0.190904170 0.656549931 0.003862502 -0.131630883 0.020962739 0.991069674
1341846340.229904 0.572833180 0.195687070 0.666022003 0.003306290 -0.132892981 0.021253293 0.990897000
1341846340.265859 0.577829182 0.196457565 0.681843162 0.003622643 -0.132742926 0.019929750 0.990943551
1341846340.298061 0.570900977 0.196075991 0.683118343 0.005484168 -0.128832534 0.021064242 0.991427541
1341846340.334063 0.569395125 0.193311006 0.685854137 0.003122222 -0.130010962 0.023406215 0.991231322
1341846340.366064 0.572155833 0.193470508 0.697808504 0.002400638 -0.132335410 0.021505540 0.990968764
1341846340.397995 0.575605631 0.191966981 0.701046944 0.004111466 -0.132135272 0.021527413 0.990989387
1341846340.433895 0.573689938 0.192673460 0.703980565 0.004490091 -0.131992579 0.023341201 0.990965784
1341846340.465959 0.577352047 0.188199416 0.708316684 0.004098647 -0.135168150 0.025470680 0.990486801
1341846340.501858 0.576998591 0.190759659 0.711791515 0.005513805 -0.137719154 0.024012014 0.990164936
1341846340.534329 0.581734955 0.192121878 0.710177422 0.006168699 -0.139439642 0.024394795 0.989910841
1341846340.566041 0.586449385 0.190503389 0.715153933 0.007209514 -0.140878528 0.025388738 0.989675045
1341846340.601909 0.590419114 0.196626872 0.721040905 0.010838692 -0.141717151 0.025536295 0.989518464
1341846340.634005 0.592782974 0.194990471 0.711645901 0.010935266 -0.141750142 0.024467122 0.989539683
1341846340.666028 0.596046746 0.192622766 0.713296294 0.010910342 -0.141504973 0.022487676 0.989621997
1341846340.701946 0.601555705 0.193793371 0.711311638 0.013432310 -0.140494213 0.020934384 0.989769042
1341846340.733954 0.604817390 0.192242146 0.706003785 0.013684599 -0.138765395 0.020105535 0.990026593
1341846340.770081 0.603804111 0.190188736 0.705626845 0.012886479 -0.138175458 0.017162153 0.990175307
1341846340.801980 0.611044884 0.194901317 0.710522294 0.014944172 -0.138287336 0.011979295 0.990206957
1341846340.833999 0.612360895 0.196398854 0.710832536 0.014977937 -0.136053711 0.008997402 0.990547419
1341846340.870013 0.611595690 0.194212392 0.711465478 0.013684895 -0.136121452 0.007256684 0.990571082
1341846340.901955 0.616554618 0.191870391 0.711216211 0.014435612 -0.137224168 0.008040483 0.990402281
1341846340.933918 0.617035508 0.189317077 0.705470204 0.015159296 -0.137676165 0.011395622 0.990295708
1341846340.970122 0.612381339 0.191652387 0.694136441 0.016156031 -0.139336333 0.016264133 0.989979744
1341846341.001922 0.614265561 0.189987212 0.693553984 0.016632831 -0.143506065 0.021098312 0.989284694
1341846341.037923 0.617612243 0.195968539 0.694835842 0.018785376 -0.146313220 0.022678191 0.988799930
1341846341.070300 0.621877193 0.191379368 0.691828072 0.018225856 -0.147658750 0.023383124 0.988593936
1341846341.102028 0.619765162 0.193923637 0.690805912 0.018766105 -0.148698851 0.023610422 0.988422513
1341846341.137982 0.623510659 0.192241549 0.689622879 0.018529467 -0.151109263 0.023668023 0.988059998
1341846341.170048 0.622856498 0.191949695 0.688566864 0.018975683 -0.151146948 0.024804389 0.988017857
1341846341.202110 0.623367727 0.189713597 0.684110880 0.020012442 -0.151435971 0.026667895 0.987904668
1341846341.237996 0.624261379 0.190568894 0.683013618 0.021611078 -0.151138827 0.027376451 0.987897038
1341846341.269883 0.623589933 0.189752892 0.678990364 0.022461781 -0.150789842 0.027997585 0.987914026
1341846341.306107 0.622403860 0.186942011 0.674600840 0.022540485 -0.150865316 0.026718196 0.987936139
1341846341.338109 0.623742759 0.190326378 0.671711087 0.024601700 -0.150184229 0.024315389 0.988052785
1341846341.370120 0.627616107 0.189525485 0.672582388 0.025239153 -0.149550900 0.022102583 0.988184750
1341846341.406074 0.621312141 0.185713679 0.669742107 0.024494637 -0.148217693 0.021950642 0.988407671
1341846341.438113 0.621468782 0.185764432 0.670370162 0.026222695 -0.150294855 0.022372471 0.988040149
1341846341.470024 0.624619782 0.189546615 0.672178030 0.029988749 -0.150811225 0.020465432 0.987895727
1341846341.506077 0.618976295 0.193481445 0.666033506 0.030068485 -0.148966670 0.019675119 0.988189161
1341846341.538156 0.617416143 0.185211301 0.666182518 0.027664348 -0.150877550 0.020141557 0.987960041
1341846341.574016 0.620090842 0.185241163 0.665972590 0.028738827 -0.153272390 0.020883933 0.987545252
1341846341.612466 0.622779191 0.187620938 0.660905004 0.029208470 -0.154207781 0.021421729 0.987374306
1341846341.643972 0.620183229 0.188412577 0.659007490 0.028520783 -0.155062884 0.020059962 0.987289071
1341846341.679982 0.620638847 0.187300786 0.658035517 0.028044166 -0.156760961 0.021480598 0.987004638
1341846341.712332 0.619446754 0.189743802 0.655062377 0.028792689 -0.158802226 0.024461064 0.986587346
1341846341.744185 0.625055909 0.189906090 0.655001283 0.029276503 -0.161663353 0.026102168 0.986066222
1341846341.780061 0.621087074 0.192597643 0.651987791 0.029710988 -0.161477089 0.027931191 0.986033678
1341846341.842595 0.623525441 0.183557838 0.643280387 0.030161992 -0.161882937 0.032951072 0.985798359
1341846341.906227 0.639360666 0.185297444 0.645224333 0.033459097 -0.165360987 0.038552590 0.984911144
1341846341.942069 0.636200249 0.179290339 0.636761487 0.035682015 -0.164147258 0.040209915 0.984969854
1341846341.974775 0.637720704 0.176813528 0.636568069 0.038301282 -0.164456934 0.042259593 0.984734058
1341846342.010161 0.639705598 0.175359607 0.633011818 0.037973568 -0.166241467 0.045020171 0.984324634
1341846342.042024 0.651747763 0.173672020 0.636474669 0.039841697 -0.168542460 0.045393799 0.983842194
1341846342.080032 0.657830417 0.173081636 0.636271179 0.041354425 -0.167154953 0.046438690 0.983967781
1341846342.112265 0.659773946 0.164773285 0.634805977 0.040047534 -0.167105108 0.048386205 0.983936429
1341846342.147954 0.668192387 0.162043616 0.637595236 0.042056352 -0.169670969 0.051175497 0.983272195
1341846342.179852 0.666346431 0.163857982 0.630256236 0.045033358 -0.167943805 0.051842228 0.983401895
1341846342.211848 0.664687157 0.162908480 0.633599281 0.045293786 -0.167269722 0.052090645 0.983491719
1341846342.247920 0.665942669 0.163596958 0.635504186 0.047102619 -0.167225182 0.051158022 0.983463287
1341846342.279870 0.672920108 0.164332911 0.635703921 0.048622079 -0.167834446 0.052198000 0.983230829
1341846342.316068 0.674119473 0.156936571 0.632545590 0.048101183 -0.167620867 0.053224467 0.983237863
1341846342.347894 0.673533201 0.158447742 0.629865229 0.048564646 -0.167150661 0.052804686 0.983317792
1341846342.379953 0.672942162 0.157584876 0.627629399 0.048627481 -0.166305006 0.052819885 0.983457267
1341846342.416195 0.671077490 0.156930372 0.629046321 0.048958495 -0.166149378 0.053918276 0.983407497
