1341846313.592026 0.000000000 0.000000000 0.000000000 -0.000000000 -0.000000000 -0.000000000 1.000000000
1341846313.654184 0.005716401 0.003045970 -0.009446803 -0.000316147 -0.002900502 0.004560858 0.999985337
1341846313.686156 0.014363191 0.007332759 -0.007895065 0.001405378 -0.005661735 0.003936823 0.999975264
1341846313.721918 0.015367596 0.009307941 -0.010214672 0.001543304 -0.005834813 0.004308247 0.999972522
1341846313.753994 0.017305817 0.010099591 -0.008099946 0.001271538 -0.005746839 0.004887606 0.999970734
1341846313.789969 0.017538503 0.012984785 -0.007229971 0.002880600 -0.005406963 0.003337479 0.999975741
1341846313.822075 0.011643239 0.016060511 -0.008671427 0.003057374 -0.002160321 0.001685921 0.999991596
1341846313.853928 0.003564425 0.018729204 -0.006749807 0.003015061 0.002590501 0.000762981 0.999991834
1341846313.890011 -0.012509244 0.014960914 -0.007625604 0.002024204 0.008344085 0.001144892 0.999962509
1341846313.922055 -0.030235942 0.016611213 -0.009316347 -0.000000760 0.012923788 0.001362373 0.999915600
1341846313.957927 -0.058614030 0.023722330 -0.016227962 -0.000528638 0.023511007 0.000950749 0.999723017
1341846313.990058 -0.065545164 0.023330545 -0.011163451 -0.001543013 0.030461878 0.001332816 0.999533892
1341846314.022042 -0.109802820 0.014093962 -0.017992646 -0.006448601 0.041631319 0.006645660 0.999090135
1341846314.057816 -0.125916511 0.024859477 -0.008334104 -0.007260959 0.048354413 0.006768229 0.998780966
1341846314.089801 -0.143088818 0.029154744 -0.005674592 -0.005494920 0.057486393 0.005281769 0.998317182
1341846314.122037 -0.161900491 0.020651927 -0.006706535 -0.009292148 0.064989373 0.007745416 0.997812629
1341846314.157989 -0.175404653 0.034782533 0.000917950 -0.007594926 0.071798421 0.007649356 0.997360945
1341846314.190094 -0.188569784 0.035648905 -0.000108762 -0.007560239 0.078462251 0.008397566 0.996853113
1341846314.225969 -0.209383443 0.038154949 -0.007464911 -0.009625721 0.085016318 0.011017855 0.996272147
1341846314.257923 -0.207648113 0.043579742 0.001088790 -0.010151299 0.087686338 0.011345392 0.996031880
1341846314.290052 -0.213141784 0.045534529 0.002193394 -0.008735381 0.090302154 0.009589359 0.995829940
1341846314.325981 -0.225329340 0.055460978 0.000685089 -0.008421683 0.094523646 0.006888785 0.995463192
1341846314.357905 -0.221953243 0.064706706 0.008009825 -0.007137674 0.098234005 0.005858744 0.995120525
1341846314.389899 -0.224470764 0.068921298 0.007911595 -0.004742087 0.101857170 0.004340137 0.994778275
1341846314.427905 -0.228067756 0.070612051 0.008260036 -0.005398361 0.105423234 0.002761131 0.994409025
1341846314.493987 -0.276789546 0.089311764 0.000689385 -0.000684077 0.125139207 -0.005144739 0.992125630
1341846314.526085 -0.290080816 0.093414836 -0.008995128 -0.000229389 0.129847318 -0.006972888 0.991509497
1341846314.558292 -0.283527374 0.101757698 -0.004992364 -0.000079312 0.133080125 -0.008223967 0.991071224
1341846314.594085 -0.277448863 0.103521258 -0.001038944 0.002254428 0.137928501 -0.008655645 0.990401804
1341846314.626096 -0.329891503 0.105767183 -0.007109222 0.002264901 0.150602892 -0.005177860 0.988578200
1341846314.658455 -0.342209578 0.111149326 -0.016249562 0.001398607 0.154685810 -0.005772034 0.987945855
1341846314.694004 -0.319330245 0.111714736 -0.002450544 0.002442916 0.157230720 -0.007703765 0.987528920
1341846314.725910 -0.337364763 0.092780307 0.021536388 0.003667844 0.164009094 -0.005264633 0.986437976
1341846314.761942 -0.343862027 0.094739959 0.013017493 0.007993845 0.165345520 -0.000861107 0.986202955
1341846314.794030 -0.336362302 0.098640271 0.018301608 0.011850308 0.168509632 0.000774778 0.985628545
1341846314.826092 -0.346648514 0.114135616 0.003806817 0.016217543 0.174597055 -0.001094600 0.984505773
1341846314.862145 -0.355572909 0.118833460 -0.004699131 0.017362194 0.179937795 0.000233775 0.983524799
1341846314.894072 -0.366633505 0.118731454 -0.009215028 0.017156910 0.186783493 0.002285963 0.982248604
1341846314.925969 -0.428744465 0.124810502 0.008896351 0.018710889 0.200635731 0.006738416 0.979464054
1341846314.961937 -0.440740794 0.128067777 0.002879603 0.016326915 0.203162208 0.011622419 0.978940010
1341846314.994564 -0.431030422 0.126175657 0.010717753 0.012837538 0.204035893 0.012301950 0.978801966
1341846315.029900 -0.440555781 0.137081757 0.009602344 0.014302772 0.210578069 0.007935592 0.977440178
1341846315.061965 -0.458734959 0.117191918 0.022218747 0.010706312 0.216480628 0.011637866 0.976158857
1341846315.094388 -0.469157815 0.133035824 0.021485060 0.014024719 0.217675671 0.011723382 0.975849986
1341846315.129851 -0.478917032 0.150004208 0.022366842 0.018252226 0.220932379 0.008754904 0.975079060
1341846315.161941 -0.526347995 0.143446758 0.012622801 0.013836259 0.228198171 0.014461652 0.973408937
1341846315.197984 -0.522440791 0.165861338 0.016318694 0.011527710 0.225896940 0.010525547 0.974026144
1341846315.230076 -0.523141026 0.173205286 0.019990554 0.008707399 0.226518542 0.006246090 0.973947942
1341846315.262069 -0.521144271 0.165976942 0.020987233 0.005134892 0.223962173 0.010726374 0.974525273
1341846315.298000 -0.521525800 0.172159836 0.024229998 0.004800661 0.221289009 0.012749390 0.975113094
1341846315.329931 -0.522976756 0.201090008 0.025266798 0.014190884 0.220962912 0.010177757 0.975125849
1341846315.361981 -0.551676452 0.219824463 0.027854383 0.023367550 0.225312725 0.012343552 0.973928034
1341846315.397962 -0.567794025 0.233827978 0.032079984 0.029080147 0.229042307 0.015235899 0.972862720
1341846315.429923 -0.583041549 0.249326691 0.038215045 0.034337241 0.234428912 0.014575856 0.971417367
1341846315.466047 -0.608896017 0.253385812 0.036399964 0.035566766 0.242953822 0.015711466 0.969258308
1341846315.497883 -0.628578544 0.263801605 0.036294624 0.037820835 0.248607218 0.019948177 0.967660129
1341846315.530008 -0.631515622 0.261831075 0.042491578 0.037395954 0.251200199 0.020294430 0.966999590
1341846315.566108 -0.617017150 0.239119366 0.043351844 0.032919254 0.250657529 0.023841759 0.967222154
1341846315.597986 -0.637632251 0.243321106 0.052543379 0.033749569 0.256130159 0.023562627 0.965765595
1341846315.630109 -0.651233494 0.249608368 0.059838671 0.035063095 0.260130286 0.022863355 0.964665830
1341846315.666042 -0.644169450 0.251773357 0.044761371 0.033507578 0.259744316 0.021195682 0.964863181
1341846315.698114 -0.674287319 0.264092326 0.057597771 0.029672347 0.269047081 0.018955994 0.962483227
1341846315.733985 -0.652809560 0.249565378 0.060294997 0.025956873 0.268096328 0.021389358 0.962804854
1341846315.766041 -0.586459279 0.222658485 0.045581009 0.021528725 0.253966749 0.023635635 0.966684401
1341846315.798188 -0.598196328 0.230560690 0.055116128 0.021644795 0.256113410 0.022067618 0.966152430
1341846315.834140 -0.595441818 0.238759458 0.053075973 0.024454687 0.257407874 0.020142740 0.965783358
1341846315.866751 -0.593927979 0.242867976 0.050526693 0.027592201 0.258018941 0.019817242 0.965542436
1341846315.898492 -0.579692900 0.226219028 0.046723951 0.025225114 0.255804330 0.018807121 0.966216445
1341846315.936901 -0.590437651 0.226400048 0.056048572 0.028298508 0.259331226 0.018142860 0.965203345
1341846315.966572 -0.590642989 0.224090919 0.050651927 0.031190347 0.259461850 0.017209066 0.965096176
1341846316.034204 -0.590446949 0.224838093 0.047696669 0.035251480 0.257861853 0.017421063 0.965381324
1341846316.066113 -0.597824991 0.222343549 0.053927876 0.037050281 0.258302480 0.017896831 0.965187490
1341846316.101867 -0.600886762 0.231803283 0.053175163 0.040329948 0.256134450 0.019476743 0.965603054
1341846316.134066 -0.619446456 0.229349419 0.057393026 0.038206041 0.255232543 0.016668899 0.965980768
1341846316.202049 -0.620696187 0.222968265 0.063731961 0.037447341 0.249294356 0.013561786 0.967608452
1341846316.233979 -0.609008670 0.222847834 0.047408111 0.037225667 0.244766459 0.011102612 0.968803644
1341846316.270052 -0.530607343 0.162473798 0.014889656 0.025101287 0.231294334 0.010945023 0.972498357
1341846316.301915 -0.538460195 0.156808943 0.037606895 0.024665052 0.233833060 0.009308110 0.971919298
1341846316.334208 -0.532026291 0.163501769 0.035708901 0.027797092 0.230641469 0.011102647 0.972578347
1341846316.370006 -0.490210444 0.159765795 0.013017018 0.029526142 0.220697522 0.012670087 0.974812925
1341846316.401994 -0.481212735 0.154471830 0.017744800 0.030127078 0.217603594 0.014964082 0.975457430
1341846316.438069 -0.441584587 0.161843687 0.017559620 0.034173708 0.209616750 0.017342182 0.977032363
1341846316.470076 -0.423894405 0.154923379 0.009572988 0.038206439 0.204992190 0.018719779 0.977838457
1341846316.502034 -0.388601065 0.151502192 -0.003651669 0.038554162 0.194115222 0.018762268 0.980041265
1341846316.537975 -0.361556053 0.146126479 -0.003834527 0.034500152 0.186179191 0.017754303 0.981749415
1341846316.570121 -0.315781087 0.132872373 -0.008103402 0.032217368 0.176742405 0.016603855 0.983589649
1341846316.601885 -0.333999217 0.148361981 -0.002931248 0.036592975 0.179153949 0.011751570 0.983070076
1341846316.638009 -0.295873851 0.141131699 -0.004035145 0.037666623 0.170110673 0.012978931 0.984619319
1341846316.669925 -0.288450599 0.143737197 -0.001765855 0.040745672 0.167137742 0.013743092 0.984995425
1341846316.705941 -0.277563691 0.146420181 0.006325774 0.046230137 0.164683491 0.013564215 0.985169113
1341846316.738062 -0.251935363 0.132674068 -0.008113361 0.045068912 0.157896191 0.016639410 0.986286342
1341846316.770433 -0.227415293 0.126519367 -0.009609532 0.042475194 0.151460066 0.016744871 0.987408459
1341846316.805932 -0.227657586 0.140761063 -0.007321826 0.046523690 0.150838897 0.014814347 0.987351894
1341846316.838029 -0.210009500 0.134029776 -0.004975314 0.046254229 0.144791678 0.015044281 0.988265991
1341846316.870034 -0.195841074 0.118817009 -0.009794741 0.044752177 0.137196109 0.019497223 0.989340365
1341846316.906344 -0.188929871 0.107534543 -0.013027549 0.043184325 0.131708309 0.018605007 0.990172684
1341846316.937940 -0.186096177 0.099543661 -0.019321352 0.041370619 0.129073814 0.017536288 0.990616500
1341846316.973994 -0.168060705 0.098416090 -0.012149579 0.040699519 0.123632945 0.017900415 0.991331458
1341846317.005913 -0.168015942 0.101392671 -0.009427796 0.040413361 0.119330920 0.019059228 0.991848648
1341846317.037936 -0.152801245 0.094506651 -0.011641852 0.039491680 0.113767020 0.019790601 0.992524981
1341846317.073972 -0.151005596 0.086248934 -0.006324524 0.039848275 0.110648736 0.022372935 0.992808342
1341846317.106113 -0.134888232 0.073276266 -0.003167527 0.040016681 0.105732776 0.027234161 0.993215740
1341846317.137887 -0.113275409 0.070603125 -0.011759060 0.042301077 0.094130859 0.031330876 0.994167209
1341846317.173970 -0.111073546 0.073474258 -0.017810579 0.043852780 0.085620590 0.033054490 0.994813323
1341846317.205887 -0.104650974 0.058292229 -0.005849161 0.041239288 0.080764115 0.035618830 0.995242596
1341846317.248131 -0.119338311 0.062960625 -0.009616178 0.043503106 0.079299472 0.037912469 0.995179296
1341846317.306289 -0.092072077 0.055225223 -0.008709747 0.043595262 0.066955812 0.042211078 0.995908916
1341846317.348137 -0.106543742 0.060773067 -0.009222967 0.046405908 0.069773816 0.042893741 0.995559275
1341846317.410120 -0.095580503 0.056402326 -0.025899306 0.047243394 0.064024463 0.051034871 0.995522201
1341846317.442569 -0.106462054 0.064628243 -0.023514241 0.052838340 0.065394737 0.054598358 0.994962692
1341846317.474010 -0.101245642 0.066596702 -0.031049669 0.058547907 0.063124917 0.057603944 0.994620144
1341846317.509927 -0.091190845 0.065235570 -0.038268611 0.059950009 0.057242487 0.061292090 0.994672179
1341846317.542282 -0.085813761 0.063760079 -0.046591841 0.058711939 0.052232109 0.060823467 0.995050371
1341846317.573943 -0.094913356 0.066137254 -0.045878503 0.059875458 0.054405842 0.060279079 0.994897664
1341846317.610159 -0.091976032 0.076072522 -0.050820444 0.064477973 0.054143079 0.061807320 0.994530559
1341846317.643553 -0.085466258 0.068112522 -0.056440417 0.064506799 0.050731119 0.064873278 0.994513333
1341846317.677993 -0.076715529 0.076705478 -0.063634351 0.066881306 0.043484863 0.068310492 0.994469523
1341846317.709996 -0.071239784 0.066636622 -0.069290049 0.066994056 0.039805792 0.066841759 0.994715810
1341846317.741834 -0.062809698 0.067262605 -0.069652654 0.066448249 0.035891287 0.066237248 0.994941771
1341846317.777923 -0.050488416 0.064237125 -0.063986741 0.064171232 0.031486392 0.065491408 0.995289683
1341846317.810021 -0.043243174 0.066230975 -0.068265982 0.063992508 0.027032916 0.063390493 0.995568097
1341846317.841886 -0.025399493 0.062202703 -0.066388324 0.061576013 0.021848364 0.061278239 0.995979965
1341846317.878017 -0.021368733 0.061498251 -0.068698592 0.059586830 0.019887051 0.057491194 0.996367753
1341846317.909910 -0.011134841 0.060075626 -0.062229812 0.058598604 0.018686892 0.052091185 0.996746480
1341846317.946031 0.001490979 0.058242392 -0.059676632 0.059322760 0.015992261 0.052368667 0.996735990
1341846317.978041 0.015333491 0.058267124 -0.055653404 0.061628807 0.011194107 0.052127071 0.996674180
1341846318.009897 0.010009893 0.055489112 -0.058025550 0.063158244 0.011968235 0.051395062 0.996607423
1341846318.045949 0.023618463 0.048335053 -0.057900544 0.061586041 0.009600829 0.049061887 0.996849000
1341846318.078074 0.050199643 0.039911419 -0.050196376 0.059001978 0.001250585 0.047583204 0.997122407
1341846318.109894 0.069692880 0.034045856 -0.049486261 0.057058480 -0.007604106 0.044262026 0.997360229
1341846318.145957 0.064448468 0.034458529 -0.044750623 0.056900069 -0.009068962 0.042161059 0.997448027
1341846318.178001 0.070133567 0.031599216 -0.042946719 0.055708263 -0.010958307 0.038872316 0.997629941
1341846318.214074 0.096748978 0.032623272 -0.031810526 0.057011433 -0.019424178 0.036289122 0.997524679
1341846318.245970 0.105492599 0.032437064 -0.030297313 0.059999160 -0.027618108 0.037529930 0.997110248
1341846318.278018 0.108539455 0.036841739 -0.029471494 0.064254224 -0.033991378 0.038650192 0.996605337
1341846318.313937 0.127104178 0.033016067 -0.031235076 0.064956948 -0.045712035 0.038817570 0.996084452
1341846318.345989 0.133431688 0.034892622 -0.024974158 0.066942826 -0.056846518 0.037819657 0.995417953
1341846318.382046 0.137213826 0.029641850 -0.027390134 0.067964673 -0.065445870 0.036244165 0.994878888
1341846318.414072 0.134067386 0.024302892 -0.026643379 0.068212554 -0.072738983 0.037761685 0.994298816
1341846318.446035 0.132351086 0.040168557 -0.026574202 0.073989436 -0.079555720 0.038148411 0.993348479
1341846318.482196 0.138660938 0.034633674 -0.031533130 0.073626854 -0.083128355 0.037361372 0.993112803
1341846318.514144 0.137382194 0.044108763 -0.033002228 0.075477436 -0.085728213 0.040863305 0.992614746
1341846318.546259 0.136277944 0.037378885 -0.030849312 0.076263018 -0.087767847 0.039703030 0.992423534
1341846318.582042 0.133484274 0.034539752 -0.032606602 0.076565757 -0.088159829 0.039559156 0.992371261
1341846318.614115 0.131489873 0.032637857 -0.036325119 0.075947054 -0.089842901 0.039050896 0.992287934
1341846318.650038 0.126986325 0.027921958 -0.044821665 0.074885271 -0.091006152 0.037558168 0.992320240
1341846318.682350 0.126399994 0.031955007 -0.049278647 0.075585797 -0.092923589 0.037764654 0.992081583
1341846318.714063 0.130846098 0.042196125 -0.059681803 0.077180535 -0.096260488 0.038876817 0.991597593
1341846318.749905 0.129203677 0.044897296 -0.067383997 0.079270653 -0.097225711 0.041353170 0.991238296
1341846318.782036 0.138381228 0.052354917 -0.071745545 0.081466213 -0.101561867 0.043731403 0.990523100
1341846318.814121 0.136914760 0.058474608 -0.080867775 0.082787372 -0.108889855 0.042571399 0.989685297
1341846318.850072 0.125263825 0.061582658 -0.089122787 0.084744111 -0.113612473 0.041232381 0.989045262
1341846318.883516 0.108754903 0.068864673 -0.103301607 0.089415073 -0.119499803 0.039131869 0.988025010
1341846318.918047 0.096148968 0.068583518 -0.104845867 0.092049628 -0.131837487 0.037522636 0.986274719
1341846318.950044 0.096036933 0.061605629 -0.108075947 0.092855915 -0.142604530 0.032325990 0.984884143
1341846318.982028 0.092346050 0.063991927 -0.110579878 0.095008671 -0.146516129 0.031404611 0.984134197
1341846319.018123 0.099033609 0.076464511 -0.121377066 0.096431047 -0.155582875 0.031253129 0.982607901
1341846319.050745 0.092734240 0.069719821 -0.109877981 0.098085210 -0.160962880 0.029844236 0.981620908
1341846319.081905 0.061158884 0.066929892 -0.106714368 0.102786846 -0.155178875 0.027987435 0.982125819
1341846319.117976 0.039187152 0.073866293 -0.121176839 0.105757110 -0.153353661 0.036534142 0.981816411
1341846319.150093 0.004334240 0.064529404 -0.115860522 0.105662391 -0.153575301 0.040205006 0.981648445
1341846319.186069 -0.025472287 0.060423594 -0.116375983 0.105334915 -0.149789199 0.038490698 0.982337117
1341846319.218149 -0.057217136 0.069062412 -0.130788863 0.103138059 -0.141684502 0.037270572 0.983818591
1341846319.250034 -0.085902728 0.069296010 -0.138626635 0.097972713 -0.133346304 0.037829675 0.985489249
1341846319.286594 -0.125525594 0.067826681 -0.133525610 0.096678309 -0.125181362 0.043741498 0.986442924
1341846319.318034 -0.168751791 0.062259149 -0.131477296 0.097041264 -0.119131647 0.046093915 0.987049162
1341846319.350268 -0.206777871 0.056287829 -0.135425240 0.096846268 -0.114151143 0.054067507 0.987252295
1341846319.386163 -0.250510067 0.057016600 -0.137291342 0.099365994 -0.112459250 0.061414599 0.986766219
1341846319.418386 -0.291284978 0.059782311 -0.161887392 0.101201937 -0.110948443 0.060516480 0.986806154
1341846319.453961 -0.309810787 0.062360201 -0.172805414 0.102125935 -0.110319711 0.056956641 0.986993313
1341846319.486271 -0.326755494 0.059239004 -0.184686139 0.100326769 -0.109382629 0.058312990 0.987202883
1341846319.554083 -0.319568545 0.051010326 -0.173973888 0.093760379 -0.119233094 0.060821891 0.986556232
1341846319.586296 -0.345146358 0.043227047 -0.184922248 0.092924036 -0.115746945 0.058458261 0.987193227
1341846319.622031 -0.363501430 0.039177448 -0.197930589 0.090471372 -0.116968066 0.058098234 0.987298310
1341846319.653962 -0.368662417 0.033891402 -0.182678863 0.089677162 -0.122348890 0.056423623 0.986815691
1341846319.686352 -0.368426234 0.030100811 -0.178851798 0.091165699 -0.127587453 0.058958456 0.985867202
1341846319.721992 -0.395703852 0.036842868 -0.190588623 0.092789046 -0.127552941 0.059769135 0.985671401
1341846319.754063 -0.399014443 0.042196281 -0.216376781 0.089376748 -0.129915819 0.061175555 0.985591829
1341846319.786397 -0.407891691 0.043852497 -0.207632691 0.085449576 -0.129360870 0.063744217 0.985850334
1341846319.822008 -0.425587296 0.050422523 -0.204170480 0.083306894 -0.128223956 0.068656459 0.985852361
1341846319.853917 -0.425871283 0.055783175 -0.200216949 0.079214133 -0.129719317 0.071848519 0.985766590
1341846319.889942 -0.434078395 0.042051144 -0.187255383 0.074723028 -0.129412696 0.076777160 0.985786021
1341846319.922039 -0.451714724 0.031188361 -0.184584901 0.073326714 -0.131315187 0.079314284 0.985438406
1341846319.953946 -0.449539334 0.025628114 -0.175809324 0.073909715 -0.137571558 0.075115412 0.984870076
1341846319.990054 -0.439814746 0.024604140 -0.180188790 0.076442458 -0.142344385 0.068574883 0.984475553
1341846320.028122 -0.462956131 0.007924234 -0.200306579 0.075833775 -0.141887590 0.067392170 0.984670222
1341846320.090047 -0.411389261 0.039832242 -0.182957232 0.085291959 -0.156811714 0.066635177 0.981679738
1341846320.122011 -0.404447943 0.038532749 -0.191265270 0.085216217 -0.154839948 0.067259811 0.981956661
1341846320.157952 -0.383045018 0.034276627 -0.183242962 0.084747240 -0.154637307 0.066977158 0.982048512
1341846320.190003 -0.359978110 0.021399122 -0.181131572 0.085349962 -0.153587893 0.063727438 0.982377231
1341846320.221941 -0.357882977 0.038311511 -0.179296941 0.091701582 -0.150103927 0.064457186 0.982295752
1341846320.258015 -0.348109305 0.020070111 -0.181499824 0.093111329 -0.149710029 0.066231973 0.982105136
1341846320.289887 -0.282723963 0.002610425 -0.172160372 0.095321484 -0.159436747 0.069512673 0.980133533
1341846320.321954 -0.216779456 0.002795884 -0.175110906 0.102860697 -0.169280514 0.069266185 0.977735162
1341846320.357890 -0.187167525 0.029502600 -0.155473799 0.112288669 -0.171337292 0.064996548 0.976632118
1341846320.390064 -0.161719695 0.039435975 -0.153036952 0.114959687 -0.169688195 0.062914841 0.976745546
1341846320.426544 -0.075627103 0.036062073 -0.119506992 0.117291406 -0.174416929 0.058397602 0.975915551
1341846320.458122 -0.016042465 0.029884690 -0.130536959 0.116344325 -0.174101964 0.057291564 0.976150692
1341846320.490186 0.060909562 0.036476735 -0.091227956 0.120807692 -0.177479371 0.054695185 0.975148737
1341846320.525911 0.118506633 0.036007259 -0.104807042 0.122746281 -0.175436795 0.052687716 0.975386739
1341846320.558091 0.154296905 0.042430751 -0.113511764 0.124460779 -0.173472732 0.046506885 0.975834966
1341846320.594093 0.207423285 0.059638277 -0.072080553 0.128525063 -0.176767051 0.042542722 0.974897385
1341846320.631955 0.258457571 0.064438261 -0.056859292 0.131230056 -0.175670102 0.043233786 0.974704862
1341846320.664916 0.244677618 0.072973289 -0.055855069 0.133726656 -0.169651836 0.038892712 0.975614071
1341846320.699927 0.242377579 0.069277637 -0.038264148 0.134913087 -0.165996969 0.035796337 0.976197779
1341846320.731822 0.261726230 0.074601285 -0.035945505 0.137195900 -0.162141204 0.035124861 0.976552010
1341846320.763877 0.299105704 0.085015334 -0.038276754 0.134861976 -0.165234074 0.039247692 0.976201653
1341846320.799999 0.306188822 0.079103544 -0.030224267 0.129100367 -0.166065931 0.030606076 0.977148175
1341846320.831871 0.342006475 0.069626465 -0.039377932 0.129158348 -0.158288896 0.024496121 0.978602409
1341846320.863887 0.351970583 0.086216725 -0.015908742 0.130642816 -0.154067338 0.028490802 0.978970945
1341846320.900014 0.380664498 0.082128726 0.010709180 0.125058919 -0.162342727 0.029821839 0.978322923
1341846320.931889 0.382028729 0.074043088 0.021749910 0.125502437 -0.159862787 0.024003813 0.978834450
1341846320.967866 0.401321113 0.106740274 0.015308280 0.129045591 -0.156812102 0.022412609 0.978904963
1341846321.000017 0.434626430 0.099577926 0.034104265 0.122567706 -0.161582753 0.020677213 0.978999853
1341846321.031860 0.477016181 0.093587726 0.064370364 0.121134713 -0.166558594 0.016169164 0.978428960
1341846321.068047 0.521427095 0.100139014 0.076452114 0.122316569 -0.169716761 0.016172770 0.977738917
1341846321.099840 0.550574899 0.103989623 0.098393552 0.120432422 -0.172642216 0.016149420 0.977460980
1341846321.131821 0.593316555 0.097322479 0.112393610 0.120966963 -0.175606281 0.015282935 0.976880670
1341846321.167887 0.635933757 0.109188154 0.118586145 0.124816298 -0.177547038 0.015243997 0.976045907
1341846321.200042 0.643147707 0.121286541 0.128403395 0.127067029 -0.175648138 0.015014144 0.976102650
1341846321.231950 0.626638651 0.117997162 0.133751795 0.126661584 -0.171563089 0.012736931 0.976913869
1341846321.267939 0.682573915 0.119344279 0.139090985 0.127325445 -0.176372632 0.006721782 0.976030648
1341846321.299948 0.691099823 0.121883720 0.151415959 0.128033817 -0.172515720 0.000193346 0.976650238
1341846321.331858 0.735763013 0.132010967 0.179565817 0.131267533 -0.176714420 -0.002349363 0.975466728
1341846321.367913 0.766996145 0.124182403 0.202544957 0.133371696 -0.177809447 -0.007636162 0.974955142
1341846321.399897 0.775720239 0.129578888 0.194993854 0.136073202 -0.173176423 -0.009649326 0.975397825
1341846321.435994 0.790992975 0.137051672 0.219226167 0.139884233 -0.172572657 -0.009037490 0.974971473
1341846321.467946 0.794005990 0.138523862 0.222786948 0.142132699 -0.169381291 -0.009734800 0.975199223
1341846321.499882 0.824634314 0.144623011 0.237542242 0.145062134 -0.170516774 -0.009487405 0.974572241
1341846321.536109 0.882551193 0.135503799 0.232099727 0.143664569 -0.171310753 -0.014878359 0.974572659
1341846321.568960 0.860689402 0.162286371 0.250010014 0.145064861 -0.162200317 -0.016794434 0.975892007
1341846321.603938 0.878743172 0.151671663 0.259446770 0.141304880 -0.162508532 -0.017965961 0.976371408
1341846321.637163 0.870302379 0.139485896 0.255024999 0.137065306 -0.154120535 -0.020178124 0.978290737
1341846321.668306 0.811047435 0.181726605 0.279995978 0.140032068 -0.138049707 -0.016418297 0.980338573
1341846321.704411 0.810887933 0.174459755 0.282810628 0.134919211 -0.138504252 -0.008986599 0.981087506
1341846321.736861 0.817409515 0.179815233 0.293450356 0.133682296 -0.141208053 -0.002206618 0.980910003
1341846321.771881 0.832673788 0.191515371 0.296686083 0.130969837 -0.141968891 0.001825945 0.981166899
1341846321.804114 0.863144457 0.190585941 0.307319850 0.126885816 -0.144290164 0.003224691 0.981361270
1341846321.836152 0.865183175 0.211560681 0.314197332 0.127040535 -0.142223030 0.003258285 0.981642842
1341846321.871882 0.870530546 0.231055528 0.320373446 0.125490904 -0.141204804 -0.000437225 0.981994450
1341846321.904074 0.872371078 0.214026392 0.320336252 0.117385402 -0.139185101 -0.005733282 0.983267665
1341846321.939847 0.877749205 0.205461979 0.326452792 0.113008715 -0.136512473 -0.009338895 0.984127104
1341846322.004094 0.856766284 0.205619544 0.324784607 0.106923319 -0.135548666 -0.010841372 0.984924614
1341846322.066178 0.892599046 0.180202708 0.333209872 0.099653326 -0.134722427 -0.014961402 0.985746086
1341846322.107979 0.887519538 0.155943155 0.334239095 0.095339686 -0.132481843 -0.016324054 0.986454546
1341846322.166164 0.888570011 0.123724326 0.330162823 0.095759273 -0.133337811 -0.015101599 0.986317992
1341846322.202932 0.902466714 0.121204726 0.334793597 0.097221531 -0.137635425 -0.014584700 0.985592127
1341846322.234093 0.902487397 0.114006869 0.325503707 0.095024757 -0.138388991 -0.016216150 0.985675335
1341846322.265941 0.902562976 0.105279773 0.327634037 0.092094123 -0.141593397 -0.015440484 0.985510886
1341846322.301996 0.906624198 0.080044299 0.326914996 0.087802947 -0.143271089 -0.015296501 0.985662282
1341846322.333949 0.899287999 0.043895196 0.313067019 0.081935413 -0.144106686 -0.015691523 0.986039400
1341846322.369871 0.910786748 0.053765155 0.325575620 0.088251695 -0.151070356 -0.020179972 0.984368920
1341846322.402292 0.910942078 0.040867634 0.328746229 0.091397323 -0.148525983 -0.026232462 0.984326363
1341846322.433955 0.920445025 0.006090408 0.329372376 0.093481809 -0.150195107 -0.028137086 0.983824670
1341846322.470030 0.889104307 -0.005681787 0.316366345 0.099405661 -0.149326578 -0.023436997 0.983499289
1341846322.502433 0.911777914 -0.007728985 0.327505291 0.106918849 -0.156071246 -0.019316521 0.981752038
1341846322.534002 0.912012696 -0.025065012 0.328615069 0.113794655 -0.156575173 -0.017745346 0.980928183
1341846322.570196 0.897460997 -0.010850858 0.322297156 0.125960305 -0.154348537 -0.011283632 0.979889452
1341846322.601920 0.911271691 -0.080389716 0.325280964 0.119703084 -0.160973400 -0.007513026 0.979644001
1341846322.638119 0.915088952 -0.048896164 0.327806234 0.132709324 -0.163508534 -0.007792312 0.977544129
1341846322.669947 0.933625996 -0.112305388 0.323815703 0.126908809 -0.162822753 -0.008504503 0.978422523
1341846322.702026 0.926761985 -0.151754230 0.323938251 0.124509789 -0.161527023 -0.007620106 0.978952646
1341846322.738006 0.921374500 -0.123331562 0.325524181 0.130360678 -0.162874848 -0.005480537 0.977981508
1341846322.770087 0.922769189 -0.203510612 0.316805303 0.119605444 -0.161759466 -0.006826730 0.979531407
1341846322.806047 0.893787682 -0.187931031 0.314063758 0.127026364 -0.157938659 -0.003667885 0.979237616
1341846322.838063 0.878212512 -0.198364556 0.315957010 0.126812533 -0.160379648 -0.002235570 0.978872836
1341846322.870081 0.890693843 -0.262615204 0.308997691 0.119357027 -0.167103827 -0.003290136 0.978682518
1341846322.906018 0.906029463 -0.258989066 0.324102014 0.125732780 -0.171026438 -0.003529687 0.977204621
1341846322.938349 0.902083814 -0.220874667 0.320691228 0.131454706 -0.169381931 -0.001632108 0.976742923
1341846322.970069 0.903920293 -0.224318340 0.328114897 0.126681462 -0.170013934 -0.000413954 0.977265000
1341846323.011820 0.899182320 -0.259320945 0.331420660 0.120552100 -0.168886378 -0.001250049 0.978234649
1341846323.073951 0.903983891 -0.264781117 0.336658478 0.115980901 -0.170074195 0.003480888 0.978576064
1341846323.105962 0.881460726 -0.281415462 0.329696327 0.113437921 -0.166380331 0.001416962 0.979513884
1341846323.138158 0.885392189 -0.280044913 0.329062581 0.115268767 -0.167041525 -0.002740993 0.979184747
1341846323.174092 0.900029719 -0.289654642 0.333396763 0.112015262 -0.170143172 -0.003743852 0.979024947
1341846323.206059 0.902364731 -0.296022862 0.336126745 0.109719478 -0.170309201 -0.005878007 0.979245543
1341846323.238053 0.906816542 -0.287330210 0.342156321 0.109309934 -0.167598858 -0.006994052 0.979751527
1341846323.273997 0.897370338 -0.283444881 0.334691375 0.106024392 -0.167394772 -0.007165581 0.980146170
1341846323.305946 0.903783023 -0.298014969 0.341228485 0.099617988 -0.171709687 -0.007227988 0.980071366
1341846323.342027 0.920697451 -0.307713032 0.340936661 0.099383488 -0.169929162 -0.008234441 0.980397522
1341846323.374048 0.878771007 -0.283900678 0.331198096 0.104443692 -0.161958650 -0.006021043 0.981236339
1341846323.405987 0.887927711 -0.294439644 0.322066635 0.103098117 -0.168700054 -0.000672624 0.980260491
1341846323.441956 0.889414251 -0.279862761 0.327345163 0.108337216 -0.171596691 -0.000163157 0.979192317
1341846323.473878 0.896289706 -0.291285634 0.330895096 0.112574995 -0.171145678 -0.001270309 0.978792310
1341846323.506129 0.895849884 -0.274273425 0.326038063 0.117779203 -0.171771541 -0.003199471 0.978065610
1341846323.541972 0.906814456 -0.268254280 0.331628561 0.117759474 -0.172467038 -0.004748520 0.977939308
1341846323.573913 0.923930526 -0.288573444 0.327236772 0.117583677 -0.168198749 -0.009867394 0.978665411
1341846323.609927 0.907545924 -0.292569250 0.326999694 0.117983907 -0.161102921 -0.011886170 0.979787946
1341846323.642014 0.909376442 -0.292988151 0.329971015 0.118170515 -0.161609054 -0.011436324 0.979687452
1341846323.674081 0.914203405 -0.294555843 0.333233863 0.118970037 -0.164220497 -0.007682102 0.979192913
1341846323.710069 0.903652310 -0.264808953 0.316568524 0.127866238 -0.163007006 -0.004305587 0.978294730
1341846323.742111 0.895697176 -0.255856872 0.319719017 0.135935217 -0.164214522 -0.004836814 0.977001488
1341846323.774928 0.893143296 -0.252193958 0.315605670 0.139729276 -0.165534049 -0.006514679 0.976233482
1341846323.810012 0.896395028 -0.245697200 0.321467668 0.143789262 -0.167374596 -0.010730836 0.975292385
1341846323.842207 0.904034555 -0.300935924 0.319451243 0.136992678 -0.168192714 -0.014087914 0.976086974
1341846323.878019 0.900148749 -0.297193050 0.315143138 0.140855104 -0.169070244 -0.019638401 0.975289464
1341846323.909826 0.909133434 -0.290353209 0.317270696 0.146953121 -0.171243995 -0.019619383 0.974009991
1341846323.942459 0.915402591 -0.278353125 0.307705492 0.151849240 -0.171738476 -0.016266257 0.973233342
1341846323.978055 0.876608312 -0.285246581 0.307362378 0.153401285 -0.169725597 -0.015392126 0.973357320
1341846324.015934 0.901396990 -0.272098720 0.307176799 0.160005882 -0.174240053 -0.013965564 0.971516073
1341846324.047722 0.903047204 -0.264060438 0.302031487 0.163705766 -0.172543988 -0.015214500 0.971183538
1341846324.083904 0.890621543 -0.248652339 0.312037855 0.164701462 -0.169816568 -0.016509041 0.971474767
1341846324.115968 0.888760567 -0.240631357 0.315580517 0.164121628 -0.167976975 -0.018024256 0.971865714
1341846324.151967 0.888824165 -0.259427726 0.307767332 0.160976633 -0.164161503 -0.024516076 0.972901106
1341846324.183941 0.883008301 -0.239549026 0.314251304 0.160227925 -0.159918368 -0.029099308 0.973604798
1341846324.219984 0.882674873 -0.240067214 0.313116014 0.155410707 -0.158214495 -0.028415928 0.974683642
1341846324.251968 0.880238175 -0.234028906 0.308087528 0.155820951 -0.157649055 -0.029725563 0.974670768
1341846324.284052 0.876463413 -0.218688414 0.309980601 0.157207683 -0.158144653 -0.029009368 0.974389315
1341846324.319880 0.858141422 -0.210716546 0.306957364 0.155385777 -0.159326598 -0.032022167 0.974394619
1341846324.351917 0.850324094 -0.191309378 0.313892484 0.152762696 -0.161042899 -0.032884773 0.974498510
1341846324.388001 0.880668819 -0.178671390 0.314433783 0.150224492 -0.163761362 -0.036099676 0.974326253
1341846324.419908 0.889702797 -0.154508144 0.324148953 0.148103625 -0.163578123 -0.038185060 0.974602222
1341846324.452027 0.872482121 -0.166319236 0.321813077 0.140964285 -0.161148056 -0.040295865 0.975979865
1341846324.487928 0.865702033 -0.154036328 0.325065523 0.139832959 -0.160916254 -0.036899757 0.976315081
1341846324.519985 0.859186888 -0.156633347 0.312783897 0.134844601 -0.162210554 -0.032491468 0.976959050
1341846324.556001 0.883770823 -0.143685043 0.328474164 0.132631570 -0.172046185 -0.028991489 0.975688696
1341846324.587888 0.902555466 -0.149885118 0.339791685 0.126213491 -0.178424120 -0.029586870 0.975376666
1341846324.620086 0.908647418 -0.151049450 0.341468692 0.123666793 -0.181763023 -0.034048591 0.974940717
1341846324.655955 0.914600909 -0.158662260 0.342090160 0.118976153 -0.183147520 -0.034212042 0.975259602
1341846324.688082 0.909113050 -0.169192284 0.346186459 0.115468428 -0.182761177 -0.032371908 0.975816309
1341846324.755922 0.895810246 -0.155871138 0.346212268 0.112664394 -0.185730442 -0.029373229 0.975678325
1341846324.814016 0.884172320 -0.146819338 0.339750737 0.105094813 -0.186805025 -0.038613457 0.975995898
1341846324.849979 0.906572521 -0.154083535 0.355587035 0.096606858 -0.188881248 -0.037891775 0.976501524
1341846324.881924 0.897551596 -0.126282796 0.355395555 0.097729258 -0.189275369 -0.037697542 0.976321042
1341846324.913902 0.917615831 -0.110749319 0.365390241 0.097231604 -0.193508893 -0.033439968 0.975695729
1341846324.949999 0.914734185 -0.128901273 0.366110384 0.093948297 -0.193628520 -0.031337053 0.976063371
1341846324.981922 0.888159394 -0.141064584 0.352076888 0.094154872 -0.192611933 -0.028129691 0.976342261
1341846325.018013 0.891878664 -0.132602021 0.354999840 0.096965574 -0.198645711 -0.024652099 0.974951267
1341846325.050079 0.898064435 -0.116191074 0.352122724 0.099384077 -0.204433963 -0.025271900 0.973494172
1341846325.081901 0.881837845 -0.075865068 0.349590927 0.103648700 -0.206384197 -0.029085977 0.972531021
1341846325.118531 0.894451261 -0.043845307 0.345592350 0.103428200 -0.208114415 -0.031518489 0.972109914
1341846325.149933 0.880779386 -0.064412668 0.340992510 0.094181061 -0.203488097 -0.034825873 0.973914623
1341846325.181925 0.867256939 -0.050478093 0.337140262 0.091793887 -0.200134933 -0.030702585 0.974975526
1341846325.218055 0.864239037 -0.034917664 0.344702989 0.089898482 -0.200110301 -0.027399858 0.975255549
1341846325.249811 0.862078905 0.000672150 0.346001387 0.091982178 -0.199879110 -0.022851773 0.975225866
1341846325.285925 0.867123187 -0.003221883 0.346608549 0.086853758 -0.200988799 -0.021462111 0.975499570
1341846325.317988 0.906506360 0.000793163 0.360453308 0.085637406 -0.204231128 -0.019164236 0.974981368
1341846325.349844 0.907920361 -0.022231914 0.378874898 0.084592633 -0.201415479 -0.017249063 0.975693822
1341846325.387302 0.910244465 -0.013971742 0.375741363 0.088289648 -0.198808029 -0.013245359 0.975963593
1341846325.417931 0.916383743 0.024698388 0.371372908 0.097503878 -0.193563804 -0.011216878 0.976166129
1341846325.450747 0.914360404 0.018332768 0.379242212 0.101622991 -0.185292765 -0.008320553 0.977379203
1341846325.485954 0.882661998 0.043190073 0.371262759 0.111228749 -0.174889058 -0.004604978 0.978274465
1341846325.517875 0.889034867 0.107482821 0.378827900 0.125009820 -0.173967391 -0.002465732 0.976781368
1341846325.553859 0.888908684 0.120890699 0.378711462 0.128993586 -0.170400098 -0.001138443 0.976894677
1341846325.585855 0.892402709 0.150231913 0.382025480 0.134411037 -0.168402180 -0.001586792 0.976510048
1341846325.617990 0.886124849 0.190258503 0.376818329 0.136392146 -0.165224165 -0.002951784 0.976775050
1341846325.653982 0.877304614 0.161975831 0.379687309 0.130973101 -0.162177205 -0.006231676 0.978011191
1341846325.685819 0.874061644 0.150670022 0.386396825 0.133581370 -0.161256954 -0.004734560 0.977818966
1341846325.717857 0.859201550 0.189498723 0.388677806 0.141967908 -0.158698648 0.003698085 0.977059960
1341846325.754083 0.864060819 0.194923848 0.383909523 0.144705683 -0.159506053 0.007820888 0.976502478
1341846325.786087 0.848068714 0.200190976 0.388998687 0.151070401 -0.156470567 0.010252534 0.976006985
1341846325.821856 0.861177146 0.261583835 0.399149179 0.163173631 -0.157052562 0.011327880 0.973950982
1341846325.853827 0.839176774 0.286282718 0.401642203 0.166706964 -0.153889239 0.015921295 0.973793328
1341846325.885958 0.839026392 0.329721510 0.402409434 0.171191350 -0.157449424 0.021900939 0.972328961
1341846325.921984 0.833660722 0.314641476 0.402107954 0.166353106 -0.160713226 0.026926713 0.972508550
1341846325.953899 0.869688749 0.322268665 0.408555359 0.169653758 -0.164876997 0.028605115 0.971192539
1341846325.985823 0.840598643 0.360029697 0.410343200 0.176691383 -0.158052847 0.032008838 0.970965981
1341846326.021991 0.828912616 0.340601891 0.409666389 0.174772918 -0.156593785 0.038057871 0.971331298
1341846326.054055 0.846669257 0.352663785 0.410472751 0.179946184 -0.160301805 0.040959559 0.969662368
1341846326.089984 0.869139552 0.404800683 0.422860086 0.188724756 -0.161905199 0.043885175 0.967596948
1341846326.121822 0.857621431 0.424694121 0.431108057 0.191464230 -0.156496763 0.043411080 0.967969894
1341846326.154079 0.853254914 0.420279622 0.439134836 0.191648334 -0.154203370 0.042628799 0.968336284
1341846326.190178 0.838199377 0.456332445 0.450150907 0.198620990 -0.152917698 0.045884158 0.966985285
1341846326.222162 0.829457939 0.487334877 0.446959466 0.199221551 -0.153571442 0.053839084 0.966347754
1341846326.259181 0.817319393 0.516360402 0.462567925 0.199659348 -0.155361071 0.056960821 0.965792179
1341846326.322766 0.829522431 0.537359834 0.475750923 0.193523973 -0.157106563 0.052333895 0.967019737
1341846326.359773 0.832559407 0.527814507 0.476938128 0.187117159 -0.155905843 0.050366629 0.968578219
1341846326.392109 0.828252077 0.514110863 0.473388791 0.184026077 -0.152902335 0.051186934 0.969605684
1341846326.423985 0.819163203 0.529295862 0.482325315 0.188916221 -0.152181238 0.056649547 0.968474329
1341846326.459869 0.808919847 0.560981512 0.488251448 0.193927869 -0.154006436 0.060712028 0.966947794
1341846326.526163 0.817116320 0.609644711 0.478699654 0.196419895 -0.151746243 0.065798886 0.966469288
1341846326.560211 0.789948821 0.666296065 0.509280384 0.200561717 -0.145039037 0.064867377 0.966711402
1341846326.591828 0.790129542 0.669974983 0.515722871 0.197933495 -0.143905729 0.064355195 0.967456460
1341846326.627027 0.795384467 0.667238474 0.513995111 0.195076346 -0.142561823 0.063722633 0.968277216
1341846326.658442 0.797834218 0.693380356 0.519873738 0.195282906 -0.138800904 0.062976740 0.968830645
1341846326.694856 0.795328140 0.733097434 0.537672639 0.197180480 -0.136304200 0.062538587 0.968829215
1341846326.726206 0.782645285 0.727508307 0.532470226 0.188466236 -0.132371396 0.058603525 0.971351683
1341846326.762753 0.807227254 0.718355060 0.537709296 0.178365678 -0.132991940 0.054506421 0.973410547
1341846326.826821 0.790000856 0.731872439 0.543838918 0.162114710 -0.124533460 0.049690574 0.977620125
1341846326.858887 0.775053322 0.719782889 0.539096415 0.152319998 -0.120626956 0.048455436 0.979744792
1341846326.895360 0.778383374 0.715506554 0.548878312 0.149514511 -0.123340502 0.051008224 0.979709506
1341846326.926897 0.768868446 0.747315049 0.561381280 0.156339630 -0.125852093 0.050650112 0.978342354
1341846326.958888 0.772391856 0.743246138 0.556442022 0.154784709 -0.127521366 0.054852016 0.978146851
1341846326.994594 0.779610276 0.743593335 0.551314712 0.152882144 -0.127907842 0.055663269 0.978349745
1341846327.026301 0.789239943 0.738915205 0.557727158 0.147604600 -0.127906471 0.053496502 0.979280829
1341846327.063945 0.789197028 0.741863489 0.560553014 0.144798249 -0.125347257 0.050645944 0.980181873
1341846327.094662 0.780506730 0.761566997 0.557452321 0.146877915 -0.121486567 0.049771968 0.980403304
1341846327.128901 0.778508365 0.768689692 0.571477652 0.146191344 -0.121854216 0.048635315 0.980517387
1341846327.161940 0.776261330 0.779497266 0.570807457 0.145074517 -0.122202247 0.048170555 0.980662882
1341846327.193867 0.789035976 0.767962813 0.577937424 0.141447917 -0.122126855 0.045914136 0.981310129
1341846327.229885 0.773555756 0.759446025 0.573689580 0.137946829 -0.115528777 0.043411251 0.982720375
1341846327.262014 0.722373307 0.744078696 0.552076519 0.133846864 -0.098419145 0.032907192 0.985553563
1341846327.294023 0.645495713 0.754990160 0.538046956 0.138725922 -0.071277261 0.030278580 0.987298250
1341846327.330015 0.621884823 0.768937886 0.514977098 0.139262512 -0.057466127 0.029699454 0.988140464
1341846327.361939 0.608922601 0.767584920 0.499116778 0.134285614 -0.050066020 0.018933430 0.989495993
1341846327.393887 0.572466195 0.779061139 0.490344375 0.134150401 -0.041226380 0.013625213 0.990009308
1341846327.429966 0.512852669 0.769416332 0.473646641 0.127300933 -0.030526221 0.010822495 0.991335213
1341846327.461965 0.488695621 0.766999722 0.458451688 0.117314771 -0.030314516 0.007051185 0.992606938
1341846327.497931 0.459485799 0.755246401 0.458329022 0.110169001 -0.025572173 0.003426801 0.993577957
1341846327.530068 0.419415861 0.760730028 0.446115673 0.107205831 -0.017942160 0.004683662 0.994063973
1341846327.561895 0.393867821 0.772892475 0.454058051 0.106421009 -0.016495908 0.009940278 0.994134665
1341846327.598010 0.340886950 0.773208857 0.455679893 0.106757879 -0.010189950 0.012803814 0.994150400
1341846327.629945 0.329103023 0.790821731 0.452617437 0.107383117 -0.013139370 0.010821877 0.994072020
1341846327.662003 0.305602759 0.776450217 0.446902603 0.104335211 -0.011830864 0.007815681 0.994441152
1341846327.697919 0.269571841 0.783822298 0.432209820 0.105086282 -0.006383688 0.009054154 0.994401395
1341846327.730075 0.249007687 0.793304503 0.404285491 0.098508857 -0.005789410 0.008598401 0.995082200
1341846327.766017 0.225455895 0.805904865 0.407274604 0.095842361 -0.001822969 0.008707266 0.995356798
1341846327.797917 0.244873211 0.822613835 0.409474045 0.090217747 -0.005880022 0.011965232 0.995832860
1341846327.830054 0.238744780 0.825608611 0.411723226 0.083388411 -0.004701907 0.010032641 0.996455550
1341846327.865944 0.233299255 0.807010770 0.410802156 0.073890544 -0.001797285 0.011409413 0.997199476
1341846327.898010 0.224665940 0.819542110 0.416088313 0.071462303 0.000343528 0.012382264 0.997366428
1341846327.929991 0.233474538 0.828106582 0.414452910 0.066566736 -0.002496280 0.010145680 0.997727334
1341846327.966065 0.238814831 0.846359551 0.418411016 0.063749641 -0.002784747 0.007382332 0.997934759
1341846327.998073 0.213061631 0.850877583 0.415960521 0.056784634 0.003402456 0.003539592 0.998374403
1341846328.034045 0.185662493 0.848832667 0.410888314 0.049503673 0.009182137 0.002760440 0.998727977
1341846328.065993 0.157681286 0.852997720 0.422181219 0.045466609 0.014749082 0.002136969 0.998854697
1341846328.098045 0.149146691 0.843134284 0.425908685 0.044131432 0.016526267 0.003408188 0.998883247
1341846328.133967 0.152617738 0.835936368 0.418066263 0.045086484 0.014146786 0.007240895 0.998856664
1341846328.166023 0.153504610 0.822269917 0.411504000 0.042033553 0.010504981 0.007628004 0.999031842
1341846328.198018 0.156037837 0.813030362 0.413350314 0.042728808 0.007397331 0.004717973 0.999048233
1341846328.234044 0.149529770 0.801387489 0.406048119 0.045384616 0.007021095 0.003843541 0.998937547
1341846328.265899 0.148896575 0.790595949 0.404608428 0.047175881 0.005125310 0.003722249 0.998866498
1341846328.302051 0.129650071 0.789222479 0.410720050 0.053004559 0.008207601 0.003196944 0.998555481
1341846328.333917 0.140603796 0.768902421 0.401426971 0.054451734 0.005692144 0.007708415 0.998470426
1341846328.366008 0.133661389 0.774262786 0.414856166 0.064344622 0.005913127 0.009075256 0.997868955
1341846328.402010 0.090399325 0.747329473 0.421090245 0.074370697 0.014469870 0.011154169 0.997063279
1341846328.433920 0.145561397 0.731966019 0.402124584 0.076896958 0.002070118 0.012367283 0.996960223
1341846328.470003 0.148447469 0.727660716 0.415313721 0.079961263 0.000364428 0.006099473 0.996779323
1341846328.502194 0.148839235 0.727966547 0.411898464 0.086746223 0.003409462 -0.001144417 0.996224046
1341846328.534033 0.142972589 0.707692444 0.414902478 0.087912910 0.006862020 -0.004282014 0.996095359
1341846328.570125 0.163516670 0.688931108 0.418617189 0.090534948 0.003072599 -0.000586436 0.995888352
1341846328.602804 0.162959084 0.673729300 0.422505796 0.097250566 -0.003711187 0.004571401 0.995242536
1341846328.672663 0.154428750 0.629782259 0.405700058 0.105356947 -0.014345153 -0.000119911 0.994331002
1341846328.702975 0.153706044 0.597546756 0.397466451 0.103349715 -0.017310673 0.000607325 0.994494259
1341846328.770129 0.140861630 0.577593386 0.386757493 0.113779351 -0.017377060 -0.002950889 0.993349731
1341846328.802331 0.150961012 0.567196429 0.391056716 0.116224766 -0.022512283 -0.003121010 0.992962897
1341846328.838051 0.148491636 0.562349141 0.386622727 0.121671326 -0.023443248 -0.006788439 0.992270350
1341846328.869939 0.143933296 0.584607303 0.394868791 0.126976505 -0.023836017 -0.007174225 0.991593361
1341846328.904486 0.154695302 0.550126731 0.382522702 0.118217424 -0.029101651 -0.006588880 0.992539346
1341846328.939814 0.160244823 0.549239457 0.387901962 0.125300959 -0.032098118 -0.007227111 0.991573095
1341846328.970217 0.153351635 0.538245738 0.377315313 0.127590418 -0.033088621 -0.002098788 0.991272628
1341846329.006232 0.154002607 0.538385093 0.380067855 0.130219653 -0.035382390 0.001478949 0.990852535
1341846329.038243 0.155300558 0.515500486 0.375048131 0.133176327 -0.035863575 0.001851767 0.990441561
1341846329.106125 0.148608416 0.521003962 0.363505781 0.138176233 -0.034543071 0.001825691 0.989803433
1341846329.138340 0.155702025 0.519625008 0.367503405 0.141923308 -0.036470119 0.000028388 0.989205658
1341846329.169991 0.162228033 0.510165930 0.361926258 0.142523497 -0.038698245 -0.000622857 0.989034474
1341846329.208656 0.162329301 0.499829561 0.357712209 0.142464876 -0.039554395 -0.001607765 0.989007890
1341846329.238169 0.156159505 0.503848374 0.355116069 0.143023014 -0.038968664 -0.002315468 0.988949180
1341846329.273827 0.158695683 0.486187667 0.346948117 0.140321255 -0.040487520 -0.001267765 0.989277065
1341846329.306052 0.154722661 0.507699549 0.351760238 0.145340815 -0.041960962 -0.003506371 0.988485277
1341846329.338104 0.159873828 0.497923374 0.344788611 0.140251890 -0.043767665 -0.005937128 0.989130199
1341846329.373907 0.158904895 0.476599813 0.343582928 0.136604905 -0.044430356 -0.007387095 0.989601195
1341846329.405985 0.156620711 0.464913815 0.338710487 0.137296766 -0.045208655 -0.010760776 0.989439309
1341846329.442057 0.167919338 0.464627981 0.338038325 0.137470767 -0.047331527 -0.014138613 0.989273310
1341846329.473950 0.166670904 0.451114237 0.337956965 0.136452302 -0.048160493 -0.020884255 0.989254892
1341846329.506147 0.162917942 0.457557887 0.336173564 0.139005333 -0.049404763 -0.022772972 0.988796294
1341846329.542121 0.169378281 0.437134594 0.326114655 0.134858713 -0.053648762 -0.023183797 0.989139736
1341846329.574086 0.200065583 0.416107476 0.327327192 0.136313260 -0.060530379 -0.024446607 0.988512635
1341846329.606387 0.181619734 0.429832220 0.320976347 0.141423419 -0.057640210 -0.025979146 0.987928212
1341846329.641955 0.167932764 0.419001400 0.318440914 0.139959231 -0.057015125 -0.024853809 0.988201916
1341846329.681570 0.173191249 0.412368238 0.319988102 0.139695898 -0.060961187 -0.025302596 0.987992167
1341846329.748113 0.182665616 0.402147740 0.314359546 0.141188473 -0.061924752 -0.027714409 0.987655342
1341846329.810175 0.161713794 0.366879374 0.309226781 0.136399835 -0.055746168 -0.023866782 0.988796234
1341846329.842255 0.161212549 0.349775940 0.301992506 0.135979325 -0.056070898 -0.020727895 0.988906503
1341846329.874044 0.159075826 0.337591976 0.301874310 0.136397913 -0.056171808 -0.017303035 0.988908947
1341846329.910073 0.161098212 0.363748342 0.300762147 0.140962511 -0.057189260 -0.014424122 0.988256514
1341846329.942009 0.143899813 0.351080626 0.297729641 0.134295925 -0.055109523 -0.009097255 0.989365876
1341846329.978087 0.146643236 0.324555516 0.294111520 0.131381378 -0.056100190 -0.009364746 0.989698946
1341846330.016305 0.152020663 0.350786060 0.293754339 0.137209147 -0.055299316 -0.011020348 0.988935947
1341846330.048192 0.162382603 0.354163140 0.290324271 0.133273989 -0.056362461 -0.007948944 0.989443362
1341846330.080418 0.160275683 0.326806128 0.290855736 0.126886547 -0.056294773 -0.006371877 0.990298033
1341846330.115886 0.147769853 0.321423590 0.284153044 0.130914792 -0.052641328 -0.005674373 0.989978790
1341846330.147839 0.157757923 0.340121090 0.281312615 0.134433895 -0.054735262 -0.002571915 0.989406347
1341846330.181257 0.154022932 0.333465338 0.279989511 0.127159745 -0.054753244 -0.000734492 0.990369618
1341846330.215852 0.151467010 0.328175187 0.283341557 0.122007646 -0.053216990 -0.002374392 0.991098702
1341846330.247833 0.143296450 0.316138089 0.278820008 0.118952326 -0.051689744 -0.003369411 0.991547883
1341846330.283913 0.146443158 0.339786500 0.278069168 0.118422151 -0.052807830 -0.002461882 0.991555095
1341846330.316011 0.133162349 0.311063468 0.276021391 0.108369030 -0.051524550 -0.004862961 0.992762685
1341846330.347868 0.139304757 0.320575982 0.277525097 0.109126605 -0.054536227 -0.004902242 0.992518604
1341846330.383835 0.148350656 0.319186389 0.278171599 0.107376866 -0.056080993 -0.003940838 0.992627680
1341846330.415934 0.152716875 0.297267139 0.279873401 0.105070718 -0.056145847 -0.006719333 0.992855847
1341846330.452561 0.141948804 0.299906850 0.273450971 0.108758718 -0.055154871 -0.006937111 0.992512643
1341846330.483903 0.139581323 0.305424243 0.268852741 0.108743444 -0.057078145 -0.004227880 0.992420852
1341846330.515970 0.130396202 0.307918996 0.269720048 0.108917363 -0.058143564 -0.001160780 0.992348254
1341846330.552099 0.130270496 0.311764181 0.269257456 0.111348659 -0.059399117 0.000847249 0.992004275
1341846330.583876 0.150618345 0.304841101 0.269816339 0.108185440 -0.063532844 0.000721305 0.992098272
1341846330.619992 0.135571063 0.306829035 0.263073981 0.102903277 -0.062504061 0.000276792 0.992725611
1341846330.652136 0.148040935 0.304085344 0.262243062 0.097190470 -0.065734006 -0.001593589 0.993091404
1341846330.683796 0.155314326 0.310904235 0.260967880 0.093924567 -0.066845678 -0.003046734 0.993328035
1341846330.719991 0.145623922 0.284478009 0.251944810 0.088430539 -0.068242386 -0.002345873 0.993739188
1341846330.752103 0.146739870 0.284392774 0.247850299 0.090165757 -0.073144615 0.002134759 0.993234932
1341846330.787952 0.138710469 0.271679312 0.238787085 0.087306976 -0.077353291 0.004662081 0.993162811
1341846330.819823 0.141878456 0.289656997 0.239978477 0.090310097 -0.081826389 0.005056480 0.992533624
1341846330.852208 0.144586459 0.290726572 0.237077266 0.088892385 -0.083850980 0.007379140 0.992478073
1341846330.914111 0.139914006 0.311747283 0.228962302 0.082145311 -0.086504750 0.004739667 0.992847741
1341846330.949903 0.138977617 0.298336446 0.234312966 0.078111529 -0.088300198 0.005428443 0.993011713
1341846330.981986 0.138003528 0.315338910 0.226309508 0.081549667 -0.093182817 0.005068822 0.992290795
1341846331.014111 0.124419689 0.299941868 0.222508132 0.077321179 -0.094568044 0.004715370 0.992499888
1341846331.082139 0.122689597 0.308987767 0.223151445 0.081211582 -0.097174250 0.001868723 0.991946757
1341846331.114334 0.127704665 0.322938859 0.218950704 0.083086602 -0.100367546 0.001165812 0.991474509
1341846331.149989 0.122855313 0.313256592 0.221085921 0.082822844 -0.100110903 0.000190458 0.991523147
1341846331.181954 0.116091765 0.287212014 0.210066497 0.080798328 -0.099542342 -0.000882277 0.991747022
1341846331.218151 0.108734459 0.305103689 0.202032596 0.081470132 -0.102002837 0.000112616 0.991442382
1341846331.249914 0.101779178 0.300901353 0.193668857 0.080545031 -0.101238064 -0.003431638 0.991590500
1341846331.318141 0.142386779 0.305141807 0.201276124 0.091640845 -0.097701907 -0.004822799 0.990975797
1341846331.349926 0.117263779 0.294709057 0.191206962 0.088681452 -0.090196960 -0.006535664 0.991946340
1341846331.382003 0.109430671 0.253768027 0.176139235 0.084973946 -0.081018575 -0.011944850 0.993011951
1341846331.418008 0.088472217 0.259687155 0.172728494 0.092862219 -0.068026535 -0.010193994 0.993300140
1341846331.450327 0.074994445 0.267552793 0.171981752 0.095424905 -0.061573487 -0.006682913 0.993508041
1341846331.486219 0.072124183 0.276161283 0.173792884 0.096519679 -0.060412202 -0.005305248 0.993481815
1341846331.518344 0.059307616 0.276330948 0.162741229 0.095511295 -0.055382546 -0.008124130 0.993853271
1341846331.550202 0.028818687 0.272566587 0.166812778 0.098403357 -0.045179095 -0.009530917 0.994074881
1341846331.586139 0.029251883 0.282128990 0.174800217 0.100648910 -0.045029383 -0.007716409 0.993872523
1341846331.617931 0.013009300 0.281072527 0.189960048 0.099738784 -0.041919578 -0.005877041 0.994112909
1341846331.654027 0.044242077 0.274531633 0.207905158 0.100021251 -0.044174034 -0.006067421 0.993985713
1341846331.686123 0.024306558 0.285283774 0.214298114 0.103339918 -0.038814057 -0.003178899 0.993883491
1341846331.717954 0.040909998 0.283534259 0.212319717 0.098282449 -0.043055035 -0.005791016 0.994209886
1341846331.754076 0.009108912 0.274478734 0.223353192 0.096680969 -0.035697334 -0.007153802 0.994649351
1341846331.785920 0.009329607 0.284943551 0.240756437 0.102028325 -0.033023607 -0.007055723 0.994208217
1341846331.818053 -0.002629819 0.287566632 0.243652090 0.101633988 -0.029617703 -0.006545358 0.994359374
1341846331.853849 -0.017258756 0.281770200 0.251356333 0.100232787 -0.026653938 -0.009040222 0.994565904
1341846331.885987 -0.030190019 0.279966027 0.249228656 0.103107288 -0.020605130 -0.011087695 0.994395018
1341846331.922014 -0.012828859 0.272711456 0.276920319 0.103490740 -0.020949647 -0.010473477 0.994354665
1341846331.954037 -0.026834358 0.277970523 0.281130373 0.104537874 -0.015446931 -0.010312730 0.994347453
1341846331.986135 -0.048365939 0.304384559 0.282280743 0.113180988 -0.005579798 -0.007901130 0.993527353
1341846332.022364 -0.064797133 0.305429757 0.296794862 0.120855883 0.000638713 -0.007782785 0.992639363
1341846332.054175 -0.058874350 0.298466444 0.315000415 0.125528440 -0.001051462 -0.006475640 0.992068410
1341846332.086502 -0.055340596 0.296708673 0.326051414 0.127872288 -0.001498688 -0.005447115 0.991774619
1341846332.122051 -0.039911166 0.283530593 0.339927644 0.126954272 -0.003181167 -0.006595421 0.991881549
1341846332.153983 -0.060527775 0.284199238 0.344723672 0.124052219 -0.000544397 -0.006912297 0.992251515
1341846332.190165 -0.072249398 0.307196289 0.364618510 0.122152165 0.000369710 -0.010203645 0.992458880
1341846332.254145 -0.104473494 0.295000732 0.384835750 0.123352468 0.006612298 -0.013452335 0.992249727
1341846332.289948 -0.071278013 0.293766528 0.411452562 0.124666378 -0.000661513 -0.009442342 0.992153585
1341846332.322172 -0.060737941 0.286002755 0.428804278 0.124425143 -0.003194485 -0.007193727 0.992197812
1341846332.354003 -0.037302993 0.276645035 0.430409044 0.126128376 -0.004633063 -0.010929808 0.991942942
1341846332.390180 -0.021425709 0.283254772 0.436777622 0.127162248 -0.002894168 -0.012572946 0.991798043
1341846332.422055 -0.025029855 0.271751821 0.447770864 0.123217322 -0.000138749 -0.016632529 0.992240369
1341846332.458114 -0.012302879 0.260580927 0.455490887 0.121162236 0.000479043 -0.019711522 0.992436886
1341846332.489993 0.038528655 0.232586175 0.474466473 0.116161861 -0.007590033 -0.015252019 0.993084252
1341846332.522130 0.027438482 0.226435244 0.488138914 0.113936611 -0.010812542 -0.010633497 0.993372321
1341846332.558114 0.011095219 0.228556290 0.486367166 0.114404611 -0.012685728 -0.005357770 0.993338823
1341846332.589874 0.010266796 0.244484887 0.492795318 0.115914136 -0.014676860 0.000008621 0.993150830
1341846332.621889 0.002625131 0.250018865 0.492721647 0.112116061 -0.013164298 0.000802956 0.993607581
1341846332.658202 -0.018004516 0.248601064 0.507627308 0.109168828 -0.007919162 -0.002050130 0.993989587
1341846332.690001 -0.029016934 0.253044993 0.518590808 0.107858114 -0.004857693 -0.000151034 0.994154513
1341846332.726000 -0.038623266 0.253524601 0.527694702 0.107161142 -0.004697181 0.003419755 0.994224668
1341846332.758386 -0.031216631 0.251833856 0.524011850 0.107501730 -0.008184715 0.002133379 0.994168937
1341846332.789937 -0.023953166 0.248813570 0.517946959 0.104955547 -0.007543216 0.000448538 0.994448185
1341846332.825925 -0.044552125 0.248688981 0.524416685 0.103692211 -0.000528142 -0.001272932 0.994608462
1341846332.857898 -0.068499289 0.247885361 0.537488937 0.104504749 0.005470554 -0.002027208 0.994507313
1341846332.894069 -0.079666130 0.244322121 0.529068232 0.101379916 0.007390314 -0.004153428 0.994811654
1341846332.926029 -0.097627759 0.243489176 0.533585608 0.097158894 0.012432055 -0.006682879 0.995168805
1341846332.958015 -0.132536784 0.241149381 0.545136511 0.093761005 0.021789344 -0.008863463 0.995316803
1341846332.994073 -0.159133077 0.238176063 0.544966221 0.089883365 0.028872546 -0.011391789 0.995468557
1341846333.026545 -0.189624682 0.227936685 0.550002635 0.084931143 0.036506280 -0.013855348 0.995621443
1341846333.057998 -0.220833570 0.222018510 0.549705505 0.082833230 0.045901559 -0.013223354 0.995417953
1341846333.094024 -0.269209325 0.215021282 0.557199836 0.081933670 0.057393298 -0.009725817 0.994936347
1341846333.126095 -0.306794703 0.210431188 0.557586491 0.081031933 0.066944472 -0.008053993 0.994428217
1341846333.161973 -0.360130042 0.202265233 0.577876091 0.077842169 0.081445657 -0.004924782 0.993621111
1341846333.195660 -0.392167300 0.195758715 0.577288926 0.074142620 0.089574099 -0.002937793 0.993212342
1341846333.226331 -0.429508597 0.189906642 0.571655691 0.071089387 0.097322844 -0.004789949 0.992699206
1341846333.262056 -0.458513498 0.186886042 0.569421351 0.066069551 0.104101345 -0.007434659 0.992341936
1341846333.294147 -0.481853306 0.177513167 0.576804757 0.060626365 0.108528703 -0.008932349 0.992202699
1341846333.326100 -0.505186498 0.179750711 0.576854944 0.059249789 0.112224154 -0.010426597 0.991860092
1341846333.362100 -0.473786682 0.174777478 0.577677310 0.054207735 0.106408246 -0.010266147 0.992790699
1341846333.394119 -0.480615258 0.168434992 0.582945824 0.050467789 0.106669880 -0.010178423 0.992960691
1341846333.429974 -0.471439451 0.165314034 0.584470809 0.048743520 0.103496931 -0.009856212 0.993385792
1341846333.462115 -0.464661032 0.164030313 0.586286366 0.048409041 0.102799080 -0.011500995 0.993456960
1341846333.494040 -0.486923516 0.162581652 0.587943912 0.048959747 0.108081698 -0.013604749 0.992842495
1341846333.529953 -0.512784183 0.170150265 0.585526347 0.051442951 0.114266291 -0.013992166 0.992018700
1341846333.562063 -0.544349134 0.168500930 0.595334351 0.052174080 0.122122750 -0.011463333 0.991076469
1341846333.594090 -0.575559080 0.172167271 0.599278986 0.050809707 0.126931742 -0.009624165 0.990562558
1341846333.629994 -0.601478577 0.177369356 0.609337211 0.048274457 0.129120737 -0.009850632 0.990404189
1341846333.662127 -0.624718904 0.178750247 0.610945404 0.045515843 0.132581651 -0.010129678 0.990074694
1341846333.697964 -0.646339297 0.174332142 0.619584322 0.043567758 0.135846078 -0.006592468 0.989749670
1341846333.730092 -0.670254946 0.180189058 0.620286047 0.047628514 0.140065670 -0.006355807 0.988975644
1341846333.762089 -0.690527439 0.180412978 0.619081616 0.049234223 0.144288778 -0.005256748 0.988296151
1341846333.798006 -0.666100323 0.182086095 0.613588929 0.051069181 0.139711395 -0.004560980 0.988863945
1341846333.830055 -0.664121389 0.181929350 0.607686460 0.053336129 0.140376151 -0.006725716 0.988637805
1341846333.866045 -0.674800813 0.179535210 0.604293525 0.053711601 0.143191457 -0.008380782 0.988200963
1341846333.897987 -0.671021223 0.175787330 0.602022886 0.054728683 0.141767636 -0.009234883 0.988342822
1341846333.930099 -0.693727911 0.179309219 0.598101497 0.058702774 0.146646827 -0.011985352 0.987372875
1341846333.965889 -0.692907333 0.175805137 0.591200113 0.060004119 0.146848783 -0.011937742 0.987265170
1341846333.997985 -0.680127203 0.177552402 0.585394442 0.063546531 0.144873619 -0.012450222 0.987328947
1341846334.030076 -0.684406102 0.172923014 0.580462754 0.065456331 0.145901591 -0.011278996 0.987066865
1341846334.066000 -0.684235394 0.164819017 0.572394490 0.065406173 0.144525230 -0.008875560 0.987297177
1341846334.097932 -0.684104741 0.165637046 0.563727081 0.067576975 0.144164875 -0.010424346 0.987188578
1341846334.133884 -0.697128892 0.168058380 0.562675893 0.069584243 0.146709725 -0.010152629 0.986676872
1341846334.166115 -0.707249820 0.166259766 0.555629134 0.069019221 0.146295235 -0.009441845 0.986785114
1341846334.198072 -0.708085418 0.176754579 0.548761725 0.072033547 0.144380629 -0.012094480 0.986822784
1341846334.234097 -0.710095644 0.181489646 0.544997871 0.073106609 0.145173609 -0.013309820 0.986611843
1341846334.266045 -0.722946763 0.182396352 0.544626415 0.073623970 0.148002878 -0.012840827 0.986159146
1341846334.297946 -0.733949721 0.186733916 0.540093422 0.075694740 0.147490025 -0.011029555 0.986101091
1341846334.334036 -0.731323659 0.182379380 0.532637119 0.074816644 0.144662559 -0.011253730 0.986584365
1341846334.365871 -0.733101249 0.187663883 0.522250533 0.074988440 0.144751772 -0.013293433 0.986532807
1341846334.401845 -0.732582927 0.180697411 0.512819290 0.071804136 0.144695386 -0.013053630 0.986781180
1341846334.433864 -0.740753293 0.169916645 0.504398704 0.070438534 0.143875077 -0.013112585 0.986998737
1341846334.466105 -0.749489546 0.174209937 0.505011261 0.071540475 0.143393964 -0.012823287 0.986993313
1341846334.502142 -0.760022759 0.171784028 0.501845419 0.069480784 0.143121868 -0.011371044 0.987197697
1341846334.540153 -0.767467618 0.175040677 0.497770190 0.069794230 0.142792299 -0.013450554 0.987197220
1341846334.602351 -0.788199663 0.175824419 0.482327938 0.063020907 0.140965194 -0.018706227 0.987829566
1341846334.670161 -0.795836926 0.181901872 0.470193744 0.059007097 0.139041722 -0.025297169 0.988203228
1341846334.702085 -0.796605885 0.182195932 0.461965501 0.058086649 0.135725185 -0.024781335 0.988731802
1341846334.734751 -0.798217356 0.182145149 0.455564111 0.058267254 0.132625118 -0.023229945 0.989179432
1341846334.770889 -0.803033650 0.185924172 0.441703975 0.058912925 0.131033167 -0.019124735 0.989441156
1341846334.802194 -0.797115505 0.194077626 0.436127782 0.060136911 0.126131535 -0.020329319 0.989980400
1341846334.833908 -0.797054768 0.201011360 0.423422486 0.060498279 0.124362707 -0.022158712 0.990142882
1341846334.869874 -0.794089019 0.198382676 0.406541139 0.057950463 0.122662455 -0.020262500 0.990547895
1341846334.902006 -0.785030663 0.196258247 0.390144527 0.056137566 0.117745273 -0.018366607 0.991285741
1341846334.938010 -0.784451246 0.186417133 0.377602458 0.053170394 0.114004843 -0.018915735 0.991876006
1341846334.970032 -0.795075119 0.192197636 0.382165849 0.054633953 0.115374498 -0.021151764 0.991592884
1341846335.002203 -0.794893265 0.192592829 0.368391573 0.056632962 0.114481151 -0.018735340 0.991632879
1341846335.037880 -0.789842308 0.187275127 0.352298915 0.057627905 0.108950958 -0.016209261 0.992242873
1341846335.069990 -0.800405264 0.192856535 0.352473021 0.058531206 0.108000413 -0.016947865 0.992281616
1341846335.106038 -0.792171419 0.190564841 0.343900919 0.058419336 0.107414201 -0.019666642 0.992301702
1341846335.138045 -0.812492371 0.189932197 0.339749664 0.060020261 0.111008644 -0.020425852 0.991795123
1341846335.169900 -0.818497896 0.188594997 0.317858219 0.058981754 0.107888222 -0.019510975 0.992220104
1341846335.206091 -0.818703830 0.190854684 0.313720435 0.058265869 0.106073044 -0.021814246 0.992410123
1341846335.239365 -0.824323475 0.193270579 0.311155766 0.059025321 0.108089030 -0.025059041 0.992070973
1341846335.269948 -0.840334654 0.187308729 0.298987716 0.059326850 0.111202784 -0.026444634 0.991672814
1341846335.305972 -0.847482264 0.189237624 0.283942670 0.061478339 0.109662443 -0.026107814 0.991722226
1341846335.338012 -0.847584605 0.190438285 0.278262645 0.063216053 0.108073168 -0.025209980 0.991810679
1341846335.374005 -0.859399915 0.196314186 0.269354284 0.069653593 0.111500360 -0.025904125 0.990981877
1341846335.406025 -0.848225534 0.187802881 0.255780667 0.075400546 0.111358285 -0.021443035 0.990683734
1341846335.438079 -0.851818383 0.193432942 0.245372087 0.080626078 0.111814231 -0.018947072 0.990271688
1341846335.473998 -0.858829021 0.196613580 0.237206936 0.082615256 0.114112049 -0.018898318 0.989846468
1341846335.507038 -0.862721443 0.204018220 0.228458822 0.084124140 0.116691262 -0.022244822 0.989349008
1341846335.538040 -0.868942916 0.215689957 0.225329906 0.084897339 0.119388074 -0.024160184 0.988916218
1341846335.574119 -0.882498562 0.222373486 0.219628811 0.082856037 0.120501734 -0.023576785 0.988968372
1341846335.605970 -0.877418876 0.203594550 0.208801776 0.078271657 0.118600398 -0.022916740 0.989586949
1341846335.641978 -0.878768027 0.212351084 0.195284054 0.080493249 0.119714923 -0.025318597 0.989215970
1341846335.673993 -0.879829466 0.212644011 0.186958656 0.079568647 0.119655512 -0.024697645 0.989313602
1341846335.706178 -0.888085186 0.207812190 0.178993031 0.078228876 0.118786737 -0.023816550 0.989546835
1341846335.741982 -0.884919167 0.214874476 0.168468744 0.079878710 0.118022479 -0.024964919 0.989478111
1341846335.773960 -0.893324018 0.218971848 0.161394909 0.080020905 0.119267464 -0.025193555 0.989311516
1341846335.806271 -0.905559540 0.216586888 0.152295381 0.077151343 0.119954415 -0.025186922 0.989456594
1341846335.842031 -0.898644447 0.220483750 0.145758659 0.076510623 0.119467095 -0.025287472 0.989562690
1341846335.873966 -0.908447146 0.220667720 0.139282048 0.077411391 0.121929117 -0.026582269 0.989158392
1341846335.910005 -0.911205590 0.224413395 0.127206326 0.076970875 0.121172376 -0.023494471 0.989363790
1341846335.941936 -0.919773698 0.226120606 0.118962184 0.076147050 0.119872786 -0.023534006 0.989584923
1341846335.974198 -0.918187618 0.227264807 0.111244224 0.075746663 0.118491158 -0.025418885 0.989735425
1341846336.010032 -0.930518568 0.229838207 0.105336174 0.075605378 0.119675130 -0.027185714 0.989556849
1341846336.042129 -0.933075011 0.229002982 0.091304675 0.074277125 0.117705487 -0.026028119 0.989924729
1341846336.078076 -0.935209215 0.228024229 0.089387499 0.074224010 0.115726463 -0.027780153 0.990114391
1341846336.110739 -0.937973440 0.236238778 0.082382753 0.075693049 0.115729280 -0.029081725 0.989965439
1341846336.142002 -0.942244411 0.229086936 0.069472067 0.074290350 0.115182042 -0.027144141 0.990190506
1341846336.183953 -0.947782934 0.233454376 0.054692425 0.073873021 0.112439387 -0.026129330 0.990564167
1341846336.241891 -0.951213062 0.238903299 0.047642905 0.072736889 0.112105019 -0.027131900 0.990659237
1341846336.277946 -0.958693445 0.233199969 0.041912492 0.072767988 0.112348936 -0.023675231 0.990717947
1341846336.309977 -0.907197475 0.242607668 0.006586907 0.077276945 0.099784836 -0.018702364 0.991827369
1341846336.346143 -0.852712512 0.254456937 -0.017810773 0.080507904 0.089244269 -0.019200627 0.992565036
1341846336.377975 -0.783805311 0.254790634 -0.028464433 0.081352986 0.077542603 -0.018500542 0.993492126
1341846336.410032 -0.728600323 0.250050485 -0.042485029 0.081178471 0.068423890 -0.016566265 0.994210184
1341846336.446041 -0.678864717 0.260051340 -0.061431188 0.081967525 0.058981035 -0.017377334 0.994736433
1341846336.477990 -0.632092595 0.272884279 -0.077635303 0.083903812 0.051647201 -0.018226108 0.994967639
1341846336.510056 -0.591443241 0.275305390 -0.094001770 0.084756427 0.045371119 -0.016677512 0.995228469
1341846336.546024 -0.540183127 0.274283320 -0.111883923 0.085398912 0.036624637 -0.012780990 0.995591521
1341846336.578003 -0.496680140 0.282711089 -0.130211443 0.085730843 0.030027360 -0.011702521 0.995797038
1341846336.614020 -0.454119384 0.290384591 -0.145882145 0.086567380 0.024602976 -0.013060723 0.995856583
1341846336.645982 -0.462520748 0.277033269 -0.143290713 0.081752263 0.026535625 -0.011367767 0.996234536
1341846336.678036 -0.405918449 0.275945246 -0.155334607 0.080631413 0.015284909 -0.011334946 0.996562362
1341846336.714024 -0.350133687 0.258581907 -0.163136989 0.079642154 0.004453647 -0.010031082 0.996763110
1341846336.746016 -0.279083699 0.257858932 -0.155956417 0.084158324 -0.011192356 -0.007623739 0.996360362
1341846336.778014 -0.233059570 0.263336480 -0.194517404 0.086077556 -0.022085957 -0.004777888 0.996032178
1341846336.820006 -0.161596358 0.255543262 -0.166543216 0.084204137 -0.037987005 -0.000170741 0.995724142
1341846336.882056 -0.068905212 0.260100633 -0.156056225 0.089088388 -0.053928182 -0.002160206 0.994560421
1341846336.914273 -0.014398240 0.292284191 -0.170644656 0.096198529 -0.067018718 0.003448409 0.993097425
1341846336.945998 0.053284857 0.302926093 -0.156140551 0.105241798 -0.084773615 0.005112146 0.990813553
1341846336.981980 0.111902326 0.306086391 -0.134986177 0.107509091 -0.097927652 0.012574208 0.989289582
1341846337.014238 0.167982996 0.309886664 -0.108075440 0.105396956 -0.110051014 0.014110827 0.988221228
1341846337.046017 0.212320670 0.308002442 -0.060803395 0.104256898 -0.118970603 0.015740413 0.987283528
1341846337.082104 0.263149261 0.310749233 -0.045565799 0.103992686 -0.127943099 0.014659963 0.986205459
1341846337.114317 0.287785202 0.314970255 -0.021861847 0.103542015 -0.134004191 0.014332897 0.985452414
1341846337.150037 0.322980583 0.315649420 0.008470232 0.102453753 -0.141496718 0.013204442 0.984534204
1341846337.181873 0.362333089 0.319897562 0.020276345 0.103009619 -0.147516236 0.010728642 0.983622313
1341846337.214073 0.400258183 0.323724151 0.035008859 0.100577250 -0.153531000 0.012811161 0.982928455
1341846337.250087 0.421846688 0.310270011 0.055472419 0.096387461 -0.159809515 0.016776228 0.982287586
1341846337.282028 0.454121262 0.311974049 0.059739020 0.096791357 -0.169024467 0.019453784 0.980654716
1341846337.317920 0.480763078 0.314669847 0.072581187 0.096493632 -0.174688309 0.020666897 0.979666173
1341846337.350018 0.504406333 0.304403633 0.077473678 0.091939285 -0.178457737 0.022698255 0.979379833
1341846337.382159 0.507998526 0.304300934 0.071851179 0.090921938 -0.175515503 0.015468594 0.980147064
1341846337.417941 0.524819255 0.307679266 0.072785869 0.093158685 -0.177897274 0.017116297 0.979480088
1341846337.450137 0.538202941 0.297790021 0.065948881 0.090355493 -0.181635380 0.017872412 0.979043007
1341846337.482096 0.533722818 0.303748935 0.060595468 0.090843581 -0.179777354 0.015143107 0.979386687
1341846337.518008 0.541047335 0.308999211 0.068802215 0.093535334 -0.181736827 0.014707179 0.978778124
1341846337.549978 0.549460709 0.306766510 0.052978590 0.091813132 -0.183214322 0.015289937 0.978656769
1341846337.585971 0.556450129 0.306349695 0.060501441 0.089631364 -0.185281709 0.013613263 0.978494585
1341846337.617903 0.559089184 0.302596152 0.075735018 0.091867797 -0.186611310 0.012408746 0.978050411
1341846337.650141 0.561489582 0.301438272 0.076876745 0.092475682 -0.186832696 0.014192428 0.977926672
1341846337.686352 0.569114447 0.306970716 0.079404593 0.091088124 -0.188082889 0.015711712 0.977793932
1341846337.718002 0.573595524 0.304266512 0.093658842 0.089197755 -0.188686579 0.015022608 0.977862716
1341846337.749920 0.587131500 0.319618106 0.097013406 0.091669835 -0.188619003 0.015562049 0.977638662
1341846337.786157 0.607516468 0.326856613 0.111975342 0.089155070 -0.190304309 0.017297655 0.977515459
1341846337.817945 0.610779703 0.317276388 0.132635579 0.085397862 -0.189120650 0.018663350 0.978055358
1341846337.854071 0.624078810 0.312008053 0.150396243 0.082912423 -0.188647881 0.018606529 0.978361607
1341846337.885951 0.641379356 0.321638137 0.161987171 0.081983633 -0.190161109 0.018243125 0.978153706
1341846337.918223 0.655882776 0.325053304 0.182040647 0.078999266 -0.191772103 0.016920742 0.978108525
1341846337.954120 0.648046970 0.308424383 0.194301531 0.073476404 -0.189665228 0.016393606 0.978958428
1341846337.985994 0.659048200 0.312378138 0.209299803 0.070612215 -0.191042140 0.017550269 0.978881419
1341846338.018107 0.672512233 0.313137650 0.240630716 0.067890458 -0.192560315 0.018077616 0.978766978
1341846338.054055 0.651079476 0.321096718 0.214061186 0.067117572 -0.186466590 0.015788516 0.980038881
1341846338.085986 0.675149143 0.323780000 0.243793219 0.064556614 -0.188423052 0.015960513 0.979833961
1341846338.121875 0.681061924 0.315560967 0.263573647 0.061150100 -0.188410580 0.017421650 0.980029881
1341846338.154089 0.717000723 0.312890142 0.298437357 0.058524139 -0.196339443 0.023064975 0.978516102
1341846338.186029 0.747340143 0.309707016 0.335020930 0.055551890 -0.203835666 0.026140420 0.977078140
1341846338.222071 0.756667614 0.303823411 0.352073550 0.052795686 -0.203736648 0.026644990 0.977238059
1341846338.254107 0.748910248 0.295530796 0.358280629 0.049983211 -0.201614246 0.027765725 0.977794707
1341846338.290130 0.757699013 0.297033101 0.375751466 0.050856911 -0.203763425 0.028768227 0.977275014
1341846338.321952 0.753675282 0.298786879 0.380958170 0.050115224 -0.202472717 0.031012908 0.977512896
1341846338.354022 0.753421545 0.297545046 0.397167921 0.049722377 -0.202602580 0.030666504 0.977517009
1341846338.389969 0.757310033 0.297855139 0.405091971 0.048306059 -0.203075737 0.031431425 0.977465510
1341846338.422377 0.748117030 0.297609329 0.410603076 0.047347296 -0.201619729 0.030082505 0.977856219
1341846338.454010 0.749921024 0.289876282 0.422194421 0.044744939 -0.203050330 0.028172530 0.977739632
1341846338.489894 0.745359957 0.292284369 0.429439932 0.043984838 -0.202957869 0.029249178 0.977761745
1341846338.522066 0.733661950 0.288011968 0.437042356 0.044535760 -0.200599194 0.028583631 0.978243113
1341846338.558058 0.741110027 0.290120929 0.434998512 0.043458350 -0.202467039 0.027152872 0.977947474
1341846338.589842 0.729480088 0.286335498 0.442355901 0.041386500 -0.200751603 0.026037574 0.978421211
1341846338.622019 0.724132717 0.288238466 0.451570898 0.043072190 -0.199334413 0.028357811 0.978573740
1341846338.657984 0.720929444 0.269315839 0.448757112 0.038626026 -0.198647916 0.029102875 0.978876948
1341846338.690198 0.710636735 0.263273954 0.448309511 0.036012292 -0.196720243 0.027139448 0.979422152
1341846338.722454 0.707020044 0.263590872 0.457400799 0.036119509 -0.195382088 0.026529558 0.979702771
1341846338.757945 0.710880518 0.268472016 0.461451173 0.035552405 -0.196813494 0.030871829 0.979309678
1341846338.790039 0.705062866 0.264900565 0.470660269 0.032948282 -0.198251769 0.029601876 0.979149878
1341846338.826048 0.696720481 0.260176331 0.475238830 0.033442553 -0.195282102 0.026386799 0.979821563
1341846338.858027 0.700451851 0.262044966 0.485372961 0.032793872 -0.195353061 0.027175002 0.979807794
1341846338.889902 0.694329500 0.262179524 0.492051423 0.030623840 -0.195380569 0.026407138 0.979893506
1341846338.925948 0.686205864 0.254928142 0.499819458 0.029292392 -0.192847177 0.022992669 0.980521977
1341846338.958108 0.683585703 0.252259135 0.511783242 0.029011339 -0.191130102 0.022894995 0.980868757
1341846338.990057 0.677336633 0.255702704 0.520555258 0.030611625 -0.190056473 0.024581153 0.980987906
1341846339.025928 0.676288486 0.254911184 0.532772839 0.032810476 -0.189124212 0.024483256 0.981099486
1341846339.057939 0.681351960 0.250358790 0.540330172 0.033658512 -0.188306257 0.025622385 0.981199026
1341846339.093927 0.679382682 0.259317964 0.547932565 0.033631183 -0.189270973 0.026374396 0.980994344
1341846339.126562 0.674815655 0.267562509 0.560894549 0.031693883 -0.189035103 0.023319360 0.981181681
1341846339.157969 0.670564175 0.268837512 0.573326111 0.030318249 -0.185483411 0.021710267 0.981939673
1341846339.194113 0.672702849 0.268223226 0.580117047 0.027660286 -0.185975850 0.023827985 0.981875837
1341846339.228165 0.672056615 0.269753695 0.592219234 0.023711625 -0.188410506 0.025676493 0.981468260
1341846339.257998 0.670570374 0.269496709 0.613133907 0.021481650 -0.187555343 0.024684429 0.981708825
1341846339.294132 0.676528156 0.269251257 0.618368804 0.020984242 -0.186525106 0.025933597 0.981883705
1341846339.326577 0.682853639 0.262765139 0.626762390 0.014150009 -0.190363526 0.029236261 0.981176198
1341846339.362269 0.679625630 0.255224735 0.635219336 0.010241247 -0.190930754 0.024166135 0.981252551
1341846339.394725 0.672843218 0.269710213 0.648710608 0.012073408 -0.187997878 0.023479482 0.981814563
1341846339.462186 0.674451709 0.266711622 0.671228170 0.008172559 -0.189928144 0.021580597 0.981526792
1341846339.496743 0.688471079 0.264058858 0.687594533 0.011043746 -0.188394502 0.020806054 0.981810927
1341846339.562052 0.683433831 0.255075932 0.702231050 0.010579669 -0.185453787 0.024168201 0.982298791
1341846339.595122 0.684599996 0.266015828 0.711339891 0.014854780 -0.184483454 0.022871336 0.982457221
1341846339.632085 0.682596087 0.267144978 0.724758923 0.016699256 -0.180677414 0.020544633 0.983186066
1341846339.664568 0.679027796 0.263594389 0.730240881 0.016749915 -0.177313983 0.018664299 0.983834803
1341846339.698896 0.677730680 0.255469769 0.737056136 0.015445396 -0.176292092 0.018907301 0.984035134
1341846339.731977 0.679695964 0.257651210 0.750364840 0.016696095 -0.176600978 0.016933976 0.983995318
1341846339.762241 0.679143965 0.258600026 0.758148849 0.017480075 -0.175298467 0.017042583 0.984212637
1341846339.797873 0.676199079 0.254898220 0.763609588 0.016615203 -0.174401015 0.018539308 0.984359980
1341846339.830245 0.674462378 0.253530234 0.768530309 0.016436469 -0.174552396 0.018285219 0.984340966
1341846339.862015 0.671428740 0.256342024 0.773559511 0.016619217 -0.173620820 0.016825562 0.984528601
1341846339.897797 0.675173342 0.256927371 0.787978411 0.015991159 -0.173366666 0.016124522 0.984595537
1341846339.929916 0.672033966 0.250739098 0.797368526 0.014934503 -0.172150478 0.018096764 0.984791219
1341846339.961960 0.669591248 0.252777874 0.811046004 0.017010409 -0.172605440 0.018070433 0.984678447
1341846339.997845 0.664627254 0.252585590 0.817464530 0.018266458 -0.170254081 0.017353762 0.985078037
1341846340.029925 0.666106880 0.254961073 0.832813799 0.019924505 -0.168589860 0.019021181 0.985301316
1341846340.066044 0.662801027 0.253204226 0.835966229 0.021585263 -0.166714534 0.020264067 0.985560596
1341846340.098009 0.657793224 0.253869653 0.839255452 0.022236729 -0.165243357 0.020209236 0.985795021
1341846340.130102 0.656668723 0.257118493 0.845067143 0.022209747 -0.165035918 0.018621515 0.985861659
1341846340.166041 0.657333314 0.257363498 0.862946510 0.024253858 -0.163144037 0.015246251 0.986186266
1341846340.197867 0.648726642 0.261936516 0.868340969 0.026196051 -0.159252062 0.015112496 0.986774623
1341846340.229904 0.650392413 0.278197020 0.879879892 0.028646663 -0.160038695 0.013787869 0.986598670
1341846340.265859 0.659933269 0.258333802 0.886157453 0.024266088 -0.160810798 0.015005405 0.986572802
1341846340.298061 0.657036006 0.262584209 0.891563952 0.027157197 -0.157898784 0.016163543 0.986949444
1341846340.334063 0.655751169 0.269162714 0.902379632 0.026862755 -0.159220397 0.017136166 0.986728787
1341846340.366064 0.657354593 0.261314720 0.907737374 0.024460996 -0.161241442 0.015893994 0.986483812
1341846340.397995 0.661446691 0.256437302 0.912337005 0.025347117 -0.161269724 0.016232915 0.986451268
1341846340.433895 0.658971488 0.254885197 0.912643433 0.025207857 -0.161108077 0.018142158 0.986447990
1341846340.465959 0.658031464 0.248833448 0.911360383 0.024185339 -0.163062036 0.019974627 0.986117065
1341846340.501858 0.661188781 0.252992511 0.919485688 0.026011543 -0.166844010 0.018676270 0.985463262
1341846340.534329 0.664983749 0.256530702 0.918491185 0.027116578 -0.168211013 0.018805012 0.985198557
1341846340.566041 0.667544425 0.257698864 0.924037516 0.029207863 -0.169132486 0.019501120 0.984967411
1341846340.601909 0.670615375 0.265081674 0.930557728 0.033249419 -0.169874623 0.019771280 0.984706163
1341846340.634005 0.676707208 0.261628538 0.923883379 0.032745250 -0.170698240 0.018999629 0.984595776
1341846340.666028 0.680475235 0.257042885 0.927219748 0.032304171 -0.170757994 0.016988682 0.984636784
1341846340.701946 0.683519125 0.263580471 0.925143778 0.036041148 -0.169251710 0.015934912 0.984784782
1341846340.733954 0.688679099 0.256748348 0.921298862 0.035297349 -0.167926282 0.014695925 0.985057831
1341846340.770081 0.691713989 0.257329643 0.926537335 0.035060652 -0.168081373 0.012132539 0.985074759
1341846340.801980 0.696394622 0.258500338 0.926201582 0.036498573 -0.167361185 0.007091173 0.985194325
1341846340.833999 0.695038199 0.259486586 0.918752968 0.036618996 -0.164156497 0.003692750 0.985747457
1341846340.870013 0.694569468 0.257382184 0.919136405 0.035360131 -0.164320201 0.001693989 0.985771656
1341846340.901955 0.698039949 0.255810022 0.918413460 0.036256779 -0.164940193 0.002177764 0.985634565
1341846340.933918 0.703486681 0.250797421 0.919600010 0.036207858 -0.167031199 0.006033874 0.985268056
1341846340.970122 0.696707129 0.257414311 0.913639963 0.038055327 -0.168454170 0.010056601 0.984923244
1341846341.001922 0.699785054 0.253341109 0.911831796 0.037707757 -0.172942787 0.015707359 0.984084487
1341846341.037923 0.704066753 0.256230712 0.910387576 0.039087839 -0.175830260 0.017652573 0.983485818
1341846341.070300 0.709593534 0.253257483 0.905873001 0.039169818 -0.177247778 0.018534379 0.983211815
1341846341.102028 0.707867026 0.256009549 0.904274464 0.039678141 -0.178396389 0.018755507 0.982979536
1341846341.137982 0.710066497 0.254739553 0.902455270 0.039538201 -0.180377275 0.018592257 0.982626677
1341846341.170048 0.711156011 0.254442513 0.899125278 0.039804392 -0.180626541 0.019805508 0.982546449
1341846341.202110 0.710806251 0.249709606 0.896077156 0.040234536 -0.180827945 0.021464480 0.982457042
1341846341.237996 0.709186614 0.250896633 0.894415319 0.042112209 -0.180033237 0.021484414 0.982523859
1341846341.269883 0.710740924 0.250938058 0.891851723 0.043027110 -0.179930478 0.022668727 0.982476413
1341846341.306107 0.711775124 0.250027388 0.888201654 0.043430910 -0.180647835 0.021411370 0.982355177
1341846341.338109 0.710988224 0.248063058 0.887908399 0.044198412 -0.179749668 0.019775055 0.982520044
1341846341.370120 0.714599669 0.249965101 0.891628385 0.045507852 -0.179301247 0.017852850 0.982578993
1341846341.406074 0.708482385 0.250078797 0.881226063 0.045750521 -0.177677020 0.016885005 0.982879817
1341846341.438113 0.711638570 0.247548580 0.883353710 0.046903223 -0.180326074 0.017360359 0.982334614
1341846341.470024 0.710368872 0.249474987 0.882461846 0.050284721 -0.179839224 0.015473235 0.982288122
1341846341.506077 0.708341718 0.252998650 0.878374815 0.050270185 -0.178669587 0.014986533 0.982509851
1341846341.538156 0.699449599 0.239153996 0.868414998 0.046452742 -0.178604811 0.015247585 0.982705474
1341846341.574016 0.702363551 0.247131452 0.870461464 0.049075752 -0.181168333 0.016151140 0.982094109
1341846341.612466 0.703665078 0.250182033 0.869617462 0.049801908 -0.182114765 0.016735023 0.981872678
1341846341.643972 0.704691410 0.249375522 0.867239237 0.049108706 -0.183433220 0.014862992 0.981692314
1341846341.679982 0.701606393 0.249354884 0.871386409 0.049044449 -0.185158625 0.015802836 0.981356919
1341846341.712332 0.700962424 0.248206794 0.866608977 0.048929777 -0.187163144 0.018570684 0.980933726
1341846341.744185 0.702357888 0.252002895 0.867182732 0.050100882 -0.189283386 0.020128183 0.980436921
1341846341.780061 0.703987956 0.253237665 0.865257859 0.050162457 -0.189934894 0.021457348 0.980279565
1341846341.842595 0.708930075 0.243626595 0.857836485 0.050274972 -0.190917566 0.026479766 0.979960084
1341846341.906227 0.715880513 0.237719595 0.852869570 0.052051436 -0.192256868 0.032034732 0.979439497
1341846341.942069 0.715874255 0.235753492 0.846680462 0.055006381 -0.191961467 0.034511145 0.979251862
1341846341.974775 0.721608043 0.234957129 0.847800493 0.057322253 -0.193255469 0.037287470 0.978762627
1341846342.010161 0.719353378 0.238074020 0.851127625 0.058255255 -0.194752038 0.038954299 0.978345811
1341846342.042024 0.729747117 0.232720658 0.848458827 0.059457228 -0.196400598 0.039047468 0.977940202
1341846342.080032 0.735094607 0.230145022 0.846747398 0.060471192 -0.194668218 0.040025033 0.978184879
1341846342.112265 0.736725867 0.224387825 0.843288600 0.059446830 -0.194334418 0.042210862 0.978222132
1341846342.147954 0.747891903 0.219770119 0.849204302 0.060887374 -0.197905853 0.044994995 0.977292955
1341846342.179852 0.736904144 0.226271138 0.846563995 0.064912483 -0.195144966 0.045823675 0.977550507
1341846342.211848 0.737286329 0.228855446 0.847097397 0.065873809 -0.194624230 0.045654748 0.977597952
1341846342.247920 0.741895795 0.230159760 0.848203063 0.067930162 -0.195106357 0.044719819 0.977404296
1341846342.279870 0.743165851 0.228713721 0.846093833 0.068849109 -0.194473937 0.045850195 0.977413654
1341846342.316068 0.741643012 0.232270122 0.843572140 0.070671529 -0.194016457 0.047014788 0.977319181
1341846342.347894 0.743144453 0.230896622 0.840649307 0.070616163 -0.193945214 0.046650242 0.977354825
1341846342.379953 0.744416833 0.225832999 0.841385245 0.069850758 -0.193654254 0.046448484 0.977477074
1341846342.416195 0.740903199 0.229462817 0.842791617 0.070989721 -0.192947507 0.048018437 0.977458894
