1341846313.592026 0.000000000 0.000000000 0.000000000 -0.000000000 -0.000000000 -0.000000000 1.000000000
1341846313.654184 0.009254606 0.000060552 -0.005979551 -0.000679895 -0.003578965 0.005204317 0.999979854
1341846313.686156 0.018348938 0.003204418 -0.002973031 0.000896013 -0.006344873 0.005057862 0.999966681
1341846313.721918 0.019007718 0.005541337 -0.005514787 0.001085644 -0.006408392 0.005536979 0.999963582
1341846313.753994 0.022381321 0.008224679 -0.002048752 0.001038412 -0.006675737 0.006451395 0.999956369
1341846313.789969 0.023044052 0.011118842 -0.001193299 0.002644235 -0.006420109 0.005027958 0.999963284
1341846313.822075 0.013623670 0.011448309 -0.004287767 0.002296784 -0.002164620 0.003351452 0.999989390
1341846313.853928 0.006336331 0.014069751 -0.002383162 0.002242513 0.002448278 0.002427268 0.999991596
1341846313.890011 -0.006936068 0.010650126 -0.004535869 0.001038028 0.007469668 0.002706696 0.999967933
1341846313.922055 -0.021835245 0.012528636 -0.005996182 -0.000925061 0.011325700 0.003018555 0.999930918
1341846313.957927 -0.054193467 0.019524366 -0.011914609 -0.001706350 0.023510238 0.001231259 0.999721408
1341846313.990058 -0.065532215 0.018552521 -0.006191528 -0.002952230 0.031544086 0.001863549 0.999496341
1341846314.022042 -0.094391406 0.013039784 -0.009483837 -0.006707157 0.038931713 0.005890246 0.999202013
1341846314.057816 -0.108853236 0.020874707 -0.000479009 -0.008197481 0.045333698 0.006440846 0.998917520
1341846314.089801 -0.127480939 0.024843808 0.007814450 -0.006420356 0.055233754 0.005363483 0.998438418
1341846314.122037 -0.147407591 0.017021958 0.005386770 -0.009912877 0.062884063 0.008002283 0.997939527
1341846314.157989 -0.160767391 0.026264615 0.013633834 -0.009675370 0.069962204 0.008864168 0.997463346
1341846314.190094 -0.173535496 0.029843552 0.012087506 -0.008891838 0.076588631 0.009188756 0.996980846
1341846314.225969 -0.194679409 0.028844841 0.004573557 -0.011924280 0.083214551 0.012395893 0.996383250
1341846314.257923 -0.192413867 0.035129234 0.013597406 -0.012343500 0.085761875 0.012473378 0.996161163
1341846314.290052 -0.199065119 0.037113354 0.013170272 -0.010757209 0.088937409 0.011096607 0.995917380
1341846314.325981 -0.214362904 0.049755353 0.011021466 -0.009678323 0.093716934 0.008089601 0.995518982
1341846314.357905 -0.212122545 0.054857515 0.019031473 -0.009148392 0.097343124 0.006805354 0.995185614
1341846314.389899 -0.219568580 0.058783922 0.017780900 -0.007096637 0.102083400 0.006534961 0.994729102
1341846314.427905 -0.225543424 0.064676926 0.015309598 -0.006716347 0.105749056 0.003930736 0.994362414
1341846314.493987 -0.256296426 0.064020418 0.015939077 -0.005394453 0.122398391 -0.003896292 0.992458761
1341846314.526085 -0.267419606 0.070014723 0.008426045 -0.004638606 0.127090454 -0.006168544 0.991861165
1341846314.558292 -0.255939573 0.076793142 0.012565145 -0.004640120 0.129229590 -0.006949703 0.991579473
1341846314.594085 -0.285411447 0.071244001 0.016664550 -0.003565535 0.140421957 -0.006098256 0.990066588
1341846314.626096 -0.306344151 0.073169947 0.002149601 -0.003074068 0.147205904 -0.004642388 0.989090264
1341846314.658455 -0.353756815 0.076754354 -0.011580167 -0.004500924 0.158129290 -0.005551775 0.987392604
1341846314.694004 -0.316573292 0.087643571 0.009160652 -0.001915519 0.157715395 -0.009929569 0.987432837
1341846314.725910 -0.317015201 0.087186575 0.002423612 0.003288916 0.160024971 -0.005038673 0.987094700
1341846314.761942 -0.318153739 0.089114688 0.004356525 0.007266119 0.161512390 -0.000503794 0.986843824
1341846314.794030 -0.326971233 0.104807302 -0.000282072 0.013184319 0.166478217 -0.002106539 0.985954762
1341846314.826092 -0.347916067 0.103582025 -0.005949834 0.014855926 0.175032035 -0.000498594 0.984450519
1341846314.862145 -0.359940231 0.106498271 -0.012640234 0.015509123 0.181112677 0.000793296 0.983339787
1341846314.894072 -0.355948240 0.115775496 -0.013158201 0.017403895 0.185583472 0.002000742 0.982472360
1341846314.925969 -0.403420150 0.114193991 -0.002873770 0.017143300 0.196970969 0.006112423 0.980240345
1341846314.961937 -0.418785155 0.112146318 -0.009611241 0.013774959 0.200139418 0.011698340 0.979600787
1341846314.994564 -0.416278392 0.121857747 -0.005941256 0.012823496 0.201618060 0.010552545 0.979323447
1341846315.029900 -0.448230475 0.127045855 -0.002149578 0.013010459 0.212219253 0.008357107 0.977099717
1341846315.061965 -0.458214641 0.131351084 -0.008955168 0.013684720 0.215847567 0.011831279 0.976259530
1341846315.094388 -0.450723171 0.138671458 -0.006951524 0.015101735 0.214251101 0.012019739 0.976587951
1341846315.129851 -0.473939091 0.137937114 0.002442859 0.017270124 0.219863504 0.010313322 0.975323260
1341846315.161941 -0.495197684 0.133304268 -0.007474121 0.013102115 0.223144084 0.014656680 0.974587262
1341846315.197984 -0.477515548 0.138596505 -0.002018869 0.006943637 0.219009623 0.010402715 0.975642562
1341846315.230076 -0.499842077 0.141376927 0.000274131 0.003980895 0.222985819 0.008266484 0.974778533
1341846315.262069 -0.502569437 0.132954732 -0.001928600 -0.000113591 0.221330777 0.012113405 0.975123584
1341846315.298000 -0.509200633 0.147757351 0.002400050 0.001498276 0.219663948 0.013045304 0.975487232
1341846315.329931 -0.511507750 0.182762861 0.007320604 0.012277982 0.219488814 0.010580689 0.975480378
1341846315.361981 -0.528568327 0.187131837 0.007386884 0.018093461 0.222144842 0.012883515 0.974760711
1341846315.397962 -0.536242723 0.201370925 0.006275631 0.023790315 0.223788008 0.015412101 0.974225640
1341846315.429923 -0.562148929 0.204203933 0.015966568 0.026785122 0.231560901 0.015955474 0.972320676
1341846315.466047 -0.580285549 0.206312731 0.017518921 0.027854256 0.239102826 0.018305521 0.970422089
1341846315.497883 -0.571969926 0.203254387 0.015403271 0.026961101 0.240516141 0.021808295 0.970025480
1341846315.530008 -0.584509552 0.211319700 0.020698894 0.029144680 0.244441435 0.022299916 0.968969405
1341846315.566108 -0.603507459 0.209455445 0.026405834 0.028076459 0.249659747 0.024034422 0.967628121
1341846315.597986 -0.597992957 0.208024994 0.028450727 0.027617032 0.250339866 0.023122730 0.967487812
1341846315.630109 -0.579463482 0.205200434 0.028687786 0.027104797 0.248806819 0.021624530 0.967932284
1341846315.666042 -0.600611210 0.217980862 0.034431484 0.027771834 0.254424363 0.019295396 0.966501296
1341846315.698114 -0.605816245 0.212430686 0.038786028 0.020293994 0.259112626 0.017150085 0.965481639
1341846315.733985 -0.569692552 0.195101097 0.031483151 0.016721552 0.255235970 0.022297621 0.966477036
1341846315.766041 -0.590962112 0.206521079 0.035482436 0.019136531 0.256157458 0.021793757 0.966199875
1341846315.798188 -0.577858090 0.205990657 0.028016534 0.017847391 0.253091544 0.021971680 0.967028201
1341846315.834140 -0.564797163 0.203075215 0.027843820 0.018538799 0.253023565 0.020500639 0.967065215
1341846315.866751 -0.581633508 0.204755932 0.037697263 0.021062516 0.257324964 0.019010004 0.965908349
1341846315.898492 -0.576470733 0.207779914 0.034666546 0.022839393 0.256346762 0.018963253 0.966129005
1341846315.936901 -0.566544592 0.204654604 0.025842868 0.025430700 0.255337626 0.018546788 0.966339529
1341846315.966572 -0.568088293 0.205055609 0.026547924 0.028674809 0.256171465 0.017083410 0.966054976
1341846316.034204 -0.570008874 0.207470641 0.022278689 0.032578502 0.254595518 0.015517673 0.966374159
1341846316.066113 -0.526179433 0.178280607 0.013078848 0.029954555 0.246179298 0.017855577 0.968596756
1341846316.101867 -0.520482123 0.176763624 0.006172379 0.030605003 0.242400154 0.019673824 0.969493985
1341846316.134066 -0.523367405 0.171911359 0.009073779 0.028357327 0.238928825 0.018275723 0.970450938
1341846316.202049 -0.471211046 0.141978636 0.003743220 0.023237301 0.224305779 0.014995188 0.974126339
1341846316.233979 -0.459043324 0.143739864 0.004749994 0.023499042 0.220351815 0.014691933 0.975026727
1341846316.270052 -0.441360325 0.142227665 0.001732066 0.021272995 0.217639774 0.009388056 0.975752175
1341846316.301915 -0.449689060 0.140976757 0.018210998 0.021974796 0.220043540 0.008279242 0.975207448
1341846316.334208 -0.432076126 0.127385154 0.000808088 0.021412235 0.214405790 0.011444059 0.976442933
1341846316.370006 -0.436072528 0.137574047 -0.006622026 0.025490478 0.212474763 0.010773852 0.976774633
1341846316.401994 -0.419081837 0.125383347 -0.007391209 0.025327329 0.207881883 0.014320422 0.977721155
1341846316.438069 -0.404055506 0.121982008 -0.005158707 0.027312726 0.204089433 0.016576016 0.978430808
1341846316.470076 -0.381844193 0.115825281 0.001605180 0.031229250 0.199120596 0.019195307 0.979289174
1341846316.502034 -0.366171449 0.116945475 -0.017138716 0.032150090 0.191279814 0.020873673 0.980786800
1341846316.537975 -0.335830420 0.108140223 -0.010792702 0.027726524 0.182869643 0.018967319 0.982563138
1341846316.570121 -0.310302824 0.103324905 0.002214803 0.026979791 0.177817285 0.014377492 0.983588517
1341846316.601885 -0.284048885 0.099102654 0.006071374 0.028051455 0.172202811 0.012579053 0.984581769
1341846316.638009 -0.285604626 0.084766924 0.002926970 0.028414451 0.169384137 0.015944671 0.985011399
1341846316.669925 -0.261521518 0.078046434 0.006352833 0.029300248 0.163659871 0.014425123 0.985976100
1341846316.705941 -0.242955834 0.075640872 0.008291909 0.033570115 0.159594163 0.014479059 0.986505568
1341846316.738062 -0.242960364 0.065793760 -0.001035554 0.033572499 0.157470122 0.017850939 0.986791492
1341846316.770433 -0.214580387 0.062542297 -0.003199184 0.031276029 0.150151595 0.017860169 0.988006771
1341846316.805932 -0.204648852 0.064235128 0.002408806 0.032877401 0.147735193 0.016027050 0.988350451
1341846316.838029 -0.190816656 0.040243935 0.006833825 0.030069005 0.142796367 0.019941887 0.989094257
1341846316.870034 -0.170480415 0.037177775 0.010609844 0.029884970 0.134416088 0.020064017 0.990271091
1341846316.906344 -0.167617619 0.037297793 0.008504268 0.031103814 0.130064890 0.020585919 0.990803659
1341846316.937940 -0.160414547 0.033716809 0.006496000 0.029852012 0.126365662 0.017388504 0.991382003
1341846316.973994 -0.156904519 0.026394390 0.001367598 0.027582062 0.122650586 0.018973248 0.991885126
1341846317.005913 -0.159821212 0.030559899 0.001581214 0.027680835 0.119474746 0.021313274 0.992222428
1341846317.037936 -0.173476189 0.027469873 0.013030044 0.027840955 0.118416324 0.019973779 0.992372692
1341846317.073972 -0.169476390 0.034681052 0.003015591 0.030511426 0.115300767 0.022204259 0.992613673
1341846317.106113 -0.150293648 0.031865861 -0.002712442 0.032967217 0.108897433 0.028076595 0.993109405
1341846317.137887 -0.138130531 0.031118587 -0.009569052 0.035951018 0.098852910 0.031770550 0.993944824
1341846317.173970 -0.133630767 0.031962942 -0.015416167 0.036863778 0.090021037 0.033579692 0.994690776
1341846317.205887 -0.125670075 0.030115226 -0.012829920 0.036320273 0.084961317 0.034300253 0.995131135
1341846317.248131 -0.133248881 0.029832032 -0.012140663 0.037749190 0.081665710 0.035323817 0.995317996
1341846317.306289 -0.142191395 0.038670424 -0.028209634 0.041417535 0.075147532 0.042380687 0.995410144
1341846317.348137 -0.152248591 0.042434394 -0.032266106 0.043899085 0.076850876 0.042943057 0.995149612
1341846317.410120 -0.162638247 0.048341535 -0.048814613 0.046878181 0.074683271 0.049136057 0.994892240
1341846317.442569 -0.170133233 0.051940199 -0.044467393 0.051480968 0.075421102 0.052719008 0.994425535
1341846317.474010 -0.167537674 0.056088697 -0.053236376 0.057889834 0.073729098 0.054802518 0.994087279
1341846317.509927 -0.156601533 0.051669244 -0.060836114 0.058599066 0.067845695 0.058265138 0.994267762
1341846317.542282 -0.164317355 0.060070999 -0.067550696 0.059346393 0.065274104 0.059323646 0.994332969
1341846317.573943 -0.172345683 0.059510063 -0.065166220 0.059832070 0.067112871 0.058529638 0.994228542
1341846317.610159 -0.174545228 0.066737726 -0.071598440 0.064062752 0.067996562 0.060035389 0.993814945
1341846317.643553 -0.173774615 0.068699636 -0.080283575 0.065921858 0.064977311 0.061835419 0.993785083
1341846317.677993 -0.165812984 0.071229495 -0.077306762 0.067654520 0.058523729 0.066910252 0.993740857
1341846317.709996 -0.161340848 0.069778055 -0.082096756 0.069935605 0.054452397 0.065576166 0.993903279
1341846317.741834 -0.152207464 0.071040675 -0.082628086 0.069213226 0.050761908 0.065415949 0.994159758
1341846317.777923 -0.158096179 0.086682290 -0.091784187 0.070232749 0.047894076 0.062016331 0.994448364
1341846317.810021 -0.149001166 0.080912963 -0.076727159 0.068719983 0.044306159 0.061697289 0.994740188
1341846317.841886 -0.133709833 0.081197582 -0.081494480 0.067412086 0.039948165 0.059670698 0.995137751
1341846317.878017 -0.112065092 0.080655262 -0.082191169 0.064131610 0.035238981 0.056430385 0.995721340
1341846317.909910 -0.095140897 0.078910604 -0.067397729 0.063554987 0.032410678 0.052371025 0.996076107
1341846317.946031 -0.073811881 0.080283090 -0.062536985 0.064935602 0.028267059 0.054896396 0.995977342
1341846317.978041 -0.032392342 0.077178888 -0.058656927 0.066393517 0.018883804 0.054224461 0.996140063
1341846318.009897 -0.017994752 0.071770743 -0.062419277 0.067289904 0.016044749 0.051900119 0.996253490
1341846318.045949 0.007858383 0.059346687 -0.063680202 0.064747021 0.011587302 0.049520519 0.996604919
1341846318.078074 0.042436346 0.047593728 -0.057049047 0.061430488 0.002615334 0.047666799 0.996969104
1341846318.109894 0.102718048 0.042163666 -0.051535368 0.059613813 -0.013198378 0.044775259 0.997129500
1341846318.145957 0.117640287 0.037961714 -0.042340361 0.058584783 -0.018932628 0.041153762 0.997254074
1341846318.178001 0.122986853 0.037496231 -0.041411389 0.057949029 -0.020499444 0.038401816 0.997370064
1341846318.214074 0.149932697 0.031912021 -0.039919235 0.057688281 -0.027771309 0.036615815 0.997276366
1341846318.245970 0.169162065 0.038285404 -0.037464477 0.061925650 -0.037947562 0.038170978 0.996628404
1341846318.278018 0.184172794 0.038702618 -0.033328351 0.065689832 -0.046607576 0.037071299 0.996061385
1341846318.313937 0.200020358 0.046839032 -0.035434663 0.068396963 -0.057271782 0.037881400 0.995292306
1341846318.345989 0.202777058 0.057380456 -0.029414782 0.071999997 -0.068013765 0.037894394 0.994361222
1341846318.382046 0.209863961 0.059809927 -0.025019731 0.074525490 -0.077257246 0.037149306 0.993527651
1341846318.414072 0.204226449 0.057757784 -0.019494912 0.075720467 -0.085076272 0.038968492 0.992728531
1341846318.446035 0.218386889 0.069057211 -0.023752628 0.079941586 -0.094620578 0.039541878 0.991510391
1341846318.482196 0.210362643 0.065667048 -0.025063977 0.080165021 -0.096308105 0.040751535 0.991280854
1341846318.514144 0.219163895 0.063699462 -0.019300392 0.079757318 -0.100667752 0.041481633 0.990850151
1341846318.546259 0.219455063 0.068337843 -0.016973428 0.082460292 -0.102796607 0.042341761 0.990373850
1341846318.582042 0.215775013 0.065927006 -0.025004819 0.082773864 -0.102988400 0.043193989 0.990290999
1341846318.614115 0.210114866 0.060741797 -0.033379875 0.081604607 -0.104078680 0.041964825 0.990326881
1341846318.650038 0.203339875 0.046442561 -0.033842508 0.079057194 -0.104755364 0.038056221 0.990620077
1341846318.682350 0.188218504 0.050299156 -0.035119407 0.079732426 -0.103988707 0.040170029 0.990563214
1341846318.714063 0.166771501 0.037538763 -0.035696652 0.076767147 -0.102390997 0.039005268 0.991010368
1341846318.749905 0.164388180 0.037629951 -0.049321432 0.078498594 -0.103370965 0.042091239 0.990646660
1341846318.782036 0.143618777 0.029833186 -0.058312103 0.078469627 -0.102549046 0.043922916 0.990654886
1341846318.814121 0.141288325 0.030959416 -0.067249142 0.078839645 -0.109641694 0.041130349 0.989985526
1341846318.850072 0.120155193 0.026590176 -0.067231603 0.079253428 -0.113316521 0.039231081 0.989615679
1341846318.883516 0.103378288 0.030209858 -0.081414215 0.083743282 -0.119185276 0.036093105 0.988675535
1341846318.918047 0.092203245 0.034260992 -0.077024236 0.086807817 -0.131821796 0.036367092 0.986795306
1341846318.950044 0.086826868 0.032324098 -0.081530467 0.088899367 -0.140463725 0.032542028 0.985549569
1341846318.982028 0.083594926 0.031955879 -0.087218009 0.090231284 -0.144100234 0.030607168 0.984965324
1341846319.018123 0.077468425 0.030162618 -0.086848915 0.089310192 -0.150400639 0.031934772 0.984064817
1341846319.050745 0.070303470 0.024739154 -0.069672406 0.091126204 -0.156292871 0.030576780 0.983022690
1341846319.081905 0.049148768 0.028752368 -0.081057169 0.097316653 -0.152271777 0.028255083 0.983129919
1341846319.117976 0.031036681 0.032349471 -0.098850071 0.099031843 -0.150789112 0.034472801 0.982988775
1341846319.150093 -0.002443152 0.031264458 -0.096581742 0.100701436 -0.150755301 0.039194815 0.982647359
1341846319.186069 -0.032457992 0.027082073 -0.100315280 0.100271724 -0.146652788 0.038443070 0.983341575
1341846319.218149 -0.062754251 0.036172144 -0.109045357 0.098449729 -0.139083281 0.037707090 0.984653056
1341846319.250034 -0.096425861 0.033049356 -0.107695743 0.093004398 -0.129510179 0.038245950 0.986465693
1341846319.286594 -0.131226078 0.028466024 -0.106334947 0.090871520 -0.122348107 0.043341555 0.987367630
1341846319.318034 -0.174307778 0.024941349 -0.107508771 0.091498315 -0.116059266 0.046265300 0.987936139
1341846319.350268 -0.210221767 0.020176936 -0.108948737 0.091567986 -0.111801714 0.054851681 0.987981260
1341846319.386163 -0.255698502 0.016984858 -0.111296773 0.093519419 -0.109358735 0.062322725 0.987628818
1341846319.418386 -0.297145844 0.019089293 -0.126570344 0.095386818 -0.108300082 0.063326508 0.987503052
1341846319.453961 -0.334780067 0.022238640 -0.149451420 0.096378133 -0.104351223 0.059901677 0.988045514
1341846319.486271 -0.357992887 0.023571298 -0.157089099 0.095543079 -0.102359772 0.060841247 0.988277435
1341846319.554083 -0.325085998 0.019743431 -0.144437730 0.089288697 -0.116238974 0.062640987 0.987214327
1341846319.586296 -0.351585835 0.010596878 -0.152480990 0.088233456 -0.112465166 0.060917456 0.987854004
1341846319.622031 -0.367983818 0.006003398 -0.163597345 0.086096436 -0.114488512 0.060831375 0.987815440
1341846319.653962 -0.387716562 -0.000626686 -0.148007229 0.085275166 -0.117300473 0.058649529 0.987688720
1341846319.686352 -0.389490604 -0.002882291 -0.149515733 0.086392522 -0.122055158 0.060814492 0.986884236
1341846319.721992 -0.390035123 0.003795271 -0.151913151 0.087798186 -0.127095252 0.063731641 0.985939443
1341846319.754063 -0.390838444 0.028461017 -0.166046128 0.087698728 -0.130021125 0.064174235 0.985538006
1341846319.786397 -0.411722094 0.024292734 -0.161649659 0.082959935 -0.127154738 0.067071624 0.986129165
1341846319.822008 -0.421858996 0.031682324 -0.156253099 0.081026003 -0.127315953 0.072191015 0.985907674
1341846319.853917 -0.420632660 0.041745879 -0.149760291 0.077711575 -0.129275441 0.076044731 0.985629737
1341846319.889942 -0.427658349 0.034765773 -0.129654959 0.074545443 -0.129265174 0.081526078 0.985437453
1341846319.922039 -0.465304285 0.009623598 -0.142482281 0.070978038 -0.127836600 0.082337953 0.985819697
1341846319.953946 -0.451884627 0.000148995 -0.138025701 0.070657194 -0.135909334 0.078096554 0.985107660
1341846319.990054 -0.433422893 0.017497431 -0.125064567 0.075674623 -0.141899258 0.072227940 0.984337986
1341846320.028122 -0.460227817 0.005357204 -0.147034928 0.076342076 -0.141111940 0.070518069 0.984523475
1341846320.090047 -0.415738195 0.024502955 -0.135002121 0.083365850 -0.154993057 0.069985040 0.981900990
1341846320.122011 -0.403412521 0.021792037 -0.143172979 0.083045781 -0.153609321 0.070439778 0.982113004
1341846320.157952 -0.385507315 0.021491572 -0.134072661 0.083286636 -0.152863100 0.070121676 0.982231796
1341846320.190003 -0.376721650 0.007316565 -0.133779928 0.083921954 -0.149266675 0.066013433 0.983015239
1341846320.221941 -0.373878837 0.016681582 -0.135143802 0.089247011 -0.146132216 0.067415722 0.982921958
1341846320.258015 -0.359675050 0.006298318 -0.131917670 0.091942713 -0.146746919 0.069674492 0.982424200
1341846320.289887 -0.291682005 -0.004478136 -0.129676327 0.094884485 -0.156712309 0.070962369 0.980511367
1341846320.321954 -0.223000869 -0.008555201 -0.137617543 0.101443253 -0.166426152 0.070293799 0.978299737
1341846320.357890 -0.213117778 0.030836694 -0.120085545 0.112532645 -0.166622415 0.068988629 0.977145851
1341846320.390064 -0.158129513 0.010875402 -0.123511322 0.110484123 -0.168681994 0.065660723 0.977255523
1341846320.426544 -0.135285348 0.011354724 -0.119732931 0.113447018 -0.163438842 0.059951387 0.978173494
1341846320.458122 -0.063501246 0.013531484 -0.103935115 0.114488259 -0.165798366 0.056750149 0.977846026
1341846320.490186 0.015419947 0.015861338 -0.087529622 0.117804430 -0.169311866 0.055961672 0.976895034
1341846320.525911 0.078212477 0.023925524 -0.073688447 0.122422367 -0.169718757 0.054724883 0.976326525
1341846320.558091 0.104819670 0.034301143 -0.076466233 0.124683879 -0.167450607 0.048550017 0.976758480
1341846320.594093 0.128063291 0.037289653 -0.065543108 0.126665533 -0.163978413 0.041802775 0.977404475
1341846320.631955 0.174069181 0.034109902 -0.059553877 0.128761157 -0.162342310 0.040938400 0.977440298
1341846320.664916 0.214376852 0.043292694 -0.047361046 0.129587263 -0.165416017 0.041850619 0.976776958
1341846320.699927 0.267334968 0.044645716 -0.033294670 0.130528674 -0.167868987 0.036509249 0.976447284
1341846320.731822 0.314833015 0.044357572 -0.011166950 0.132065415 -0.167320877 0.035437483 0.976374209
1341846320.763877 0.362265378 0.057236508 0.008934096 0.131121874 -0.173488602 0.037919883 0.975331128
1341846320.799999 0.386995971 0.040704444 0.015230196 0.123682983 -0.176445037 0.030201990 0.976041734
1341846320.831871 0.397238910 0.049099956 0.006314633 0.126957342 -0.165713772 0.019834334 0.977766573
1341846320.863887 0.408908546 0.072386786 0.022068992 0.128395841 -0.161142215 0.028658545 0.978123903
1341846320.900014 0.434330940 0.070435300 0.052632749 0.123742320 -0.168634132 0.026660126 0.977517068
1341846320.931889 0.471249491 0.054665267 0.053309128 0.123050734 -0.170466274 0.020776702 0.977429330
1341846320.967866 0.510063231 0.061889827 0.042341251 0.121460624 -0.170785978 0.021604313 0.977554500
1341846321.000017 0.528904378 0.052214086 0.063166432 0.114907213 -0.173194185 0.019826438 0.977960646
1341846321.031860 0.569608867 0.043938011 0.081706114 0.112391740 -0.176927269 0.015029098 0.977670193
1341846321.068047 0.614416897 0.048269421 0.090909347 0.113341600 -0.180075258 0.014075090 0.976999760
1341846321.099840 0.638921201 0.050447732 0.122123688 0.111134529 -0.183023259 0.015259198 0.976687670
1341846321.131821 0.684786379 0.045085959 0.143186912 0.111591920 -0.186864525 0.012520836 0.975946784
1341846321.167887 0.715986311 0.056377921 0.167854711 0.115665853 -0.187649801 0.015573296 0.975277662
1341846321.200042 0.762199998 0.065053366 0.189788878 0.117160417 -0.192190856 0.016681511 0.974196017
1341846321.231950 0.753511190 0.067417294 0.192761615 0.117991976 -0.188822329 0.013902060 0.974797785
1341846321.267939 0.780110955 0.069129273 0.187872395 0.119100951 -0.188670933 0.007982153 0.974758744
1341846321.299948 0.783231914 0.067802645 0.199448138 0.119003691 -0.184100896 0.001384261 0.975675702
1341846321.331858 0.776694417 0.068615511 0.207301691 0.120638326 -0.180225700 -0.002118863 0.976197004
1341846321.367913 0.815383554 0.053866085 0.222556099 0.121518657 -0.182349980 -0.007702187 0.975665092
1341846321.399897 0.817084074 0.060839977 0.216863602 0.124070443 -0.176633045 -0.009170488 0.976382732
1341846321.435994 0.817648292 0.063271143 0.230878711 0.126834214 -0.173418179 -0.009426804 0.976601422
1341846321.467946 0.848517001 0.072206274 0.243341789 0.130084470 -0.174442530 -0.008029786 0.976003766
1341846321.499882 0.865963459 0.076418325 0.254675061 0.132373154 -0.173498124 -0.008727308 0.975858390
1341846321.536109 0.905668736 0.079072930 0.257512957 0.133008167 -0.172072515 -0.012372584 0.975985050
1341846321.568960 0.911097646 0.094746888 0.276709706 0.132692337 -0.166654438 -0.014341280 0.976940870
1341846321.603938 0.909822881 0.083775803 0.281643927 0.128955439 -0.163773790 -0.015570337 0.977909148
1341846321.637163 0.923521578 0.081152320 0.286496520 0.126448721 -0.159415007 -0.018007096 0.978914380
1341846321.668306 0.882649958 0.118797049 0.300495267 0.127728313 -0.146143034 -0.014708738 0.980872750
1341846321.704411 0.867283583 0.101222366 0.300112277 0.120684043 -0.144138604 -0.007735360 0.982140362
1341846321.736861 0.880687535 0.105749592 0.312310368 0.119396031 -0.147847772 -0.000445121 0.981776655
1341846321.771881 0.895809412 0.130797669 0.315809578 0.118839011 -0.148540452 0.003487291 0.981733620
1341846321.804114 0.938275635 0.130262688 0.317979932 0.114173405 -0.152275875 0.006594753 0.981699049
1341846321.836152 0.936299264 0.135584310 0.320273399 0.112034857 -0.149182618 0.004793998 0.982430577
1341846321.871882 0.936721802 0.157814160 0.327385455 0.110602714 -0.147507146 0.001999563 0.982855380
1341846321.904074 0.936609924 0.140586704 0.327312648 0.102472834 -0.145337775 -0.002784760 0.984057188
1341846321.939847 0.946949840 0.131644815 0.333386242 0.097968765 -0.143482119 -0.006369687 0.984771311
1341846322.004094 0.936278522 0.128922403 0.334225953 0.091403008 -0.144358143 -0.007792292 0.985264182
1341846322.066178 0.948958933 0.105893299 0.336761236 0.084509961 -0.139544144 -0.012684553 0.986521482
1341846322.107979 0.949527502 0.084621884 0.338631749 0.080784149 -0.138210282 -0.014001874 0.987003505
1341846322.166164 0.950490355 0.053057805 0.337608725 0.080989957 -0.139175877 -0.012914572 0.986865759
1341846322.202932 0.949116766 0.051155049 0.333092123 0.082775235 -0.140487924 -0.013076761 0.986529529
1341846322.234093 0.957823753 0.044682413 0.333166003 0.080695890 -0.143402383 -0.013636520 0.986274779
1341846322.265941 0.953076303 0.034884542 0.334652811 0.077710360 -0.145696610 -0.013516229 0.986180007
1341846322.301996 0.977281332 -0.006170211 0.335415781 0.070924297 -0.150578424 -0.013315577 0.985960782
1341846322.333949 0.970982969 -0.021380339 0.323912978 0.068587929 -0.151388079 -0.013460284 0.986000121
1341846322.369871 0.981382668 -0.043491341 0.336993754 0.067882806 -0.158331230 -0.015844120 0.984922409
1341846322.402292 0.991108298 -0.073724017 0.339585572 0.067689739 -0.157104298 -0.022163812 0.985010207
1341846322.433955 0.978180230 -0.091984265 0.332751393 0.071964763 -0.154977053 -0.023624038 0.985010207
1341846322.470030 0.966794372 -0.083031788 0.338708580 0.081653506 -0.158169076 -0.018210486 0.983861625
1341846322.502433 0.972720861 -0.111210421 0.340853631 0.084350735 -0.161525831 -0.013251250 0.983167708
1341846322.534002 0.971305430 -0.158000082 0.347435176 0.086681381 -0.161547571 -0.011367363 0.982985020
1341846322.570196 0.972238004 -0.166231781 0.338933736 0.095449120 -0.162109464 -0.006888137 0.982121468
1341846322.601920 0.958359540 -0.175184071 0.324178308 0.100046694 -0.163105190 -0.004087506 0.981514513
1341846322.638119 0.972597837 -0.181023657 0.341902256 0.106113032 -0.167973265 -0.004373371 0.980054021
1341846322.669947 1.003807902 -0.175903976 0.342361152 0.112640299 -0.168519601 -0.002924723 0.979236841
1341846322.702026 0.999705374 -0.185297132 0.341388047 0.114745758 -0.167376354 0.001343303 0.979191899
1341846322.738006 0.989480317 -0.164685994 0.341249198 0.119788863 -0.168175310 0.002690554 0.978447974
1341846322.770087 1.008173704 -0.213897824 0.354541332 0.114477679 -0.170190975 0.002322170 0.978736162
1341846322.806047 1.003959775 -0.235291988 0.349243760 0.115434058 -0.170177057 0.006588759 0.978606880
1341846322.838063 1.007327914 -0.242035896 0.346703380 0.115878493 -0.175426856 0.009967855 0.977598250
1341846322.870081 1.003317595 -0.263640255 0.352417409 0.116136082 -0.179586217 0.010591825 0.976805568
1341846322.906018 1.007779360 -0.261223048 0.361731678 0.121851251 -0.181392178 0.011906990 0.975759923
1341846322.938349 1.014050364 -0.244507208 0.368473679 0.124266252 -0.181693882 0.012572287 0.975390792
1341846322.970069 1.000163794 -0.239743710 0.363373101 0.120764665 -0.179782987 0.013643538 0.976170003
1341846323.011820 1.018202424 -0.279733270 0.372294784 0.113573939 -0.182159916 0.014062504 0.976586401
1341846323.073951 1.011181235 -0.269115537 0.368051022 0.112353221 -0.181150466 0.017434457 0.976860940
1341846323.105962 0.994598150 -0.298728704 0.372631758 0.107153594 -0.179020137 0.015702058 0.977866709
1341846323.138158 1.004776716 -0.305216461 0.372442752 0.107501797 -0.180355757 0.013263054 0.977619171
1341846323.174092 1.002158523 -0.301806837 0.375502318 0.106316313 -0.181138784 0.011293653 0.977628827
1341846323.206059 1.019890428 -0.312301636 0.379849792 0.103432752 -0.183118731 0.009104927 0.977592111
1341846323.238053 1.025393009 -0.315458208 0.379885077 0.100724593 -0.180255413 0.007636228 0.978419244
1341846323.273997 1.004232526 -0.310089856 0.378822505 0.097831041 -0.179113463 0.007513606 0.978923380
1341846323.305946 1.007996202 -0.315171897 0.381092280 0.093414403 -0.182867169 0.007146033 0.978663504
1341846323.342027 1.046759009 -0.346625000 0.387107611 0.089097820 -0.184954852 0.005251687 0.978685737
1341846323.374048 1.021576285 -0.344856888 0.379257172 0.090458937 -0.179468989 0.007942541 0.979563713
1341846323.405987 1.027186036 -0.346217036 0.376183093 0.090474948 -0.185697317 0.013302970 0.978342414
1341846323.441956 1.003113985 -0.401589036 0.385511965 0.083642378 -0.185235575 0.011873186 0.979056120
1341846323.473878 1.007109523 -0.424180895 0.379205585 0.086280197 -0.183619142 0.010879236 0.979143202
1341846323.506129 1.020104766 -0.402550578 0.380090237 0.091967955 -0.186533153 0.010428119 0.978079021
1341846323.541972 1.028948665 -0.393034846 0.390361786 0.092563070 -0.187364683 0.008401629 0.977883458
1341846323.573913 1.034426332 -0.401385754 0.380061448 0.094433293 -0.181722865 0.001689307 0.978803515
1341846323.609927 1.021554351 -0.400255650 0.381033063 0.095900826 -0.175112247 -0.000057471 0.979866683
1341846323.642014 1.016950488 -0.437659830 0.382185280 0.089684583 -0.174212113 0.000389624 0.980615497
1341846323.674081 1.015859962 -0.443778336 0.378156811 0.089223668 -0.175674036 0.004496707 0.980386436
1341846323.710069 1.015128613 -0.452222824 0.374834001 0.092220835 -0.177105546 0.007009328 0.979836643
1341846323.742111 1.011872172 -0.472784102 0.382806718 0.094548993 -0.179254442 0.007259697 0.979222000
1341846323.774928 1.013762951 -0.483913869 0.376259357 0.095957942 -0.180960357 0.005237087 0.978783965
1341846323.810012 1.012141824 -0.474380106 0.376225948 0.100654885 -0.181838483 0.001547738 0.978162050
1341846323.842207 1.021118045 -0.479250461 0.374449939 0.102502167 -0.182861313 -0.002110300 0.977778375
1341846323.878019 1.015073538 -0.503901541 0.371432245 0.101501130 -0.183220819 -0.006249877 0.977797866
1341846323.909826 1.007876039 -0.520547509 0.364996046 0.104549900 -0.183164239 -0.010212130 0.977453828
1341846323.942459 1.023841023 -0.525808454 0.372300208 0.106763765 -0.186209008 -0.007242097 0.976665378
1341846323.978055 1.003231287 -0.494596034 0.380936056 0.115120679 -0.187707543 -0.006643517 0.975432754
1341846324.015934 1.019640088 -0.522329807 0.367673844 0.114369437 -0.190122694 -0.005667651 0.975059450
1341846324.047722 1.021930933 -0.503791094 0.376023561 0.119686924 -0.188863099 -0.005068384 0.974669218
1341846324.083904 1.014235735 -0.493659258 0.374801785 0.119948998 -0.186590672 -0.006896766 0.975063384
1341846324.115968 1.013117433 -0.486138642 0.375028491 0.119284131 -0.184602901 -0.009425716 0.975502014
1341846324.151967 1.004884362 -0.492130101 0.377984166 0.117902219 -0.180788890 -0.015147756 0.976311922
1341846324.183941 1.004583359 -0.460102826 0.377735227 0.119459644 -0.176905975 -0.018706359 0.976772130
1341846324.219984 1.003127933 -0.479998648 0.379705399 0.110941134 -0.175457731 -0.017220922 0.978064477
1341846324.251968 1.003928065 -0.475391626 0.376612782 0.111179359 -0.175645202 -0.017602790 0.977997005
1341846324.284052 0.993282199 -0.474031121 0.375273108 0.110679224 -0.175418049 -0.020607227 0.978035748
1341846324.319880 0.993394017 -0.433970809 0.376495957 0.113533117 -0.179241776 -0.020107614 0.977025211
1341846324.351917 0.981486976 -0.431351840 0.377832800 0.107850000 -0.180026725 -0.022909559 0.977463067
1341846324.388001 0.989259303 -0.430781990 0.375223398 0.104007699 -0.180285811 -0.028393872 0.977687716
1341846324.419908 0.978126287 -0.414052457 0.375359029 0.100735486 -0.176633179 -0.032529730 0.978567839
1341846324.452027 1.000934243 -0.400527090 0.380057573 0.098510563 -0.179999202 -0.030960415 0.978231847
1341846324.487928 1.001401305 -0.382650346 0.384074956 0.098369084 -0.180720836 -0.027744690 0.978209496
1341846324.519985 0.990010381 -0.384294450 0.375169486 0.093736760 -0.181659520 -0.023089278 0.978611350
1341846324.556001 0.995120406 -0.359619439 0.373900414 0.093017422 -0.187135503 -0.019364603 0.977728546
1341846324.587888 0.984087765 -0.359795123 0.377964586 0.087521777 -0.188491210 -0.019808687 0.977966547
1341846324.620086 1.000373602 -0.348928720 0.373072624 0.087059103 -0.192645222 -0.023219159 0.977123082
1341846324.655955 1.007465243 -0.321903497 0.382262200 0.087970555 -0.194396228 -0.021856362 0.976725996
1341846324.688082 1.004006028 -0.323793530 0.385417759 0.086390421 -0.194482282 -0.020842284 0.976872027
1341846324.755922 0.992493629 -0.252276152 0.388022453 0.093191110 -0.197462052 -0.017711570 0.975710273
1341846324.814016 1.002703667 -0.222742140 0.381247580 0.089480191 -0.201946318 -0.025686413 0.974962175
1341846324.849979 0.997221589 -0.198834777 0.387459517 0.086746350 -0.198799253 -0.027163794 0.975815594
1341846324.881924 0.982722640 -0.197869927 0.379992545 0.082732216 -0.198523790 -0.026062615 0.976250231
1341846324.913902 0.982075334 -0.190772086 0.378655672 0.081576705 -0.199181482 -0.025075559 0.976239324
1341846324.949999 0.968925655 -0.187574103 0.382815450 0.081872188 -0.197865874 -0.021885466 0.976558864
1341846324.981922 0.974319577 -0.174758211 0.376234204 0.086307772 -0.201969504 -0.016519409 0.975441635
1341846325.018013 0.978782892 -0.158399805 0.373898685 0.091191217 -0.207372367 -0.014366736 0.973896563
1341846325.050079 0.961983681 -0.128575444 0.375640482 0.095933445 -0.210368514 -0.017390894 0.972748399
1341846325.081901 0.974505544 -0.114573844 0.369665295 0.095209561 -0.216369078 -0.019755185 0.971457303
1341846325.118531 0.975094497 -0.094016805 0.363546133 0.092853874 -0.216310084 -0.022399144 0.971641123
1341846325.149933 0.983187735 -0.082675286 0.372610539 0.089207299 -0.215476900 -0.023817616 0.972133994
1341846325.181925 0.972029626 -0.077683657 0.372062624 0.085763760 -0.212940499 -0.021276077 0.973061323
1341846325.218055 0.965118229 -0.063679010 0.373486102 0.083499499 -0.212032929 -0.018661151 0.973509967
1341846325.249811 0.969163299 -0.051883448 0.377429008 0.082003318 -0.213137358 -0.015607848 0.973449707
1341846325.285925 0.976879001 -0.038261618 0.383340925 0.079693526 -0.214929536 -0.013107073 0.973284423
1341846325.317988 0.990580857 -0.048832893 0.386584520 0.075853966 -0.213809714 -0.012936587 0.973839998
1341846325.349844 0.980433464 -0.048287906 0.388881624 0.078454077 -0.207930967 -0.008651080 0.974953771
1341846325.387302 0.986570537 -0.020756498 0.398403466 0.086107008 -0.206986427 -0.005735281 0.974530339
1341846325.417931 1.019438028 -0.011723373 0.397010922 0.089467794 -0.205473065 -0.002143816 0.974562347
1341846325.450747 1.019730806 -0.004846457 0.408065349 0.095307402 -0.198185757 -0.000011435 0.975519836
1341846325.485954 0.985935450 0.014796913 0.407849699 0.104546510 -0.187928364 0.003837509 0.976595223
1341846325.517875 0.981638193 0.038921803 0.398131698 0.110767707 -0.184580564 0.005062274 0.976542354
1341846325.553859 0.978547692 0.043673269 0.397578537 0.114012703 -0.180458903 0.004840926 0.976940274
1341846325.585855 0.970285833 0.082219340 0.397743136 0.120927006 -0.176262021 0.003209561 0.976881862
1341846325.617990 0.964573622 0.102809437 0.390288591 0.119208775 -0.173291117 0.001613873 0.977628171
1341846325.653982 0.956909955 0.075714275 0.388266474 0.114228301 -0.170392856 -0.001873396 0.978731155
1341846325.685819 0.943901002 0.088793337 0.391272008 0.121233515 -0.167143494 0.000249899 0.978450596
1341846325.717857 0.946291745 0.112360880 0.396858782 0.126945436 -0.167351857 0.008099592 0.977656662
1341846325.754083 0.947142959 0.112748727 0.393152267 0.128457561 -0.167700887 0.012229102 0.977356374
1341846325.786087 0.945852518 0.121063292 0.395433694 0.135158628 -0.167095527 0.014758030 0.976521134
1341846325.821856 0.948293626 0.159346506 0.395539761 0.143047914 -0.165572047 0.016948132 0.975620866
1341846325.853827 0.937070727 0.170808166 0.395951807 0.144184977 -0.164469466 0.020938074 0.975562453
1341846325.885958 0.926591694 0.203932345 0.396900177 0.147966638 -0.166711092 0.026291428 0.974485517
1341846325.921984 0.921805203 0.205579907 0.406141549 0.146162137 -0.169818640 0.029772142 0.974121153
1341846325.953899 0.944396019 0.205396101 0.418819338 0.147451743 -0.172503963 0.031843793 0.973389149
1341846325.985823 0.945748866 0.248825878 0.430846691 0.155338332 -0.170586735 0.038552042 0.972257137
1341846326.021991 0.940508604 0.245335788 0.416157067 0.155855536 -0.170154303 0.043011084 0.972063065
1341846326.054055 0.941236138 0.264477670 0.418221384 0.161729977 -0.170776755 0.047314521 0.970793545
1341846326.089984 0.963582337 0.302726090 0.420897901 0.167957410 -0.171925738 0.047897253 0.969503820
1341846326.121822 0.967069924 0.326135278 0.440420955 0.170782074 -0.169386297 0.047787409 0.969462872
1341846326.154079 0.948684573 0.335316539 0.438427120 0.172413081 -0.164357349 0.047127843 0.970071852
1341846326.190178 0.942613482 0.360156745 0.440174252 0.177248150 -0.164277956 0.049315378 0.969104648
1341846326.222162 0.929966807 0.411082566 0.455350667 0.182280943 -0.165434808 0.055478636 0.967639983
1341846326.259181 0.932847202 0.423598766 0.463743210 0.179016456 -0.169293717 0.059189558 0.967362106
1341846326.322766 0.953579962 0.474839032 0.482522547 0.176912323 -0.173268318 0.059258759 0.967041135
1341846326.359773 0.959060788 0.480419934 0.484191328 0.173595920 -0.172310933 0.055995230 0.968007267
1341846326.392109 0.942533374 0.485617310 0.488429576 0.173745528 -0.167714953 0.055932377 0.968790889
1341846326.423985 0.924783170 0.483386993 0.489281178 0.175839856 -0.165163592 0.062088754 0.968476295
1341846326.459869 0.931050956 0.537849188 0.507220805 0.184024006 -0.170135185 0.066933841 0.965768635
1341846326.526163 0.955737114 0.609902918 0.534525216 0.192252412 -0.172897205 0.068983607 0.963528335
1341846326.560211 0.956975996 0.632562399 0.541525722 0.189945474 -0.169753954 0.069880895 0.964479625
1341846326.591828 0.940081239 0.637004137 0.536167622 0.186527789 -0.164718762 0.070254050 0.965991497
1341846326.627027 0.934417188 0.652006269 0.541841626 0.187938750 -0.162164032 0.069545202 0.966201544
1341846326.658442 0.945252836 0.654626429 0.536929905 0.183199048 -0.159080431 0.067489706 0.967768908
1341846326.694856 0.933333814 0.665545225 0.542909741 0.179304183 -0.155085087 0.068821512 0.969052315
1341846326.726206 0.925464213 0.676729321 0.534445941 0.173434511 -0.151707202 0.066727772 0.970800161
1341846326.762753 0.925891876 0.689209402 0.524993718 0.167326733 -0.147651076 0.063459851 0.972714722
1341846326.826821 0.920545638 0.689810395 0.548328280 0.149458364 -0.142341226 0.056549735 0.976833284
1341846326.858887 0.922387064 0.657099009 0.553251505 0.135871619 -0.141681448 0.054020233 0.979054153
1341846326.895360 0.897411883 0.671956956 0.561244667 0.136611730 -0.139546916 0.053957056 0.979261279
1341846326.926897 0.896686614 0.673746347 0.558728516 0.136943907 -0.143118963 0.055862349 0.978592277
1341846326.958888 0.908699155 0.672647297 0.563668370 0.136336699 -0.146605819 0.059272837 0.977959991
1341846326.994594 0.934501767 0.681482434 0.565562487 0.135262668 -0.150447339 0.061656658 0.977378190
1341846327.026301 0.914101839 0.684423447 0.552890360 0.131701335 -0.144659296 0.059243176 0.978886485
1341846327.063945 0.878143370 0.710505128 0.530810177 0.133841127 -0.135243297 0.054464065 0.980219126
1341846327.094662 0.914085865 0.698081076 0.563793600 0.129895866 -0.140484437 0.053124361 0.980086207
1341846327.128901 0.904700220 0.692550778 0.559725523 0.126350626 -0.139043272 0.052078366 0.980811119
1341846327.161940 0.893899620 0.703206241 0.562671959 0.125356123 -0.138160273 0.051571891 0.981090188
1341846327.193867 0.901391387 0.683346987 0.559495270 0.119564377 -0.136803508 0.048452798 0.982161641
1341846327.229885 0.875160217 0.696819186 0.542116463 0.121336021 -0.128043309 0.045417119 0.983269989
1341846327.262014 0.821999311 0.706755042 0.516751826 0.121754602 -0.112048276 0.040129710 0.985398710
1341846327.294023 0.788467765 0.711424887 0.495880157 0.125388309 -0.094065487 0.033342700 0.987075329
1341846327.330015 0.737075448 0.712128639 0.477336645 0.125368118 -0.072967611 0.030416679 0.988955736
1341846327.361939 0.722215116 0.714363396 0.459084392 0.121121511 -0.065542080 0.024073906 0.990178943
1341846327.393887 0.684832454 0.717332900 0.444115609 0.120107591 -0.056465935 0.018160094 0.990987360
1341846327.429966 0.669047117 0.724859297 0.415855885 0.115054667 -0.054224014 0.013240131 0.991789758
1341846327.461965 0.650442719 0.710888028 0.400534004 0.102691084 -0.055443142 0.006485060 0.993145823
1341846327.497931 0.607892275 0.696330786 0.402575254 0.095375076 -0.048580315 0.000652246 0.994255066
1341846327.530068 0.565138817 0.703063846 0.388005972 0.092678174 -0.040484589 0.002415813 0.994869828
1341846327.561895 0.496754467 0.698354900 0.389190197 0.088077687 -0.032399174 0.007616313 0.995557487
1341846327.598010 0.435080677 0.701131403 0.384901166 0.089332744 -0.024039967 0.009341442 0.995667875
1341846327.629945 0.405196458 0.705691934 0.369527340 0.086968243 -0.023629066 0.006155849 0.995911837
1341846327.662003 0.374286383 0.694552302 0.367246538 0.084636353 -0.021454981 0.003598107 0.996174395
1341846327.697919 0.337621868 0.703781307 0.351619661 0.085942850 -0.015733039 0.004681278 0.996164858
1341846327.730075 0.293234289 0.706524491 0.338199943 0.078488559 -0.008655668 0.004399672 0.996867716
1341846327.766017 0.247779116 0.714166641 0.335177213 0.074466802 -0.000577755 0.004069621 0.997215033
1341846327.797917 0.274296999 0.723869383 0.337785184 0.068743899 -0.005587439 0.005065004 0.997605860
1341846327.830054 0.268472910 0.728362978 0.338006109 0.062398430 -0.004351529 0.003205298 0.998036742
1341846327.865944 0.252848715 0.721369028 0.330930680 0.056072399 -0.000006296 0.002876918 0.998422563
1341846327.898010 0.219700128 0.739884675 0.331622183 0.055148203 0.006790919 0.003326208 0.998449624
1341846327.929991 0.223760948 0.746667206 0.332811505 0.050202705 0.004889549 0.001046818 0.998726547
1341846327.966065 0.224251881 0.751664817 0.328531742 0.044918485 0.005651803 -0.001158653 0.998974025
1341846327.998073 0.222175285 0.757371485 0.327058405 0.037750971 0.007481372 -0.003850833 0.999251783
1341846328.034045 0.231133014 0.770963073 0.333689779 0.033424970 0.006878313 -0.005129981 0.999404371
1341846328.065993 0.217796788 0.771761060 0.338775456 0.028448150 0.010045859 -0.005695848 0.999528587
1341846328.098045 0.220206782 0.760181785 0.338376641 0.026922172 0.010181011 -0.004617266 0.999575019
1341846328.133967 0.210025966 0.763207912 0.335601896 0.030325899 0.010326445 -0.000741105 0.999486446
1341846328.166023 0.224523902 0.749259531 0.326352388 0.027034797 0.004191259 0.001341987 0.999624848
1341846328.198018 0.218352303 0.731796861 0.325165004 0.025559852 0.002772964 -0.001732334 0.999667943
1341846328.234044 0.201843768 0.725555360 0.326213151 0.029167436 0.004121777 -0.003434089 0.999560177
1341846328.265899 0.216659918 0.721111059 0.323930651 0.032123316 -0.000790339 -0.001876996 0.999481857
1341846328.302051 0.219609499 0.722298741 0.325698048 0.038586006 -0.001658287 -0.001213623 0.999253213
1341846328.333917 0.186959192 0.709355474 0.326134115 0.041897804 0.003527750 0.001584243 0.999114454
1341846328.366008 0.168654755 0.696956575 0.338903517 0.048458930 0.005278839 -0.000543865 0.998811066
1341846328.402010 0.187525824 0.703043103 0.338365316 0.066380955 0.002222674 0.003532792 0.997785628
1341846328.433920 0.155137300 0.698022306 0.327529550 0.070385970 0.006050325 0.003830110 0.997494161
1341846328.470003 0.179511607 0.678911686 0.333640575 0.071305297 0.000698009 -0.003748803 0.997447252
1341846328.502194 0.196479648 0.681523025 0.334818244 0.077977940 0.000535629 -0.011388753 0.996889889
1341846328.534033 0.189011872 0.682855487 0.337075233 0.083120391 0.004896834 -0.012491090 0.996449232
1341846328.570125 0.189016089 0.630562842 0.323663771 0.079136789 0.004921583 -0.010162044 0.996799827
1341846328.602804 0.160077989 0.611636937 0.322686493 0.085091956 0.003129849 -0.008168384 0.996334732
1341846328.672663 0.105483986 0.598702133 0.312598020 0.097454533 0.000018235 -0.008540746 0.995203316
1341846328.702975 0.090959333 0.585752010 0.317682892 0.100341000 -0.000617944 -0.010085039 0.994901836
1341846328.770129 0.105801649 0.562713265 0.303016245 0.110029489 -0.005949749 -0.011916171 0.993839085
1341846328.802331 0.115112849 0.554738522 0.312756628 0.112590544 -0.011127588 -0.011085760 0.993517339
1341846328.838051 0.117984086 0.555389762 0.308036983 0.119278185 -0.012979337 -0.015250233 0.992658913
1341846328.869939 0.104095988 0.566170037 0.295557261 0.120905586 -0.011378776 -0.015206619 0.992482305
1341846328.904486 0.098342180 0.557872176 0.300110996 0.118076213 -0.013432774 -0.015693307 0.992789686
1341846328.939814 0.114605494 0.513512015 0.284720123 0.117051251 -0.018279135 -0.017410614 0.992805004
1341846328.970217 0.114199877 0.506952941 0.280169278 0.119915314 -0.020653252 -0.011845501 0.992498636
1341846329.006232 0.114259124 0.510350108 0.281020492 0.123120472 -0.022941584 -0.008071948 0.992093742
1341846329.038243 0.117978126 0.496319294 0.282028943 0.127914250 -0.023995513 -0.008014190 0.991462529
1341846329.106125 0.118996151 0.510890484 0.273821175 0.134058386 -0.024443904 -0.010549797 0.990615785
1341846329.138340 0.123576224 0.499726057 0.271736085 0.136276856 -0.025980389 -0.012065716 0.990256548
1341846329.169991 0.126438990 0.495675206 0.270571351 0.137950256 -0.027715178 -0.011912107 0.989979625
1341846329.208656 0.115914114 0.509425938 0.262444049 0.142345741 -0.026181847 -0.015209846 0.989353776
1341846329.238169 0.111518115 0.495528162 0.255544633 0.139338896 -0.026208777 -0.014407966 0.989793003
1341846329.273827 0.109500006 0.479158640 0.251394272 0.136690140 -0.026906291 -0.013218516 0.990160167
1341846329.306052 0.109399475 0.490843147 0.248144075 0.139876083 -0.029279539 -0.015463793 0.989615262
1341846329.338104 0.101698197 0.471966863 0.243786857 0.133807495 -0.028741058 -0.018806810 0.990411937
1341846329.373907 0.106370345 0.465046525 0.241597682 0.132233232 -0.030199019 -0.019452151 0.990567565
1341846329.405985 0.111036986 0.472830534 0.243036106 0.136842325 -0.032429423 -0.023031346 0.989793956
1341846329.442057 0.110958569 0.467461973 0.240387365 0.135760456 -0.032439884 -0.026761135 0.989848793
1341846329.473950 0.108124278 0.453686982 0.234618470 0.134372666 -0.032965705 -0.032576680 0.989846468
1341846329.506147 0.110570058 0.460498869 0.231969953 0.136642009 -0.035189234 -0.034159176 0.989405811
1341846329.542121 0.106887564 0.451615512 0.231984824 0.134933338 -0.038058236 -0.034702558 0.989515185
1341846329.574086 0.116135947 0.432531118 0.230208963 0.136323199 -0.041641485 -0.036342289 0.989121437
1341846329.606387 0.110031337 0.434452206 0.223689660 0.139301807 -0.040768821 -0.037048321 0.988716543
1341846329.641955 0.091474034 0.416705966 0.214687958 0.136342049 -0.039530862 -0.036204956 0.989210486
1341846329.681570 0.100149833 0.415004641 0.217067286 0.137001261 -0.044007923 -0.036576353 0.988916695
1341846329.748113 0.106305115 0.405161709 0.213800669 0.138755694 -0.044618413 -0.038643658 0.988566041
1341846329.810175 0.101537675 0.395881474 0.212849140 0.139230713 -0.041157991 -0.033615198 0.988833129
1341846329.842255 0.092644654 0.375656813 0.206679970 0.138086706 -0.039885808 -0.030719219 0.989139795
1341846329.874044 0.077753909 0.352023274 0.202881500 0.136569425 -0.038170811 -0.027460532 0.989513874
1341846329.910073 0.087819323 0.360160619 0.204288125 0.137836650 -0.040004414 -0.024357889 0.989346981
1341846329.942009 0.089346983 0.384106219 0.205200851 0.138094440 -0.041476216 -0.019297473 0.989362121
1341846329.978087 0.089767411 0.365608335 0.206702739 0.136689186 -0.041832842 -0.019861875 0.989531040
1341846330.016305 0.095592633 0.390097588 0.201397866 0.141908765 -0.041272108 -0.021769425 0.988779366
1341846330.048192 0.085725650 0.395611584 0.202451706 0.137893796 -0.038584728 -0.018245852 0.989526987
1341846330.080418 0.081761867 0.381974250 0.196323499 0.134534314 -0.038038854 -0.017758315 0.990019381
1341846330.115886 0.081816308 0.352661103 0.192897692 0.134180576 -0.036825646 -0.016697951 0.990131617
1341846330.147839 0.081192538 0.377754629 0.195247009 0.138771653 -0.037465733 -0.014501644 0.989509225
1341846330.181257 0.096932709 0.368223816 0.190638855 0.130895227 -0.040647026 -0.011890522 0.990491271
1341846330.215852 0.089711241 0.369457990 0.189141601 0.126705259 -0.038075972 -0.012419567 0.991131544
1341846330.247833 0.082068793 0.356920689 0.184475377 0.123224713 -0.036717553 -0.013508693 0.991607308
1341846330.283913 0.091365620 0.345222116 0.179099351 0.116223402 -0.038775995 -0.013875792 0.992368937
1341846330.316011 0.087526217 0.355231196 0.184417665 0.113778278 -0.039166331 -0.013787260 0.992638111
1341846330.347868 0.076940387 0.349848598 0.181367800 0.111771196 -0.039247684 -0.014614826 0.992851079
1341846330.383835 0.093221694 0.348611653 0.184529796 0.110294759 -0.042000502 -0.014050390 0.992911696
1341846330.415934 0.086264513 0.326262623 0.181543857 0.107863583 -0.039977364 -0.016371643 0.993226707
1341846330.452561 0.073190838 0.340582192 0.180946544 0.113448605 -0.038864553 -0.017107647 0.992636085
1341846330.483903 0.061299104 0.335258484 0.175008297 0.111404017 -0.039313059 -0.014665559 0.992889047
1341846330.515970 0.076924905 0.318667054 0.172093585 0.108179227 -0.044434108 -0.011067277 0.993076265
1341846330.552099 0.078963906 0.323874414 0.170397028 0.110883228 -0.045937911 -0.009369276 0.992726982
1341846330.583876 0.076024070 0.340635687 0.171566442 0.112172440 -0.046082806 -0.009721336 0.992572069
1341846330.619992 0.082302384 0.340431094 0.160096273 0.106561534 -0.048274118 -0.011520449 0.993066788
1341846330.652136 0.104903415 0.327227294 0.159317285 0.098503664 -0.053128056 -0.011508931 0.993650854
1341846330.683796 0.124772541 0.290871531 0.154196173 0.087874778 -0.056136031 -0.013097574 0.994462371
1341846330.719991 0.096063629 0.310444444 0.146867678 0.090723366 -0.054797608 -0.011731605 0.994298220
1341846330.752103 0.069960453 0.305999994 0.143547505 0.091846891 -0.055475701 -0.007309349 0.994199812
1341846330.787952 0.085492224 0.311159015 0.135542065 0.092696495 -0.063447945 -0.002880742 0.993666649
1341846330.819823 0.086882822 0.305719048 0.137847260 0.091157727 -0.067630641 -0.004169443 0.993528605
1341846330.852208 0.104487337 0.314860702 0.133256093 0.090936944 -0.072121754 -0.003128800 0.993236721
1341846330.914111 0.097590305 0.322071105 0.133264393 0.081187338 -0.074148677 -0.004061558 0.993928671
1341846330.949903 0.075018518 0.339131773 0.128320664 0.083157301 -0.072306521 -0.005168707 0.993896365
1341846330.981986 0.085499600 0.336669385 0.119368158 0.082756877 -0.079173639 -0.005285235 0.993405759
1341846331.014111 0.072828554 0.302634150 0.119073816 0.075125344 -0.080603674 -0.004779154 0.993899584
1341846331.082139 0.089390174 0.301262826 0.114028208 0.076868549 -0.086284913 -0.007691920 0.993270874
1341846331.114334 0.067077629 0.302690566 0.108483344 0.076158702 -0.084737845 -0.008882356 0.993448794
1341846331.149989 0.051261198 0.313756913 0.105989285 0.079637371 -0.083000265 -0.010814092 0.993303537
1341846331.181954 0.036163148 0.320646942 0.102065086 0.084076166 -0.081267059 -0.012076083 0.993066490
1341846331.218151 0.059394822 0.328802317 0.091721259 0.083175078 -0.088706531 -0.009607031 0.992532492
1341846331.249914 0.004260188 0.312972367 0.084456652 0.080197498 -0.079627275 -0.014834186 0.993482709
1341846331.318141 -0.062753119 0.320882231 0.050463933 0.091282405 -0.057787441 -0.015533496 0.994025588
1341846331.349926 -0.075063787 0.315059245 0.039582986 0.088970333 -0.052137628 -0.018325629 0.994499922
1341846331.382003 -0.141723141 0.264959157 0.024016803 0.084748186 -0.030782802 -0.022004470 0.995683670
1341846331.418008 -0.118804678 0.250981539 0.020766668 0.086916134 -0.027730331 -0.020858537 0.995611191
1341846331.450327 -0.142674088 0.246650696 0.024856353 0.087384313 -0.020261213 -0.018612472 0.995794713
1341846331.486219 -0.135464266 0.237084493 0.015330035 0.084380776 -0.019940484 -0.018507944 0.996062100
1341846331.518344 -0.170718133 0.247548506 0.021655064 0.085715525 -0.012532908 -0.017449034 0.996088028
1341846331.550202 -0.184944823 0.265048265 0.030015709 0.092524849 -0.004711735 -0.019804485 0.995502293
1341846331.586139 -0.168754339 0.264389515 0.027461853 0.092656545 -0.007092622 -0.021180434 0.995447576
1341846331.617931 -0.173163906 0.265704721 0.048457749 0.092470735 -0.005416059 -0.021265652 0.995473564
1341846331.654027 -0.166816428 0.271155119 0.054294497 0.095322378 -0.003028119 -0.018997725 0.995260596
1341846331.686123 -0.185817778 0.292107165 0.067227736 0.101421379 0.002425994 -0.015442223 0.994720757
1341846331.717954 -0.198430300 0.281179547 0.067640066 0.094736919 0.003601334 -0.017079547 0.995349288
1341846331.754076 -0.225394666 0.281734645 0.084942676 0.094356164 0.009156896 -0.015706411 0.995372534
1341846331.785920 -0.201329380 0.256359994 0.097879604 0.093949348 0.008417621 -0.016785575 0.995399892
1341846331.818053 -0.213347375 0.255781204 0.100997217 0.093023874 0.011749228 -0.016732180 0.995453954
1341846331.853849 -0.234014660 0.262143612 0.115734540 0.093919605 0.015591037 -0.016615052 0.995319009
1341846331.885987 -0.246279180 0.259788334 0.121344723 0.096557520 0.020622823 -0.019081011 0.994930804
1341846331.922014 -0.269216955 0.252757430 0.132368088 0.096669666 0.027973393 -0.019443486 0.994733393
1341846331.954037 -0.286843330 0.247157037 0.150142774 0.095627785 0.033837631 -0.017043939 0.994695842
1341846331.986135 -0.305372477 0.258184135 0.159959480 0.102221914 0.043130871 -0.016345404 0.993691742
1341846332.022364 -0.316816509 0.263941556 0.161257803 0.110346101 0.050564878 -0.019493928 0.992414713
1341846332.054175 -0.330352366 0.265517503 0.158538431 0.116042450 0.052801378 -0.017693389 0.991681933
1341846332.086502 -0.312106609 0.259452760 0.182229042 0.117706440 0.049595121 -0.015085077 0.991694570
1341846332.122051 -0.304327458 0.269105107 0.192843199 0.121106297 0.049604870 -0.016106790 0.991268516
1341846332.153983 -0.321481109 0.258381784 0.199605107 0.115453646 0.051652763 -0.017691784 0.991811275
1341846332.190165 -0.363423258 0.262319893 0.217631102 0.109968215 0.057702534 -0.019973319 0.992057741
1341846332.254145 -0.432213634 0.254083931 0.240664601 0.111300655 0.070779637 -0.023177629 0.990992069
1341846332.289948 -0.443902642 0.257475883 0.251670152 0.113590598 0.072545685 -0.021317909 0.990646183
1341846332.322172 -0.428129494 0.258142352 0.264031112 0.114849038 0.069261581 -0.019322447 0.990777135
1341846332.354003 -0.416007191 0.249095514 0.266495287 0.116199434 0.069977179 -0.021695986 0.990520179
1341846332.390180 -0.439776868 0.248693272 0.260147959 0.115811773 0.078901075 -0.026386499 0.989780843
1341846332.422055 -0.471683145 0.232246608 0.274462461 0.110780835 0.087257236 -0.029926881 0.989554524
1341846332.458114 -0.478516668 0.222914636 0.284139484 0.108322769 0.091511972 -0.034074955 0.989308178
1341846332.489993 -0.494849205 0.232128769 0.301656991 0.111383766 0.096037060 -0.031445093 0.988626242
1341846332.522130 -0.515486002 0.240231305 0.314585149 0.112105303 0.095416121 -0.025855273 0.988766730
1341846332.558114 -0.502921164 0.240273774 0.322108924 0.112938285 0.088075899 -0.018158076 0.989524126
1341846332.589874 -0.491234779 0.246930912 0.313144773 0.112923689 0.084079228 -0.015122360 0.989924431
1341846332.621889 -0.519745588 0.249050915 0.335457474 0.108047970 0.090170324 -0.014902688 0.989935815
1341846332.658202 -0.531222641 0.250034124 0.348474830 0.105574004 0.094065100 -0.018461818 0.989780366
1341846332.690001 -0.544758618 0.250296354 0.359627306 0.102948643 0.097579531 -0.016396634 0.989752948
1341846332.726000 -0.554566503 0.251781225 0.370778173 0.103294656 0.098081723 -0.014013080 0.989703894
1341846332.758386 -0.550840080 0.244223356 0.362840772 0.100648381 0.095123790 -0.015588620 0.990241587
1341846332.789937 -0.544242501 0.235691115 0.354530007 0.096136041 0.094581470 -0.019255649 0.990677297
1341846332.825925 -0.554609716 0.238759935 0.362493277 0.095446371 0.099637531 -0.018487822 0.990262866
1341846332.857898 -0.570816457 0.240268320 0.371126473 0.096795641 0.104503945 -0.019505013 0.989610612
1341846332.894069 -0.593655169 0.222301677 0.380065590 0.089549609 0.108579502 -0.022216551 0.989796817
1341846332.926029 -0.607480407 0.219005480 0.384995282 0.084225960 0.112500831 -0.024495231 0.989772499
1341846332.958015 -0.641496718 0.217365384 0.403951764 0.080613784 0.122613944 -0.026967542 0.988807380
1341846332.994073 -0.664094269 0.215589598 0.406905293 0.076694131 0.128453106 -0.029390743 0.988308728
1341846333.026545 -0.700701594 0.204225227 0.418596536 0.071308367 0.138772637 -0.032448083 0.987220526
1341846333.057998 -0.731910586 0.197074652 0.426282763 0.068450786 0.147975579 -0.033066984 0.986065090
1341846333.094024 -0.768560171 0.184608027 0.426413953 0.065914504 0.156213805 -0.031208528 0.985027194
1341846333.126095 -0.788233459 0.178439721 0.420838833 0.063638821 0.160056129 -0.031085121 0.984563828
1341846333.161973 -0.813018084 0.168997288 0.416536152 0.057360843 0.165739268 -0.033215232 0.983939588
1341846333.195660 -0.847592831 0.162472323 0.430988371 0.053447679 0.174554497 -0.030613087 0.982719183
1341846333.226331 -0.877177358 0.162425727 0.427059978 0.051410131 0.180127800 -0.032213144 0.981770515
1341846333.262056 -0.903141677 0.161375120 0.425744683 0.046413191 0.185248703 -0.035714149 0.980945051
1341846333.294147 -0.942267776 0.151012972 0.444456756 0.040282112 0.194276512 -0.038625613 0.979358017
1341846333.326100 -0.952972531 0.153144464 0.440321803 0.038255531 0.194105193 -0.039787501 0.979426742
1341846333.362100 -0.977701068 0.152466103 0.441558540 0.033416215 0.198737890 -0.040883027 0.978629231
1341846333.394119 -1.008364081 0.160473138 0.454502285 0.032295030 0.203545690 -0.040515315 0.977693558
1341846333.429974 -1.028747320 0.156943873 0.455734640 0.030688634 0.205972552 -0.041339207 0.977202475
1341846333.462115 -1.039090633 0.168903843 0.466159433 0.033158779 0.208476484 -0.043312546 0.976505041
1341846333.494040 -1.059453607 0.170621410 0.475857943 0.034127828 0.213301927 -0.045336086 0.975336969
1341846333.529953 -1.086814046 0.178959250 0.479137540 0.036577873 0.219842985 -0.046083879 0.973759472
1341846333.562063 -1.109292626 0.180785105 0.489726990 0.037782375 0.226424098 -0.044523083 0.972276926
1341846333.594090 -1.133704305 0.191583604 0.503177822 0.038555328 0.230331779 -0.042962842 0.971398473
1341846333.629994 -1.163137317 0.203073353 0.515829861 0.036887746 0.234032393 -0.042672660 0.970591187
1341846333.662127 -1.187500119 0.206328616 0.519318879 0.034470595 0.237757891 -0.043373287 0.969743133
1341846333.697964 -1.205374837 0.207566112 0.529612303 0.033912271 0.241193235 -0.041995250 0.968974829
1341846333.730092 -1.225664735 0.218021274 0.536285460 0.038719825 0.244933143 -0.042075004 0.967852354
1341846333.762089 -1.247193217 0.218478426 0.542916656 0.040346850 0.249322370 -0.041002534 0.966710567
1341846333.798006 -1.232988238 0.220857605 0.535570025 0.042422023 0.246417299 -0.040759455 0.967376649
1341846333.830055 -1.220271945 0.220668420 0.522941768 0.044573992 0.244529545 -0.043241758 0.967651069
1341846333.866045 -1.235413313 0.223287135 0.524675906 0.045750335 0.248134211 -0.045386191 0.966579795
1341846333.897987 -1.234941483 0.219827116 0.519535065 0.046805203 0.247197911 -0.046553958 0.966713667
1341846333.930099 -1.238719463 0.221736878 0.515865505 0.050050922 0.248085186 -0.048109930 0.966247439
1341846333.965889 -1.238379240 0.215490505 0.509246290 0.050688338 0.247881293 -0.048314471 0.966256320
1341846333.997985 -1.261986971 0.221476004 0.514499903 0.054941822 0.252995163 -0.049963150 0.964613199
1341846334.030076 -1.288942814 0.218538851 0.513291836 0.056946978 0.257996917 -0.049745508 0.963182271
1341846334.066000 -1.298993945 0.226638824 0.518860698 0.060750965 0.258582950 -0.048968352 0.962832510
1341846334.097932 -1.314684629 0.236799955 0.518895090 0.064680487 0.260523051 -0.050167792 0.961991370
1341846334.133884 -1.324397326 0.240109578 0.523010612 0.066819377 0.262646347 -0.049905568 0.961281180
1341846334.166115 -1.336617947 0.242570758 0.523347795 0.067379810 0.262701690 -0.049668673 0.961239219
1341846334.198072 -1.346277595 0.243820965 0.514310062 0.067772098 0.261759281 -0.051473424 0.961373806
1341846334.234097 -1.354625702 0.252017319 0.514043272 0.069576643 0.263853282 -0.053215984 0.960577250
1341846334.266045 -1.357082367 0.242194876 0.501986861 0.067703784 0.263985753 -0.051059116 0.960791767
1341846334.297946 -1.330588102 0.243916884 0.487921983 0.069518380 0.256007731 -0.049545705 0.962898016
1341846334.334036 -1.342897654 0.251196027 0.480965048 0.070913956 0.255849928 -0.050320268 0.962797940
1341846334.365871 -1.337201118 0.241096959 0.467815429 0.067822188 0.253894538 -0.051409014 0.963480592
1341846334.401845 -1.347695351 0.232331499 0.466308177 0.064469963 0.255773336 -0.051277582 0.963220835
1341846334.433864 -1.342366219 0.207315654 0.458799660 0.060101628 0.252022892 -0.048848711 0.964617074
1341846334.466105 -1.354349494 0.211528942 0.458836436 0.061035257 0.252200633 -0.048534494 0.964527845
1341846334.502142 -1.363512278 0.208183482 0.460277736 0.058965422 0.251748294 -0.046647113 0.964867830
1341846334.540153 -1.369997621 0.213361353 0.458055496 0.059282731 0.251034796 -0.049503043 0.964891970
1341846334.602351 -1.393689990 0.213585362 0.449627936 0.051615786 0.249864072 -0.053676061 0.965413213
1341846334.670161 -1.404119849 0.221472114 0.437089801 0.047112878 0.247888088 -0.060276184 0.965763330
1341846334.702085 -1.406477451 0.219299093 0.431869864 0.045737017 0.244896606 -0.058983911 0.966672003
1341846334.734751 -1.409737706 0.221332967 0.424562961 0.046369676 0.241751388 -0.057904780 0.967498422
1341846334.770889 -1.413177609 0.224957913 0.413291574 0.047513969 0.239472598 -0.054368336 0.968214571
1341846334.802194 -1.411889791 0.229083762 0.406566471 0.047685292 0.235449478 -0.054131720 0.969205558
1341846334.833908 -1.412684202 0.236073703 0.393820018 0.047826413 0.233224511 -0.056164313 0.969620883
1341846334.869874 -1.410963297 0.235624403 0.379229158 0.045887228 0.231402844 -0.054984566 0.970218480
1341846334.902006 -1.407868266 0.227713957 0.362866789 0.042951141 0.227271050 -0.052341662 0.971474886
1341846334.938010 -1.407704830 0.227266908 0.359211683 0.042002857 0.223528296 -0.054573901 0.972261548
1341846334.970032 -1.413948298 0.231432855 0.361625314 0.042623643 0.223695084 -0.056010514 0.972114563
1341846335.002203 -1.454870939 0.214427754 0.362464935 0.041404709 0.229908258 -0.054659311 0.970793664
1341846335.037880 -1.467925429 0.209331319 0.354780585 0.042939570 0.227548569 -0.051920604 0.971433043
1341846335.069990 -1.453036308 0.226923063 0.337105662 0.045868352 0.221110374 -0.052249875 0.972767353
1341846335.106038 -1.447469711 0.221427828 0.322557569 0.044953860 0.220331177 -0.054215722 0.972879231
1341846335.138045 -1.454090476 0.221776143 0.314022392 0.046825591 0.220835462 -0.054210033 0.972676933
1341846335.169900 -1.468418598 0.221009612 0.296664506 0.045678943 0.219016388 -0.053365108 0.973189354
1341846335.206091 -1.466274023 0.223608613 0.295330077 0.044728387 0.216776237 -0.056290954 0.973570168
1341846335.239365 -1.472454429 0.220315903 0.289070755 0.044091955 0.218306988 -0.058885261 0.973103583
1341846335.269948 -1.481350183 0.216130838 0.280088663 0.044825006 0.219457015 -0.059099637 0.972798347
1341846335.305972 -1.492558360 0.214370579 0.270901978 0.046251327 0.218392000 -0.058961298 0.972979665
1341846335.338012 -1.494360924 0.218555897 0.268659770 0.048677590 0.216995314 -0.059023667 0.973169982
1341846335.374005 -1.496369362 0.214463174 0.262124002 0.053611394 0.218434528 -0.059711576 0.972546518
1341846335.406025 -1.505406499 0.211946040 0.254165173 0.060125690 0.220697701 -0.058533795 0.971725941
1341846335.438079 -1.510088921 0.217810661 0.242653668 0.065975562 0.220858619 -0.057053138 0.971397817
1341846335.473998 -1.504011273 0.225069910 0.231137499 0.068873279 0.220537603 -0.056023467 0.971329510
1341846335.507038 -1.521284819 0.233921498 0.221797213 0.070274547 0.225219876 -0.059400592 0.969953179
1341846335.538040 -1.519287944 0.243749380 0.213061839 0.070486136 0.226127818 -0.059900910 0.969695747
1341846335.574119 -1.535859346 0.237316638 0.209853649 0.066559486 0.227621928 -0.058495682 0.969709456
1341846335.605970 -1.534342647 0.238701195 0.198794693 0.065458968 0.226151407 -0.059498247 0.970067322
1341846335.641978 -1.537474751 0.240366191 0.185003340 0.066016100 0.226769164 -0.062674135 0.969685376
1341846335.673993 -1.546561241 0.238904953 0.180121273 0.065004423 0.227886692 -0.061595879 0.969560742
1341846335.706178 -1.553770423 0.238236248 0.174757957 0.064517759 0.226822123 -0.060520701 0.969910502
1341846335.741982 -1.555837512 0.244212896 0.165164322 0.065934502 0.226413161 -0.062010553 0.969816685
1341846335.773960 -1.569044232 0.248497337 0.162715346 0.065984562 0.228168577 -0.062660754 0.969359994
1341846335.806271 -1.567383647 0.254499823 0.150418192 0.064580299 0.226566494 -0.062007546 0.969872236
1341846335.842031 -1.580860376 0.242531091 0.151231945 0.061195984 0.229218990 -0.062039994 0.969466269
1341846335.873966 -1.578890085 0.246096522 0.132414252 0.062523730 0.229136318 -0.062540002 0.969368935
1341846335.910005 -1.594573736 0.247490197 0.131835073 0.062134292 0.230254441 -0.060978688 0.969228506
1341846335.941936 -1.601121426 0.252595574 0.120040253 0.061787926 0.228379831 -0.060261201 0.969738901
1341846335.974198 -1.603963733 0.251766443 0.110636577 0.060672518 0.227144077 -0.062277671 0.969972193
1341846336.010032 -1.609650731 0.255819738 0.107677832 0.060582913 0.227609426 -0.063111290 0.969814777
1341846336.042129 -1.620185852 0.254595786 0.096724533 0.059315857 0.226361617 -0.061511081 0.970287859
1341846336.078076 -1.627171159 0.255691528 0.094913781 0.059382431 0.225012317 -0.063068047 0.970497668
1341846336.110739 -1.627818465 0.260042071 0.085379049 0.059954379 0.224569499 -0.064869620 0.970446289
1341846336.142002 -1.635719895 0.257207423 0.074669339 0.059475537 0.224177539 -0.063425429 0.970661759
1341846336.183953 -1.642292857 0.259962022 0.068622522 0.058986083 0.221674487 -0.061223663 0.971407592
1341846336.241891 -1.650834918 0.267446637 0.057958655 0.057944473 0.221650898 -0.063088484 0.971356392
1341846336.277946 -1.662777781 0.260228753 0.046771705 0.057859406 0.222065464 -0.060350321 0.971440732
1341846336.309977 -1.655092239 0.260093331 -0.005073979 0.060583256 0.216396615 -0.054110501 0.972920477
1341846336.346143 -1.602856874 0.265211940 -0.041690744 0.062910385 0.205205485 -0.053657826 0.975219905
1341846336.377975 -1.544608474 0.263913155 -0.070957750 0.064129293 0.194648162 -0.051863626 0.977399468
1341846336.410032 -1.497957468 0.265269071 -0.102491029 0.065750368 0.185622409 -0.051763430 0.979051471
1341846336.446041 -1.451076508 0.265931338 -0.129143685 0.065110244 0.176242024 -0.051103033 0.980860829
1341846336.477990 -1.418859243 0.272826493 -0.164540321 0.065952018 0.169719785 -0.049705323 0.982025981
1341846336.510056 -1.380365133 0.272361577 -0.182889596 0.067001142 0.163967088 -0.048117645 0.983010888
1341846336.546024 -1.340970755 0.271259606 -0.217145324 0.068061195 0.157081187 -0.046532776 0.984138191
1341846336.578003 -1.296373963 0.270002127 -0.247569263 0.067143612 0.148410290 -0.044083524 0.985658586
1341846336.614020 -1.255956769 0.275222719 -0.270604819 0.067768529 0.142989546 -0.044956997 0.986377358
1341846336.645982 -1.206298947 0.267976165 -0.288364291 0.065115452 0.136206076 -0.042704716 0.987615407
1341846336.678036 -1.153117657 0.263465583 -0.313901544 0.063464090 0.124802910 -0.042677052 0.989229620
1341846336.714024 -1.098913312 0.255156398 -0.326958954 0.064678699 0.114778705 -0.041701570 0.990405738
1341846336.746016 -1.073289156 0.261211663 -0.343057245 0.069264874 0.107681438 -0.040867832 0.990927279
1341846336.778014 -1.020805955 0.256356061 -0.361495376 0.070170484 0.094693124 -0.037758876 0.992312253
1341846336.820006 -0.955569863 0.251424164 -0.366247505 0.070057452 0.081258647 -0.034233011 0.993638337
1341846336.882056 -0.858179808 0.213109121 -0.376013786 0.065438434 0.063743889 -0.025139377 0.995501161
1341846336.914273 -0.788387179 0.208729863 -0.378812909 0.067092046 0.046547320 -0.024367863 0.996362507
1341846336.945998 -0.728121400 0.222456500 -0.389836639 0.075609758 0.031170260 -0.024989748 0.996336877
1341846336.981980 -0.656569123 0.213473171 -0.413790941 0.073106311 0.013110220 -0.022355638 0.996987402
1341846337.014238 -0.599751055 0.208756626 -0.390438527 0.068549886 0.003229156 -0.015341836 0.997524500
1341846337.046017 -0.547350705 0.213238284 -0.364373982 0.068204343 -0.005099745 -0.015389090 0.997539639
1341846337.082104 -0.487259656 0.215687647 -0.363146424 0.067794740 -0.015946867 -0.016141938 0.997441232
1341846337.114317 -0.458113372 0.216306016 -0.357671350 0.065989763 -0.022459554 -0.016264670 0.997434914
1341846337.150037 -0.413519710 0.216159075 -0.338138998 0.064135388 -0.031142568 -0.017598312 0.997299910
1341846337.181873 -0.381661206 0.221507967 -0.324815094 0.064916812 -0.034161784 -0.018092951 0.997141659
1341846337.214073 -0.333988935 0.222051531 -0.311712831 0.061454359 -0.041746639 -0.016758481 0.997095644
1341846337.250087 -0.299719721 0.222758591 -0.295776784 0.060046952 -0.049138103 -0.018939422 0.996805489
1341846337.282028 -0.260881215 0.224446714 -0.300618231 0.061316561 -0.059924200 -0.015836926 0.996192038
1341846337.317920 -0.232982263 0.223653406 -0.296041757 0.060352780 -0.065553896 -0.014025317 0.995923460
1341846337.350018 -0.200307176 0.226234064 -0.304647148 0.059431341 -0.071341798 -0.012186810 0.995605230
1341846337.382159 -0.178686380 0.225920126 -0.303428084 0.057301965 -0.074062236 -0.017653164 0.995449483
1341846337.417941 -0.169672966 0.219907492 -0.306098491 0.057796657 -0.074876241 -0.017289396 0.995366335
1341846337.450137 -0.167803675 0.209575966 -0.303830504 0.055359028 -0.075968862 -0.017142814 0.995424688
1341846337.482096 -0.170425370 0.218217701 -0.292407781 0.056150809 -0.075119279 -0.016723700 0.995451927
1341846337.518008 -0.164560735 0.224723995 -0.290235907 0.059174668 -0.076494873 -0.016609769 0.995173872
1341846337.549978 -0.161737099 0.229332149 -0.300312310 0.059205763 -0.077373289 -0.016656963 0.995103359
1341846337.585971 -0.156428874 0.227073580 -0.292227596 0.056405187 -0.078714222 -0.017941173 0.995138526
1341846337.617903 -0.151016682 0.234023169 -0.290153354 0.060943216 -0.080383100 -0.018184852 0.994733036
1341846337.650141 -0.142439410 0.228509560 -0.291223109 0.060560349 -0.082071327 -0.018139893 0.994619370
1341846337.686352 -0.132105276 0.236749306 -0.292233020 0.059892904 -0.083734907 -0.016900200 0.994542956
1341846337.718002 -0.124436490 0.239019379 -0.277983427 0.059151169 -0.084466033 -0.017392704 0.994517088
1341846337.749920 -0.108675435 0.245441660 -0.276444048 0.059743416 -0.084923089 -0.017452870 0.994441688
1341846337.786157 -0.083357207 0.251719326 -0.264207453 0.057358276 -0.086966679 -0.016470106 0.994422257
1341846337.817945 -0.068874419 0.250953555 -0.254572839 0.055569850 -0.087247923 -0.014808116 0.994525254
1341846337.854071 -0.047701899 0.247266263 -0.246796474 0.053250704 -0.087639228 -0.015236096 0.994611263
1341846337.885951 -0.052866790 0.266414762 -0.244716987 0.053650424 -0.083976634 -0.017737813 0.994864285
1341846337.918223 -0.031358730 0.270141244 -0.230429515 0.050583631 -0.086247839 -0.018836604 0.994810462
1341846337.954120 -0.056320198 0.265860975 -0.233371273 0.047466349 -0.080669567 -0.021669436 0.995374203
1341846337.985994 -0.030791195 0.279410422 -0.217822775 0.046802830 -0.084115945 -0.020336216 0.995148480
1341846338.018107 -0.008260318 0.283435196 -0.201015264 0.045005403 -0.086454593 -0.019899929 0.995039821
1341846338.054055 -0.032469541 0.289170891 -0.215187937 0.043393850 -0.080354817 -0.022083119 0.995576441
1341846338.085986 0.000626816 0.294852197 -0.190212280 0.041566812 -0.082754321 -0.021973392 0.995460272
1341846338.121875 0.010730545 0.289631695 -0.172757462 0.039253879 -0.082840942 -0.020200085 0.995584488
1341846338.154089 0.053807359 0.293420762 -0.151513770 0.038919628 -0.090718873 -0.014036615 0.995016754
1341846338.186029 0.087504826 0.286185563 -0.120736144 0.035247836 -0.097112335 -0.010783141 0.994590640
1341846338.222071 0.105415732 0.287250042 -0.108452097 0.033935186 -0.098165855 -0.010863558 0.994532049
1341846338.254107 0.102066033 0.299284965 -0.100260496 0.035090052 -0.096575908 -0.010725331 0.994649053
1341846338.290130 0.115607366 0.297584355 -0.084434576 0.035330113 -0.098936170 -0.008861871 0.994426966
1341846338.321952 0.119109116 0.305984735 -0.079948239 0.036351983 -0.098847702 -0.007183990 0.994412422
1341846338.354022 0.125447869 0.306170791 -0.065131530 0.036183782 -0.099593297 -0.007535811 0.994341552
1341846338.389969 0.118780442 0.301144153 -0.058941029 0.033782978 -0.097362719 -0.006019460 0.994657218
1341846338.422377 0.126260251 0.298696458 -0.041783858 0.032039080 -0.098866470 -0.007379431 0.994557440
1341846338.454010 0.117217101 0.289263725 -0.032941494 0.028679047 -0.097337030 -0.007801037 0.994807601
1341846338.489894 0.112601347 0.291597515 -0.024780475 0.028218571 -0.096849106 -0.007245938 0.994872630
1341846338.522066 0.104945824 0.286818177 -0.015555432 0.028299952 -0.094900325 -0.008108378 0.995051384
1341846338.558058 0.104467519 0.281720877 -0.009354915 0.025649518 -0.095302939 -0.009328955 0.995074153
1341846338.589842 0.099581368 0.285560697 -0.000302947 0.024843378 -0.094682895 -0.009647838 0.995150685
1341846338.622019 0.088933885 0.280489922 0.007108086 0.025071325 -0.091551043 -0.008382021 0.995449483
1341846338.657984 0.080969676 0.267885894 0.012748867 0.021854665 -0.090720981 -0.005627856 0.995620608
1341846338.690198 0.074892186 0.264052957 0.015862497 0.019448264 -0.089356765 -0.005824779 0.995792747
1341846338.722454 0.067493007 0.264786035 0.025240485 0.020027863 -0.086706683 -0.006746999 0.996009707
1341846338.757945 0.071742095 0.260426611 0.033554982 0.018054187 -0.088129438 -0.005193413 0.995931864
1341846338.790039 0.077615410 0.270580411 0.040764987 0.017618937 -0.091621630 -0.005318306 0.995623827
1341846338.826048 0.069333278 0.268704534 0.046882469 0.018203886 -0.088328190 -0.008504655 0.995888770
1341846338.858027 0.073842771 0.266949743 0.050155096 0.017160533 -0.088214159 -0.008295135 0.995919168
1341846338.889902 0.059981339 0.266143024 0.057577878 0.014524240 -0.085709013 -0.009291167 0.996170998
1341846338.925948 0.057867829 0.262679875 0.066215947 0.013740512 -0.084189095 -0.012452606 0.996277273
1341846338.958108 0.055372730 0.267089933 0.077156700 0.015291994 -0.081780620 -0.012908450 0.996449411
1341846338.990057 0.046694592 0.268896431 0.091219872 0.016529962 -0.079795457 -0.011093301 0.996612430
1341846339.025928 0.049525909 0.273959190 0.096136965 0.019863516 -0.078911677 -0.009878971 0.996634722
1341846339.057939 0.051019467 0.270815313 0.106265053 0.021393109 -0.076952934 -0.009278728 0.996762037
1341846339.093927 0.052741047 0.274050832 0.113707855 0.019989077 -0.078264259 -0.006190994 0.996713042
1341846339.126562 0.044680096 0.277552217 0.119069740 0.017184146 -0.076517396 -0.010681416 0.996862948
1341846339.157969 0.041902740 0.280893981 0.129882023 0.015645724 -0.072603263 -0.012972470 0.997153819
1341846339.194113 0.051748790 0.277866095 0.136720479 0.012434991 -0.074096754 -0.011302427 0.997109532
1341846339.228165 0.064704433 0.274336159 0.153301984 0.007578488 -0.078946561 -0.008359496 0.996815085
1341846339.257998 0.062983841 0.274062812 0.171255663 0.005587755 -0.076678887 -0.009508386 0.996994913
1341846339.294132 0.060780149 0.276533842 0.174260512 0.005567369 -0.073918760 -0.007152686 0.997223139
1341846339.326577 0.070912302 0.264773607 0.181451395 -0.002584143 -0.078300737 -0.003587268 0.996919990
1341846339.362269 0.065984301 0.264165461 0.190101489 -0.005714442 -0.078157067 -0.006142024 0.996905744
1341846339.394725 0.068908781 0.282587200 0.204600215 -0.002647045 -0.076241150 -0.007869963 0.997054815
1341846339.462186 0.076685347 0.281157494 0.230522767 -0.006167919 -0.078353614 -0.008349000 0.996871591
1341846339.496743 0.076677248 0.269906431 0.236507937 -0.005126315 -0.073173098 -0.008718909 0.997268021
1341846339.562052 0.083942600 0.273512065 0.257847458 -0.002877495 -0.072401255 -0.007315098 0.997344673
1341846339.595122 0.091254927 0.285467327 0.271119326 0.001539647 -0.072475053 -0.009158599 0.997327030
1341846339.632085 0.094140328 0.289777398 0.283793956 0.003778445 -0.069201931 -0.011627286 0.997527719
1341846339.664568 0.097980537 0.289466023 0.296639055 0.004314044 -0.067088701 -0.013132080 0.997651279
1341846339.698896 0.091389477 0.282976329 0.298149288 0.003433398 -0.064279430 -0.013274395 0.997837782
1341846339.731977 0.089314438 0.278554887 0.301969200 0.002927212 -0.063292220 -0.014914612 0.997879326
1341846339.762241 0.091567062 0.276123941 0.309944808 0.003048110 -0.062237978 -0.015238179 0.997940361
1341846339.797873 0.090177104 0.271138012 0.316468328 0.002094166 -0.061496992 -0.013680286 0.998011351
1341846339.830245 0.091281101 0.270343572 0.325763434 0.001765908 -0.061803456 -0.013632462 0.997993708
1341846339.862015 0.093579471 0.278581142 0.332960606 0.003032853 -0.061735220 -0.015004191 0.997975230
1341846339.897797 0.096522346 0.275129199 0.342176527 0.001561887 -0.060730595 -0.015339758 0.998035133
1341846339.929916 0.092819989 0.267550886 0.351889223 0.000123736 -0.058989327 -0.013551132 0.998166680
1341846339.961960 0.096319266 0.264768898 0.360229492 0.001074814 -0.060026251 -0.012479715 0.998118222
1341846339.997845 0.096428074 0.268074840 0.365772635 0.002868420 -0.058317892 -0.014376810 0.998190463
1341846340.029925 0.098177589 0.268274277 0.372571558 0.004359069 -0.055947874 -0.012223036 0.998349369
1341846340.066044 0.103440553 0.263199508 0.381858140 0.005620653 -0.055585038 -0.010491808 0.998382986
1341846340.098009 0.103334434 0.264913827 0.383293569 0.006627812 -0.055037696 -0.009074765 0.998421013
1341846340.130102 0.108699262 0.273066103 0.398356736 0.007857215 -0.055778291 -0.011353290 0.998347759
1341846340.166041 0.111312240 0.267031938 0.403150260 0.008110048 -0.053771492 -0.012857118 0.998437583
1341846340.197867 0.105575524 0.266208678 0.405546337 0.008872136 -0.050159577 -0.011768605 0.998632491
1341846340.229904 0.107521638 0.264372557 0.408020556 0.007063439 -0.050557151 -0.011823798 0.998626232
1341846340.265859 0.106494248 0.260533810 0.413613111 0.006525854 -0.048700713 -0.013386187 0.998702407
1341846340.298061 0.107661255 0.262019128 0.422287643 0.008828743 -0.046457134 -0.012861181 0.998798549
1341846340.334063 0.101683654 0.258451194 0.422126859 0.006479669 -0.046476588 -0.010249523 0.998845875
1341846340.366064 0.109599777 0.258866757 0.435561150 0.005663265 -0.049414963 -0.012228749 0.998687446
1341846340.397995 0.110660627 0.259452015 0.437982470 0.007808504 -0.048718683 -0.012316374 0.998706102
1341846340.433895 0.107440472 0.256148487 0.439785689 0.007497441 -0.048062559 -0.010540943 0.998760581
1341846340.465959 0.108805530 0.255528957 0.445162684 0.008009175 -0.050651327 -0.008951371 0.998644233
1341846340.501858 0.113314703 0.250625372 0.446610421 0.007753697 -0.054658789 -0.009049924 0.998434007
1341846340.534329 0.122906096 0.257726073 0.455849856 0.009793356 -0.057176895 -0.009290726 0.998272836
1341846340.566041 0.125821814 0.253020197 0.453847259 0.010379669 -0.058202874 -0.008795688 0.998212099
1341846340.601909 0.128981680 0.252209961 0.452152967 0.012633202 -0.059035990 -0.007654715 0.998146594
1341846340.634005 0.133421868 0.254973620 0.447421193 0.013771323 -0.059737869 -0.009173753 0.998076975
1341846340.666028 0.132300928 0.254955918 0.446595192 0.013947237 -0.058679543 -0.011140790 0.998117328
1341846340.701946 0.136662573 0.259776384 0.446161926 0.017406749 -0.057545885 -0.013231894 0.998103499
1341846340.733954 0.135841265 0.258884758 0.440484256 0.017989006 -0.055059921 -0.014992861 0.998208404
1341846340.770081 0.141481623 0.259702444 0.445489407 0.017488863 -0.055585053 -0.017633656 0.998145044
1341846340.801980 0.151420474 0.260038555 0.447108388 0.018341452 -0.056062851 -0.022942048 0.997995138
1341846340.833999 0.146407008 0.262822360 0.440022081 0.018665167 -0.052496515 -0.026904838 0.998084128
1341846340.870013 0.144564644 0.260184407 0.438149989 0.016906418 -0.052262668 -0.028312817 0.998088777
1341846340.901955 0.149596348 0.257124543 0.439020693 0.017506579 -0.053357806 -0.027688343 0.998037994
1341846340.933918 0.152666986 0.255322039 0.437751949 0.018469166 -0.054875579 -0.023421830 0.998047590
1341846340.970122 0.148523316 0.253113359 0.429631531 0.018481474 -0.057076328 -0.018027650 0.998035967
1341846341.001922 0.152770400 0.250923425 0.428866237 0.019331194 -0.061888311 -0.013332972 0.997806787
1341846341.037923 0.155603066 0.253494501 0.429848135 0.020716706 -0.064316101 -0.011628542 0.997646749
1341846341.070300 0.156464681 0.250856072 0.426311821 0.020553209 -0.065296106 -0.011719878 0.997585416
1341846341.102028 0.155617267 0.252705574 0.422170311 0.020910837 -0.066737935 -0.011285068 0.997487545
1341846341.137982 0.154562563 0.252314746 0.418337673 0.020898951 -0.068096571 -0.011418302 0.997394502
1341846341.170048 0.157751203 0.248824537 0.420793355 0.020726986 -0.069391809 -0.009733971 0.997326672
1341846341.202110 0.155295178 0.247361153 0.416264713 0.022058746 -0.069297627 -0.008175134 0.997318685
1341846341.237996 0.156602785 0.254102707 0.414946467 0.025225846 -0.069138244 -0.008086950 0.997255325
1341846341.269883 0.152801484 0.251601219 0.411478460 0.025467640 -0.068039894 -0.007276027 0.997331023
1341846341.306107 0.151424631 0.250074655 0.410447419 0.025872232 -0.068439543 -0.008569703 0.997282922
1341846341.338109 0.152963042 0.249378428 0.408138961 0.026762554 -0.068146855 -0.010188749 0.997264266
1341846341.370120 0.155309737 0.250275195 0.407766223 0.027628176 -0.067336679 -0.012741629 0.997266352
1341846341.406074 0.148388609 0.249158025 0.400923759 0.027432701 -0.065805197 -0.013008981 0.997370481
1341846341.438113 0.154372633 0.243064329 0.402893454 0.027752222 -0.069273084 -0.011864278 0.997141063
1341846341.470024 0.153078213 0.249167159 0.397765368 0.032082848 -0.068421766 -0.014914888 0.997028947
1341846341.506077 0.146848887 0.251411825 0.396826506 0.031707428 -0.066628724 -0.015743880 0.997149646
1341846341.538156 0.141371235 0.247937009 0.396303594 0.030158358 -0.067900918 -0.015017863 0.997123063
1341846341.574016 0.141058937 0.255881459 0.395924151 0.032948013 -0.069610745 -0.015077195 0.996915996
1341846341.612466 0.139273509 0.260044247 0.394147992 0.033994593 -0.070096530 -0.014819575 0.996850669
1341846341.643972 0.147979528 0.253669679 0.395635158 0.031440176 -0.073512189 -0.015708575 0.996674836
1341846341.679982 0.145219132 0.250924170 0.394855976 0.030996231 -0.074509844 -0.015233492 0.996622086
1341846341.712332 0.141803205 0.250115067 0.388912052 0.031093547 -0.076196328 -0.012393780 0.996530831
1341846341.744185 0.143753439 0.254491210 0.389473528 0.032570686 -0.078411765 -0.011114222 0.996326923
1341846341.780061 0.144652992 0.257076979 0.387280405 0.033269212 -0.079037696 -0.009715623 0.996268928
1341846341.842595 0.148620874 0.251228005 0.380441636 0.034694560 -0.080213167 -0.004635542 0.996163011
1341846341.906227 0.159043044 0.237791151 0.375541687 0.035615925 -0.082786828 0.001343058 0.995929778
1341846341.942069 0.155152366 0.232604355 0.366395772 0.037770182 -0.081905216 0.003816516 0.995916843
1341846341.974775 0.159254223 0.227747098 0.365453988 0.039809108 -0.082851447 0.006655291 0.995744228
1341846342.010161 0.157670259 0.224421605 0.365721166 0.039526306 -0.084234647 0.008207415 0.995627880
1341846342.042024 0.174756080 0.239674881 0.370713621 0.045257352 -0.087587200 0.007307464 0.995101452
1341846342.080032 0.178481787 0.236207902 0.367356032 0.046285022 -0.085603632 0.008059189 0.995221019
1341846342.112265 0.180824295 0.226770028 0.363942087 0.044651352 -0.085659362 0.010511137 0.995267928
1341846342.147954 0.193429068 0.221779093 0.367984474 0.046238862 -0.089497782 0.013411908 0.994822741
1341846342.179852 0.194071606 0.223768622 0.363818705 0.049472008 -0.088638641 0.013953040 0.994736671
1341846342.211848 0.183836371 0.234830618 0.370046318 0.052312531 -0.086499460 0.013816696 0.994781554
1341846342.247920 0.187319294 0.235174596 0.372371852 0.053969372 -0.086963490 0.012795504 0.994666278
1341846342.279870 0.193343014 0.235186920 0.371687979 0.055521734 -0.087461889 0.013668028 0.994525492
1341846342.316068 0.190687090 0.232179105 0.367900044 0.056090269 -0.086648226 0.014848777 0.994547904
1341846342.347894 0.189859807 0.232306466 0.362660438 0.056227818 -0.086134762 0.014435398 0.994590819
1341846342.379953 0.182727531 0.233961478 0.354516119 0.056665640 -0.083935909 0.014042755 0.994759560
1341846342.416195 0.182533592 0.230952397 0.355779618 0.056445509 -0.083861440 0.015490798 0.994756937
