1341846313.592026 0.000000000 0.000000000 0.000000000 -0.000000000 -0.000000000 -0.000000000 1.000000000
1341846313.654184 0.005731506 0.000146333 -0.005093476 -0.000765090 -0.002889999 0.005082950 0.999982655
1341846313.686156 0.015658757 0.004183951 -0.002846171 0.001011495 -0.005891670 0.004890013 0.999970198
1341846313.721918 0.016758204 0.006001878 -0.004983592 0.001106716 -0.006079447 0.005305645 0.999966860
1341846313.753994 0.020003496 0.009313366 -0.002969621 0.001481427 -0.006137711 0.006033623 0.999961853
1341846313.789969 0.020440027 0.012503397 -0.002024188 0.003148919 -0.005846605 0.004302761 0.999968767
1341846313.822075 0.012885308 0.010612408 -0.003526938 0.002200571 -0.002182603 0.003869759 0.999987721
1341846313.853928 0.003295850 0.014743603 -0.002012348 0.002427385 0.002914663 0.002474050 0.999989808
1341846313.890011 -0.010462129 0.013668442 -0.005070626 0.001825103 0.007967914 0.002023693 0.999964535
1341846313.922055 -0.029039269 0.015048517 -0.007777696 -0.000267568 0.012732593 0.002360877 0.999916136
1341846313.957927 -0.057593990 0.018939972 -0.013658500 -0.001328530 0.023697035 0.002004233 0.999716341
1341846313.990058 -0.067563824 0.019635584 -0.008104991 -0.002149550 0.031365160 0.002279354 0.999503076
1341846314.022042 -0.096132122 0.012632634 -0.012770912 -0.006480126 0.038742259 0.005840445 0.999211192
1341846314.057816 -0.111366980 0.022360343 -0.001961504 -0.007537452 0.045454461 0.006037080 0.998919785
1341846314.089801 -0.134038985 0.024416780 0.001877220 -0.006329902 0.056127314 0.006110203 0.998384833
1341846314.122037 -0.151031360 0.016162246 0.000086184 -0.009950052 0.063139439 0.008638094 0.997917712
1341846314.157989 -0.171673700 0.028467078 0.005548842 -0.009233347 0.071423374 0.008496324 0.997367203
1341846314.190094 -0.182909906 0.030846640 0.004961360 -0.008769425 0.077717014 0.008996623 0.996896327
1341846314.225969 -0.203800261 0.028467815 -0.001018205 -0.011797373 0.084159441 0.012461182 0.996304572
1341846314.257923 -0.202862978 0.035395570 0.007104537 -0.011999349 0.086902842 0.012592906 0.996064961
1341846314.290052 -0.215267390 0.044866413 0.004543648 -0.008912689 0.091001183 0.010948014 0.995750725
1341846314.325981 -0.227496535 0.054171082 0.002501738 -0.008677678 0.095176421 0.008519633 0.995386183
1341846314.357905 -0.227797315 0.053705487 0.011191416 -0.009202789 0.099527553 0.007525125 0.994963765
1341846314.389899 -0.230195433 0.056152854 0.012102793 -0.007199504 0.103238627 0.006394328 0.994610012
1341846314.427905 -0.236566007 0.060503870 0.011328745 -0.007335402 0.107373148 0.004261878 0.994182646
1341846314.493987 -0.288050473 0.024666660 0.027160656 -0.012489018 0.127685383 -0.003722367 0.991729140
1341846314.526085 -0.302866757 0.031943489 0.017256169 -0.011337135 0.132640511 -0.006069073 0.991080821
1341846314.558292 -0.290908962 0.036446907 0.018524176 -0.011694859 0.134582713 -0.006318956 0.990813255
1341846314.594085 -0.304735273 0.037651435 0.025022790 -0.009430226 0.143111467 -0.006470604 0.989640534
1341846314.626096 -0.329683900 0.038635936 0.009770190 -0.009204459 0.150738224 -0.005121323 0.988517642
1341846314.658455 -0.356787503 0.037077747 0.016815156 -0.011747350 0.158815503 -0.004268219 0.987229168
1341846314.694004 -0.341957748 0.039460838 0.024770670 -0.010107577 0.162226602 -0.004843917 0.986689925
1341846314.725910 -0.327443361 0.039698422 0.025616726 -0.005256739 0.163056925 -0.000400537 0.986602604
1341846314.761942 -0.360492676 0.039393205 0.022878867 -0.001633765 0.169289365 0.001464484 0.985563993
1341846314.794030 -0.369106323 0.051071543 0.018339394 0.003564752 0.174044564 0.000940346 0.984730899
1341846314.826092 -0.379305184 0.049724862 0.012277544 0.005251448 0.180939049 0.001732207 0.983478785
1341846314.862145 -0.398561180 0.059532698 0.013599213 0.007429442 0.188198566 0.002580150 0.982099533
1341846314.894072 -0.399370134 0.063543759 0.008611460 0.008444492 0.192430735 0.004401517 0.981264412
1341846314.925969 -0.412582159 0.060452826 0.005528893 0.008117863 0.198303163 0.008076445 0.980073869
1341846314.961937 -0.445139319 0.052033193 0.003009490 0.003318592 0.204595476 0.014196170 0.978738010
1341846314.994564 -0.451515287 0.064456396 0.003620804 0.002710307 0.207442492 0.013138366 0.978155255
1341846315.029900 -0.454761714 0.078445807 0.001294348 0.004931984 0.212799564 0.009345221 0.977038741
1341846315.061965 -0.473935187 0.068767771 0.014671909 0.003145171 0.218996540 0.015035761 0.975604713
1341846315.094388 -0.480349571 0.079974085 0.014098426 0.005300844 0.219522461 0.015633514 0.975467861
1341846315.129851 -0.486731559 0.095067531 0.011888728 0.009736905 0.221545279 0.012911551 0.975015998
1341846315.161941 -0.524993122 0.074622028 0.002048245 0.003297013 0.227786362 0.020100186 0.973498046
1341846315.197984 -0.519571900 0.093697220 0.008892583 0.000193977 0.225501046 0.015882557 0.974113464
1341846315.230076 -0.522853076 0.099707209 0.010517063 -0.002961454 0.226091802 0.011026928 0.974039137
1341846315.262069 -0.529422760 0.088916428 0.011959305 -0.007724822 0.225334242 0.015037564 0.974134862
1341846315.298000 -0.534245133 0.096265234 0.014695933 -0.007795345 0.223371819 0.016882291 0.974555969
1341846315.329931 -0.553412914 0.125994280 0.015560138 0.001948376 0.225938976 0.015927680 0.974009335
1341846315.361981 -0.555353999 0.134752870 0.020865524 0.009356511 0.226223677 0.017682426 0.973869979
1341846315.397962 -0.570329010 0.148302734 0.023713410 0.014759229 0.229682580 0.020242900 0.972943187
1341846315.429923 -0.586989403 0.165815875 0.026426394 0.020835036 0.235028982 0.020164873 0.971555889
1341846315.466047 -0.603987217 0.163597792 0.030159019 0.020991376 0.242778093 0.020959558 0.969628215
1341846315.497883 -0.619268715 0.168288916 0.030472156 0.021956207 0.247907028 0.025366606 0.968202770
1341846315.530008 -0.615140557 0.162529036 0.037091050 0.021074006 0.249651968 0.026415141 0.967745900
1341846315.566108 -0.609373212 0.164117470 0.032691639 0.020588480 0.249736503 0.027658122 0.967699766
1341846315.597986 -0.628725231 0.168265030 0.040666047 0.021425042 0.254886150 0.027274253 0.966348886
1341846315.630109 -0.636285484 0.173354283 0.045279756 0.022439167 0.257707804 0.026459416 0.965599895
1341846315.666042 -0.627153099 0.167335138 0.033167541 0.019726267 0.257420629 0.026132710 0.965744555
1341846315.698114 -0.658509493 0.183015317 0.045948554 0.016612783 0.266882986 0.023707027 0.963294089
1341846315.733985 -0.640063584 0.165609479 0.052808743 0.012394826 0.266726822 0.026644781 0.963324070
1341846315.766041 -0.598784685 0.128234118 0.037386298 0.006018062 0.256247461 0.030142926 0.966122389
1341846315.798188 -0.609553814 0.132620692 0.047702439 0.005175284 0.258355528 0.028542832 0.965614319
1341846315.834140 -0.606741190 0.138253674 0.045805980 0.007788486 0.259515196 0.027302723 0.965321660
1341846315.866751 -0.604317605 0.138008103 0.044163324 0.010272001 0.260029405 0.027125902 0.965164959
1341846315.898492 -0.614205360 0.136963442 0.053409301 0.011293206 0.262302846 0.026781956 0.964547813
1341846315.936901 -0.604558170 0.139508247 0.045094404 0.014760472 0.261409760 0.026559608 0.964749575
1341846315.966572 -0.592366695 0.137335882 0.038937502 0.017577624 0.259709269 0.025288505 0.965195715
1341846316.034204 -0.550416589 0.141706765 0.027095009 0.021443995 0.250982434 0.020921841 0.967527926
1341846316.066113 -0.554746449 0.144472867 0.031419478 0.024434481 0.250950277 0.022004053 0.967441320
1341846316.101867 -0.542813420 0.150962099 0.025196970 0.026829137 0.246404886 0.023827156 0.968502581
1341846316.134066 -0.518988132 0.147570565 0.016614484 0.024460664 0.238009661 0.020830879 0.970731258
1341846316.202049 -0.493607461 0.120374113 0.014749674 0.019750724 0.227501810 0.017222650 0.973424971
1341846316.233979 -0.480395883 0.114684388 0.016476834 0.018411070 0.223423854 0.016800363 0.974402666
1341846316.270052 -0.478715479 0.116797060 0.014164325 0.017177163 0.223547727 0.012648097 0.974459529
1341846316.301915 -0.476179272 0.114361174 0.018649761 0.017611017 0.223388508 0.011699878 0.974500179
1341846316.334208 -0.465745270 0.108121544 0.013196302 0.018287128 0.219720110 0.013235236 0.975301802
1341846316.370006 -0.468538582 0.111847498 0.008541480 0.021351455 0.217621908 0.013733220 0.975702941
1341846316.401994 -0.450395703 0.105121531 0.003115709 0.021639340 0.212730989 0.016142797 0.976737797
1341846316.438069 -0.438144386 0.099639609 0.006558572 0.023150520 0.209589019 0.018607995 0.977338433
1341846316.470076 -0.416040629 0.103810802 0.004996435 0.028893424 0.204327136 0.020957347 0.978251755
1341846316.502034 -0.389734894 0.111437351 -0.000272323 0.031254131 0.195528209 0.021075215 0.979973376
1341846316.537975 -0.358395010 0.102238424 0.004200431 0.026675561 0.186965212 0.019392032 0.981812894
1341846316.570121 -0.328196228 0.095332518 0.007847936 0.025487566 0.180262581 0.015132976 0.983171821
1341846316.601885 -0.298865497 0.089740291 0.008790259 0.026539197 0.173882633 0.013269229 0.984319270
1341846316.638009 -0.307160556 0.095814519 0.007412530 0.030223690 0.172650903 0.014890976 0.984406650
1341846316.669925 -0.280819654 0.089787237 0.010779328 0.031248676 0.166666508 0.013402259 0.985426962
1341846316.705941 -0.261638612 0.092822880 0.013956541 0.036780462 0.162672788 0.014445225 0.985888481
1341846316.738062 -0.259984016 0.093181834 0.001414822 0.038611103 0.160416260 0.017587904 0.986137152
1341846316.770433 -0.234412849 0.089664668 -0.001106800 0.036208298 0.153523520 0.017267719 0.987330437
1341846316.805932 -0.221432090 0.088245027 0.001759906 0.037364777 0.150466606 0.016122958 0.987777233
1341846316.838029 -0.222034916 0.080917187 0.001163434 0.037541509 0.147733822 0.019877076 0.988114536
1341846316.870034 -0.203062505 0.079337344 0.005948609 0.037811551 0.139787287 0.019980548 0.989257634
1341846316.906344 -0.203693420 0.079953536 0.000648546 0.039096218 0.135715649 0.020171575 0.989770651
1341846316.937940 -0.188686192 0.077003457 -0.004941311 0.037999362 0.131224409 0.017589560 0.990468025
1341846316.973994 -0.186572343 0.074427418 -0.005984195 0.036490530 0.127104506 0.016683487 0.991077542
1341846317.005913 -0.165374383 0.070558295 -0.005344076 0.035042226 0.119888894 0.018131109 0.992003024
1341846317.037936 -0.194071069 0.069025926 0.008325536 0.035602219 0.121517822 0.019123884 0.991766274
1341846317.073972 -0.164237425 0.067732900 -0.005589233 0.036364991 0.113908373 0.018842254 0.992646694
1341846317.106113 -0.169964284 0.060145739 -0.009217504 0.038508497 0.111636236 0.023967605 0.992713451
1341846317.137887 -0.149457946 0.063476428 -0.026285674 0.041819502 0.100202598 0.030721841 0.993613005
1341846317.173970 -0.150033027 0.063401178 -0.028951716 0.042643744 0.092085883 0.032608259 0.994302988
1341846317.205887 -0.150940433 0.060139045 -0.024260152 0.042325146 0.088321790 0.032936763 0.994647205
1341846317.248131 -0.152467757 0.063669100 -0.024742950 0.044462785 0.084037021 0.033651780 0.994901299
1341846317.306289 -0.168122455 0.051305383 -0.033149965 0.044119619 0.078577489 0.040762052 0.995096743
1341846317.348137 -0.175599396 0.050394986 -0.037068922 0.045612231 0.079922505 0.041683171 0.994884193
1341846317.410120 -0.201747611 0.053671341 -0.047410961 0.047529861 0.080730282 0.046442997 0.994518280
1341846317.442569 -0.216507718 0.053030688 -0.038723465 0.050940927 0.083187304 0.048667606 0.994040489
1341846317.474010 -0.219543606 0.052166712 -0.042451285 0.056798063 0.082724266 0.052149758 0.993584991
1341846317.509927 -0.214633048 0.053085897 -0.051069375 0.058823101 0.077507682 0.055855915 0.993686378
1341846317.542282 -0.222478926 0.061482668 -0.057782605 0.059244819 0.074676767 0.056084331 0.993865192
1341846317.573943 -0.227438524 0.055716727 -0.056040917 0.058469623 0.076046489 0.054941915 0.993871033
1341846317.610159 -0.234081745 0.058486875 -0.046612002 0.062255710 0.077983163 0.056410778 0.993408620
1341846317.643553 -0.228579819 0.065457627 -0.047957074 0.065580070 0.074347429 0.061216019 0.993189037
1341846317.677993 -0.229311466 0.071021266 -0.050021447 0.067675285 0.069649540 0.064072646 0.993208826
1341846317.709996 -0.226014435 0.065376058 -0.057398196 0.069018140 0.066077821 0.063190639 0.993416905
1341846317.741834 -0.228066802 0.070553683 -0.057211716 0.069758959 0.064024977 0.064134896 0.993439078
1341846317.777923 -0.213849977 0.073959164 -0.053811904 0.068667680 0.059124652 0.064361766 0.993804157
1341846317.810021 -0.202090964 0.069909588 -0.056232896 0.067374028 0.054338191 0.062380243 0.994292140
1341846317.841886 -0.180531457 0.067768119 -0.064479612 0.065012254 0.048568320 0.060069159 0.994890094
1341846317.878017 -0.179980025 0.064566858 -0.062635407 0.062186055 0.047537390 0.056100350 0.995352149
1341846317.909910 -0.159090608 0.060706347 -0.058278177 0.060380865 0.044025205 0.051444739 0.995876193
1341846317.946031 -0.139036492 0.055258803 -0.054404724 0.060380504 0.040310923 0.051740777 0.996018171
1341846317.978041 -0.105430730 0.052326445 -0.050646778 0.061937593 0.031699494 0.051117666 0.996265948
1341846318.009897 -0.115616411 0.046553545 -0.052760374 0.063036174 0.033517051 0.050111450 0.996188700
1341846318.045949 -0.094565913 0.036276042 -0.054300286 0.060759749 0.029665578 0.048218653 0.996545613
1341846318.078074 -0.060326673 0.029362034 -0.050329607 0.058402400 0.020285906 0.046645537 0.996996462
1341846318.109894 -0.026431449 0.025176890 -0.047313012 0.057124611 0.008753297 0.042471938 0.997424841
1341846318.145957 -0.030928710 0.024438100 -0.045668554 0.056206271 0.007118058 0.040100850 0.997588158
1341846318.178001 -0.023525376 0.025715418 -0.045617174 0.055822711 0.005224171 0.036609020 0.997755647
1341846318.214074 0.001324094 0.019803580 -0.038852572 0.055511300 -0.002504263 0.035140611 0.997836351
1341846318.245970 0.015255544 0.020142054 -0.035909228 0.058816701 -0.011859675 0.037366185 0.997498751
1341846318.278018 0.018755034 0.021537989 -0.038665742 0.062422674 -0.017709490 0.037180629 0.997199774
1341846318.313937 0.049127601 0.022010818 -0.041390810 0.064164005 -0.032033015 0.038051579 0.996699035
1341846318.345989 0.058152627 0.020743525 -0.033794980 0.065765560 -0.043919995 0.035939630 0.996219993
1341846318.382046 0.060102735 0.022183076 -0.034754369 0.068031408 -0.051818870 0.036295116 0.995675266
1341846318.414072 0.057929683 0.021601703 -0.037286799 0.069376037 -0.058888074 0.038781594 0.995095551
1341846318.446035 0.083498105 0.025074180 -0.038313519 0.072109461 -0.070811652 0.036413882 0.994213223
1341846318.482196 0.085108750 0.018460086 -0.039450437 0.071585901 -0.073713966 0.035552841 0.994071305
1341846318.514144 0.093423612 0.022425631 -0.039104309 0.072414443 -0.077873975 0.038575381 0.993581295
1341846318.546259 0.093080014 0.021382581 -0.039634638 0.074449234 -0.079779521 0.038472574 0.993283689
1341846318.582042 0.104072340 0.013616887 -0.043845057 0.073492438 -0.082838885 0.038732249 0.993094385
1341846318.614115 0.106864221 0.011637589 -0.051021442 0.072713464 -0.085494913 0.038263809 0.992944777
1341846318.650038 0.108224675 0.011185630 -0.055551108 0.072717778 -0.087354906 0.037535887 0.992810309
1341846318.682350 0.100153163 0.010221849 -0.058666032 0.072310627 -0.087739624 0.036357325 0.992850006
1341846318.714063 0.098054148 0.011218477 -0.066456422 0.072302915 -0.089355767 0.039132148 0.992600858
1341846318.749905 0.091329306 0.020855740 -0.070991114 0.075427622 -0.089502722 0.041814201 0.992245674
1341846318.782036 0.118089624 0.027052600 -0.078059010 0.077939488 -0.096550860 0.045328703 0.991235971
1341846318.814121 0.118847847 0.031132357 -0.088947907 0.078746371 -0.104416765 0.045090068 0.990385294
1341846318.850072 0.086911850 0.034580540 -0.082650118 0.080948442 -0.106478699 0.041585140 0.990141571
1341846318.883516 0.070981786 0.047561210 -0.099101797 0.086911052 -0.112872526 0.040338024 0.988978863
1341846318.918047 0.052675158 0.048141487 -0.093189284 0.089106910 -0.123447493 0.040669430 0.987505317
1341846318.950044 0.055005424 0.051056776 -0.097565882 0.092390239 -0.135001302 0.035866845 0.985876381
1341846318.982028 0.051166248 0.049658645 -0.102367990 0.093719929 -0.138577342 0.033160761 0.985349357
1341846319.018123 0.055640958 0.066097766 -0.108920902 0.095831260 -0.147540256 0.032075543 0.983879745
1341846319.050745 0.052486978 0.054708090 -0.098420918 0.096156567 -0.153818220 0.030609356 0.982932806
1341846319.081905 0.024484532 0.053478584 -0.099632576 0.101173647 -0.148597598 0.029332837 0.983271182
1341846319.117976 0.002456261 0.058029957 -0.114165962 0.103500307 -0.146633863 0.036539309 0.983082473
1341846319.150093 -0.016875530 0.057055462 -0.118380710 0.104596160 -0.149370834 0.041818645 0.982343733
1341846319.186069 -0.035485722 0.059443265 -0.125486717 0.105616003 -0.147705868 0.040585168 0.982538104
1341846319.218149 -0.067542151 0.065009154 -0.135145128 0.103005059 -0.139541596 0.038011998 0.984110355
1341846319.250034 -0.107387729 0.062229425 -0.138237208 0.097362883 -0.129945040 0.038646795 0.985972226
1341846319.286594 -0.146789461 0.056978442 -0.136939391 0.095326066 -0.121563397 0.044617780 0.986987591
1341846319.318034 -0.188720345 0.053501166 -0.141236365 0.095773339 -0.115629837 0.047796231 0.987508357
1341846319.350268 -0.219226226 0.049618419 -0.145610005 0.096011013 -0.112067088 0.054035794 0.987574279
1341846319.386163 -0.241698176 0.045682900 -0.152310982 0.097140037 -0.113690309 0.063300855 0.986727595
1341846319.418386 -0.257350504 0.047435801 -0.166766837 0.098406754 -0.116242550 0.062122952 0.986379564
1341846319.453961 -0.268286198 0.046278790 -0.174735561 0.099011652 -0.117451385 0.059356712 0.986346126
1341846319.486271 -0.276992470 0.047613230 -0.175545186 0.097815827 -0.118093751 0.061319031 0.986268699
1341846319.554083 -0.274476290 0.041726153 -0.168502480 0.091595620 -0.126481384 0.062667429 0.985741138
1341846319.586296 -0.302384764 0.038615923 -0.183541745 0.091760881 -0.122322217 0.058842350 0.986486077
1341846319.622031 -0.318874657 0.036248669 -0.191851676 0.090026893 -0.123992674 0.057442471 0.986519814
1341846319.653962 -0.324999869 0.031763535 -0.174569711 0.089326441 -0.129243940 0.056716118 0.985951364
1341846319.686352 -0.329775602 0.030200530 -0.172955766 0.090905204 -0.133303046 0.058553640 0.985158920
1341846319.721992 -0.352500588 0.035939861 -0.195153356 0.092065148 -0.134180203 0.058000304 0.984964788
1341846319.754063 -0.361215621 0.047520977 -0.216003358 0.089898586 -0.135708123 0.058681950 0.984915197
1341846319.786397 -0.369365543 0.046384171 -0.206921190 0.085364744 -0.135309190 0.062108416 0.985163391
1341846319.822008 -0.386802971 0.046195161 -0.210798874 0.081901267 -0.134319544 0.066795096 0.985286236
1341846319.853917 -0.393031150 0.058539078 -0.207344443 0.078856543 -0.135012060 0.070335031 0.985193610
1341846319.889942 -0.382065564 0.030878944 -0.202386439 0.071837641 -0.137888774 0.076969422 0.984835923
1341846319.922039 -0.404054165 0.011948611 -0.208681077 0.069760531 -0.138926148 0.076151729 0.984903038
1341846319.953946 -0.396201968 0.009077271 -0.201427951 0.070422895 -0.146324888 0.072722688 0.984043241
1341846319.990054 -0.390336871 0.021917280 -0.193708524 0.074836910 -0.150550261 0.066955574 0.983489215
1341846320.028122 -0.402893543 0.030490145 -0.189040884 0.078324758 -0.152734756 0.065399632 0.982985377
1341846320.090047 -0.375802636 0.034566365 -0.191882953 0.083672687 -0.163253680 0.066099182 0.980804801
1341846320.122011 -0.365395635 0.030160766 -0.201666534 0.083217636 -0.161286786 0.066896521 0.981114805
1341846320.157952 -0.347752661 0.042714391 -0.184098989 0.085234113 -0.160789803 0.066796705 0.981030107
1341846320.190003 -0.320745379 0.022125781 -0.174191624 0.085137486 -0.160477236 0.065098353 0.981203794
1341846320.221941 -0.323126435 0.025677737 -0.181571528 0.089654364 -0.155883580 0.065543324 0.981512368
1341846320.258015 -0.309237778 0.016912112 -0.175215259 0.092566930 -0.156641290 0.068437584 0.980923653
1341846320.289887 -0.252050400 0.006235647 -0.173556596 0.095722698 -0.164886653 0.071586043 0.979042888
1341846320.321954 -0.213229746 0.007194144 -0.179268792 0.103445165 -0.169569135 0.070659660 0.977523744
1341846320.357890 -0.214536816 0.024139887 -0.170278862 0.112062126 -0.167342663 0.066722862 0.977234185
1341846320.390064 -0.182573870 0.022150462 -0.169040367 0.112884313 -0.167124540 0.066908009 0.977164209
1341846320.426544 -0.103500515 0.017628249 -0.152802497 0.114528649 -0.169646651 0.063458487 0.976768255
1341846320.458122 -0.038289100 0.021132398 -0.132939085 0.116259374 -0.169637427 0.058938537 0.976848602
1341846320.490186 0.026604647 0.029032957 -0.108549729 0.120793700 -0.169471785 0.055560537 0.976525128
1341846320.525911 0.075283289 0.031853333 -0.112301566 0.123667702 -0.166025504 0.053097282 0.976894319
1341846320.558091 0.116421513 0.040198691 -0.103231221 0.125843644 -0.166503474 0.049155843 0.976741374
1341846320.594093 0.171770647 0.056338098 -0.078318469 0.129513383 -0.167236060 0.041394878 0.976496220
1341846320.631955 0.188312814 0.051600032 -0.059214588 0.132177591 -0.162943557 0.042093232 0.976835012
1341846320.664916 0.201204732 0.059390455 -0.052503180 0.133761957 -0.161262512 0.040978819 0.976945698
1341846320.699927 0.202725247 0.058845863 -0.025973421 0.135495573 -0.158379942 0.037547428 0.977316201
1341846320.731822 0.237261325 0.059774321 -0.029950026 0.136853099 -0.154888213 0.036581248 0.977723241
1341846320.763877 0.263452232 0.085643530 -0.023144145 0.138566613 -0.156205431 0.036898039 0.977260351
1341846320.799999 0.288832366 0.067536660 0.003424132 0.130307049 -0.160847351 0.031837311 0.977821350
1341846320.831871 0.311251432 0.054034807 -0.021611169 0.128253654 -0.151840001 0.026863530 0.979680538
1341846320.863887 0.319151580 0.074855193 0.004778913 0.129506513 -0.146619216 0.033040602 0.980122030
1341846320.900014 0.340168625 0.071924955 0.037398450 0.124623932 -0.153447866 0.033545539 0.979692459
1341846320.931889 0.379819006 0.051712416 0.035941601 0.123147748 -0.155875713 0.029992573 0.979611099
1341846320.967866 0.399309695 0.088323876 0.042225890 0.127153367 -0.154141024 0.028697779 0.979412615
1341846321.000017 0.429506391 0.085557818 0.060824536 0.121481352 -0.158299968 0.026887912 0.979520500
1341846321.031860 0.474879175 0.079426736 0.083387934 0.120026484 -0.162888169 0.023126880 0.979043543
1341846321.068047 0.510062099 0.086484060 0.098890595 0.121079512 -0.164235964 0.021920925 0.978716433
1341846321.099840 0.544044554 0.094202600 0.115809783 0.120158754 -0.168290898 0.022924388 0.978117883
1341846321.131821 0.580857337 0.077633314 0.132169753 0.118836582 -0.170200840 0.018888149 0.978035152
1341846321.167887 0.605501175 0.091962159 0.147738919 0.123195320 -0.169675171 0.020814076 0.977548003
1341846321.200042 0.640704930 0.102746062 0.167583436 0.125110224 -0.172620863 0.021956928 0.976763725
1341846321.231950 0.622392654 0.088852748 0.152796447 0.122657157 -0.167098254 0.018169204 0.978112102
1341846321.267939 0.675443053 0.094300792 0.162256986 0.124515265 -0.171515137 0.012213440 0.977204859
1341846321.299948 0.692099631 0.102062747 0.183603734 0.125944942 -0.169314519 0.006729263 0.977458537
1341846321.331858 0.730286360 0.112027586 0.218445405 0.129238054 -0.172718868 0.005412748 0.976440668
1341846321.367913 0.767580926 0.103146300 0.236004367 0.130648673 -0.174408123 -0.000448430 0.975967526
1341846321.399897 0.789386332 0.106062576 0.241559744 0.132532090 -0.172033280 -0.000105396 0.976135135
1341846321.435994 0.790936351 0.106788151 0.249862581 0.135137975 -0.168939218 -0.001284410 0.976317406
1341846321.467946 0.816207528 0.110323831 0.266144902 0.137547374 -0.169302642 -0.000168877 0.975918710
1341846321.499882 0.836958349 0.116345704 0.277661622 0.140284553 -0.169235975 0.000381039 0.975540519
1341846321.536109 0.866727173 0.109963179 0.268428802 0.139104158 -0.165374920 -0.005358790 0.976356745
1341846321.568960 0.847957134 0.143003196 0.286849797 0.141673952 -0.156963050 -0.007485709 0.977361262
1341846321.603938 0.861239612 0.132401407 0.294122756 0.137771398 -0.156438589 -0.008387026 0.977995753
1341846321.637163 0.898775339 0.140495673 0.299172014 0.136868238 -0.155546874 -0.009824052 0.978251398
1341846321.668306 0.822219193 0.167478651 0.320887655 0.137490824 -0.136793181 -0.006608147 0.980989456
1341846321.704411 0.800559044 0.159037277 0.320569336 0.132187158 -0.133835033 0.000847424 0.982147694
1341846321.736861 0.811752081 0.151900679 0.330273569 0.128839612 -0.137379885 0.007286316 0.982076406
1341846321.771881 0.818932831 0.161092907 0.329626620 0.125494227 -0.136816531 0.011577066 0.982546926
1341846321.804114 0.829026699 0.164631635 0.337118477 0.122377984 -0.135647848 0.013008728 0.983084023
1341846321.836152 0.828461170 0.179586709 0.340886265 0.121643588 -0.133082688 0.013068172 0.983524859
1341846321.871882 0.837119639 0.182696372 0.347585082 0.116646260 -0.132796586 0.008944136 0.984214783
1341846321.904074 0.836308897 0.171980068 0.343744397 0.109466359 -0.130330846 0.004556729 0.985398531
1341846321.939847 0.829683602 0.178512782 0.347410530 0.107818305 -0.125521168 0.001088600 0.986214280
1341846322.004094 0.827089071 0.173109651 0.352096021 0.100737147 -0.127742156 -0.000044610 0.986678302
1341846322.066178 0.860197425 0.148286238 0.360429138 0.093397819 -0.126417205 -0.003985517 0.987562478
1341846322.107979 0.857703388 0.129467472 0.362146348 0.089836776 -0.124503337 -0.005208010 0.988130152
1341846322.166164 0.851115584 0.095760867 0.354308128 0.090106867 -0.123928949 -0.004202943 0.988182545
1341846322.202932 0.857823610 0.098453090 0.357504338 0.092838116 -0.127176717 -0.004572596 0.987515271
1341846322.234093 0.858794034 0.105623327 0.356983662 0.092605695 -0.128655121 -0.004461084 0.987346053
1341846322.265941 0.863022506 0.087179661 0.358989328 0.088393316 -0.132319570 -0.004554153 0.987247467
1341846322.301996 0.867425501 0.067403480 0.360880911 0.085189916 -0.134202197 -0.003968449 0.987277448
1341846322.333949 0.858411789 0.038728163 0.346545845 0.080749117 -0.135135785 -0.004875626 0.987519205
1341846322.369871 0.862751365 0.032384351 0.354743183 0.083761334 -0.140483931 -0.009209481 0.986490488
1341846322.402292 0.860509396 0.017263493 0.350517035 0.086959608 -0.136916816 -0.017066712 0.986610651
1341846322.433955 0.843294740 -0.008498488 0.336334825 0.089802176 -0.133719608 -0.019596793 0.986747503
1341846322.470030 0.844963074 -0.009353554 0.343234211 0.098778844 -0.139036030 -0.015179859 0.985231578
1341846322.502433 0.839619398 -0.019062556 0.343780994 0.104844488 -0.140546456 -0.011195920 0.984443486
1341846322.534002 0.844381928 -0.045998551 0.346571088 0.110083014 -0.141908526 -0.008606849 0.983702004
1341846322.570196 0.835880280 -0.066208899 0.348892003 0.116880514 -0.141321436 -0.005061017 0.983026803
1341846322.601920 0.837008834 -0.062439945 0.359736055 0.123228624 -0.145992011 -0.000323147 0.981580853
1341846322.638119 0.852517724 -0.071289510 0.352375746 0.128522068 -0.149876580 -0.000082286 0.980315804
1341846322.669947 0.859222710 -0.087139443 0.352059513 0.131646946 -0.146950617 0.000563772 0.980343997
1341846322.702026 0.840593100 -0.097680226 0.353235632 0.134164810 -0.143845379 0.001626899 0.980461955
1341846322.738006 0.856536865 -0.099151887 0.358929962 0.134794474 -0.148962110 0.004875262 0.979600430
1341846322.770087 0.857884705 -0.138182640 0.353395611 0.131235510 -0.147404075 0.003095223 0.980326295
1341846322.806047 0.843540192 -0.137480438 0.362323374 0.136151567 -0.146883786 0.006132553 0.979719520
1341846322.838063 0.830972493 -0.132830933 0.364064813 0.138603359 -0.149482891 0.008504531 0.978964567
1341846322.870081 0.849232852 -0.169115841 0.372931480 0.136272341 -0.157254741 0.009375671 0.978065908
1341846322.906018 0.855620980 -0.188173771 0.370793164 0.138054222 -0.158839300 0.006984530 0.977579832
1341846322.938349 0.840949237 -0.169950038 0.373952031 0.140291438 -0.156041756 0.008793734 0.977697313
1341846322.970069 0.842925489 -0.171539724 0.379856318 0.136204615 -0.156797931 0.008567420 0.978156090
1341846323.011820 0.842712522 -0.198877022 0.380356371 0.130885452 -0.156186774 0.009383350 0.978972256
1341846323.073951 0.842579544 -0.194406956 0.385743856 0.128469512 -0.156559497 0.013762042 0.979180932
1341846323.105962 0.837469757 -0.224653378 0.381235629 0.123737261 -0.155615881 0.011332791 0.979971647
1341846323.138158 0.835217953 -0.227648780 0.381125838 0.124529906 -0.155412689 0.007951002 0.979936719
1341846323.174092 0.830583751 -0.221992761 0.380773395 0.123576581 -0.155403346 0.005917369 0.980073273
1341846323.206059 0.840957403 -0.226628870 0.387251735 0.121372715 -0.156811059 0.004287676 0.980132937
1341846323.238053 0.852304280 -0.226812810 0.386654526 0.119576201 -0.154709429 0.003216914 0.980691671
1341846323.273997 0.834859073 -0.223573536 0.379545838 0.116029210 -0.153581515 0.002897170 0.981295884
1341846323.305946 0.835438550 -0.237524375 0.384634167 0.110127971 -0.157028794 0.002905080 0.981430292
1341846323.342027 0.875091076 -0.260326087 0.389784008 0.107363507 -0.159050465 0.001500753 0.981414199
1341846323.374048 0.839915097 -0.268701196 0.382915944 0.106762111 -0.152240321 0.003497084 0.982554138
1341846323.405987 0.857546568 -0.265615523 0.372334540 0.107996851 -0.160205320 0.009300521 0.981113911
1341846323.441956 0.847167790 -0.286300808 0.381090283 0.107288338 -0.161579505 0.009208729 0.980967104
1341846323.473878 0.842539907 -0.323931009 0.377852619 0.107159555 -0.158972368 0.006928730 0.981425822
1341846323.506129 0.837455153 -0.314855129 0.376543254 0.110290460 -0.158899307 0.005417450 0.981100261
1341846323.541972 0.841783702 -0.326128453 0.381303161 0.107706107 -0.159041375 0.002741217 0.981375396
1341846323.573913 0.873512685 -0.329111129 0.389508545 0.109955922 -0.157843441 -0.001178427 0.981322467
1341846323.609927 0.833417296 -0.336263984 0.373061419 0.109662391 -0.146230265 -0.004462463 0.983143449
1341846323.642014 0.831352711 -0.340471953 0.376619697 0.109126672 -0.146077216 -0.003605564 0.983229280
1341846323.674081 0.836320996 -0.335521191 0.377177805 0.111171097 -0.148653746 -0.000388788 0.982620418
1341846323.710069 0.844382763 -0.383420050 0.374206901 0.106393866 -0.150918975 0.004339982 0.982794523
1341846323.742111 0.842514873 -0.413100570 0.376990557 0.107770793 -0.153099954 0.003142392 0.982311606
1341846323.774928 0.851326644 -0.410809606 0.377899170 0.111079723 -0.156626076 0.001614793 0.981390357
1341846323.810012 0.846296668 -0.418569386 0.377659202 0.112826169 -0.156951681 -0.002314125 0.981137693
1341846323.842207 0.849746466 -0.434829533 0.374364257 0.112753958 -0.157043710 -0.006267237 0.981113970
1341846323.878019 0.846156716 -0.437551647 0.370880485 0.114493586 -0.157655954 -0.009133168 0.980791748
1341846323.909826 0.847575307 -0.459544182 0.379537314 0.116135322 -0.159962416 -0.011999067 0.980194211
1341846323.942459 0.851916254 -0.450046182 0.363591731 0.121259570 -0.159575045 -0.009709309 0.979662001
1341846323.978055 0.841579854 -0.451950252 0.378766447 0.123229459 -0.162642881 -0.007486735 0.978930950
1341846324.015934 0.795693636 -0.484650940 0.354584932 0.122370608 -0.155914634 -0.011424980 0.980094671
1341846324.047722 0.811402380 -0.465245306 0.356391400 0.128205195 -0.156441078 -0.010541812 0.979274511
1341846324.083904 0.811164677 -0.435974866 0.367874056 0.131100759 -0.155283317 -0.009936529 0.979081750
1341846324.115968 0.817753077 -0.440399617 0.359642565 0.128418341 -0.153738812 -0.012318218 0.979653716
1341846324.151967 0.822213411 -0.438905567 0.365999758 0.127811193 -0.151474327 -0.015970567 0.980033100
1341846324.183941 0.814020097 -0.425126404 0.363055348 0.126344278 -0.146708891 -0.021528509 0.980841577
1341846324.219984 0.811876118 -0.422544211 0.352280647 0.122478895 -0.144325241 -0.022185408 0.981670499
1341846324.251968 0.809926987 -0.426875472 0.351412594 0.121154055 -0.144223258 -0.022703817 0.981838048
1341846324.284052 0.816596985 -0.421565861 0.360708624 0.121042393 -0.147233859 -0.023942932 0.981375396
1341846324.319880 0.831927717 -0.447187245 0.365115225 0.114066906 -0.154326186 -0.027494773 0.981028140
1341846324.351917 0.805693150 -0.441806972 0.369756520 0.108933181 -0.152973145 -0.027847601 0.981813312
1341846324.388001 0.829226613 -0.405498624 0.366869867 0.110841908 -0.154915735 -0.033199620 0.981128454
1341846324.419908 0.842099726 -0.346108973 0.374125183 0.114576638 -0.154755741 -0.034040172 0.980695784
1341846324.452027 0.828448713 -0.339677870 0.378368765 0.110621288 -0.153148755 -0.034030247 0.981402278
1341846324.487928 0.829164684 -0.313367009 0.380236238 0.111873657 -0.153795943 -0.031024454 0.981258690
1341846324.519985 0.797207296 -0.339021385 0.364988595 0.103442706 -0.151166663 -0.028015638 0.982681751
1341846324.556001 0.795998693 -0.323463291 0.369211674 0.101373874 -0.155980334 -0.024423037 0.982240856
1341846324.587888 0.819279671 -0.295963228 0.380577892 0.100426324 -0.163069740 -0.022685025 0.981227934
1341846324.620086 0.821249723 -0.296882212 0.381691605 0.097769052 -0.166061521 -0.026598381 0.980896175
1341846324.655955 0.799277604 -0.301724046 0.376162022 0.094007671 -0.162916616 -0.029201278 0.981716871
1341846324.688082 0.794338405 -0.290726155 0.385511220 0.094066948 -0.162442461 -0.026959643 0.981853902
1341846324.755922 0.822481453 -0.248327971 0.388550162 0.095895670 -0.171323791 -0.020259742 0.980327427
1341846324.814016 0.845711946 -0.163568109 0.383115292 0.100309439 -0.177227318 -0.023682745 0.978758216
1341846324.849979 0.822572231 -0.130229026 0.393042326 0.100295782 -0.171873301 -0.028489606 0.979586005
1341846324.881924 0.815209866 -0.156625271 0.392721742 0.091744632 -0.173250213 -0.028953897 0.980167866
1341846324.913902 0.807266295 -0.156770423 0.387852222 0.088710323 -0.172717765 -0.026455963 0.980611622
1341846324.949999 0.809692800 -0.175156504 0.395379454 0.085526600 -0.174197882 -0.024426749 0.980685353
1341846324.981922 0.794676483 -0.171912864 0.386523068 0.088702701 -0.175042465 -0.018676748 0.980379105
1341846325.018013 0.814648330 -0.157656431 0.397905439 0.093367904 -0.184212893 -0.016484026 0.978302836
1341846325.050079 0.810080171 -0.120962664 0.387297034 0.099307038 -0.187317267 -0.017968433 0.977101564
1341846325.081901 0.803359210 -0.072489239 0.379298598 0.104574099 -0.190053403 -0.020113660 0.975981236
1341846325.118531 0.816216946 -0.046423547 0.372715145 0.102942318 -0.191905871 -0.022565147 0.975738645
1341846325.149933 0.809721172 -0.050492719 0.378484577 0.097027093 -0.188923866 -0.025649032 0.976849914
1341846325.181925 0.788751543 -0.028833209 0.377516568 0.095807925 -0.184784293 -0.021615539 0.977859080
1341846325.218055 0.808261275 -0.021412205 0.394344658 0.092823491 -0.189016014 -0.018206686 0.977407455
1341846325.249811 0.796459198 -0.010491267 0.387156516 0.090744168 -0.187048122 -0.015018716 0.978035271
1341846325.285925 0.796397448 0.001640016 0.387942284 0.088309117 -0.187299564 -0.012955378 0.978239536
1341846325.317988 0.820833743 -0.007910915 0.393944472 0.084846064 -0.187780201 -0.011069536 0.978477001
1341846325.349844 0.816817284 -0.019217379 0.401959777 0.085914284 -0.183717266 -0.008424591 0.979181230
1341846325.387302 0.801904380 0.000254156 0.402381420 0.091735102 -0.178400680 -0.005400422 0.979657471
1341846325.417931 0.836051702 0.012674704 0.411067575 0.095533520 -0.178505614 -0.001593081 0.979288816
1341846325.450747 0.857153416 0.020898946 0.429404199 0.102259263 -0.174381688 0.002350966 0.979351103
1341846325.485954 0.802729726 0.063661307 0.420579553 0.115249984 -0.160223976 0.003490220 0.980323255
1341846325.517875 0.817920148 0.083056822 0.418405712 0.120502383 -0.159926146 0.009398916 0.979701221
1341846325.553859 0.821610868 0.090838492 0.418656141 0.124422975 -0.157058671 0.008381496 0.979684293
1341846325.585855 0.825445116 0.126947463 0.420992076 0.130479723 -0.155291066 0.009891275 0.979163885
1341846325.617990 0.821918011 0.163151115 0.419066459 0.131901786 -0.152838320 0.007489346 0.979380608
1341846325.653982 0.820054293 0.116605774 0.420977861 0.123387836 -0.151083231 0.003973615 0.980782092
1341846325.685819 0.814695895 0.128463969 0.425221354 0.130156144 -0.149118274 0.005003565 0.980203152
1341846325.717857 0.810878277 0.155335575 0.425864339 0.135967061 -0.148361951 0.014571326 0.979433179
1341846325.754083 0.808274448 0.162436485 0.422076792 0.139261335 -0.148001760 0.018039890 0.978966951
1341846325.786087 0.810052335 0.166167587 0.429265201 0.145274505 -0.147999212 0.021753160 0.978017569
1341846325.821856 0.808862150 0.195651084 0.431377947 0.151349768 -0.146199271 0.022717355 0.977344930
1341846325.853827 0.796100974 0.211392462 0.430447042 0.153848857 -0.144285694 0.026562775 0.977142036
1341846325.885958 0.797762036 0.226781175 0.422894120 0.153196111 -0.147957444 0.033990204 0.976465166
1341846325.921984 0.795184970 0.246113658 0.439973235 0.154538959 -0.152072981 0.037852559 0.975478709
1341846325.953899 0.813230753 0.247793823 0.437808067 0.156739175 -0.153239235 0.040105894 0.974854946
1341846325.985823 0.811576664 0.253574073 0.445164174 0.158242643 -0.150851876 0.045994565 0.974724352
1341846326.021991 0.790017128 0.273009539 0.442258388 0.163344949 -0.147903621 0.051755760 0.974045336
1341846326.054055 0.777729571 0.300567210 0.443038672 0.170877635 -0.146219611 0.055247907 0.972814679
1341846326.089984 0.805641532 0.329038501 0.454762012 0.176193446 -0.148845568 0.054673158 0.971499741
1341846326.121822 0.796210408 0.332680881 0.456396759 0.174973115 -0.143244013 0.054426253 0.972575665
1341846326.154079 0.799735665 0.333352029 0.461265087 0.175236896 -0.142054975 0.053620294 0.972747266
1341846326.190178 0.770996213 0.357961178 0.459072560 0.180394024 -0.138228610 0.055231977 0.972265542
1341846326.222162 0.782855213 0.387148738 0.450816900 0.180792794 -0.141847640 0.064711347 0.971084833
1341846326.259181 0.776770353 0.413306206 0.458040893 0.179772168 -0.143836573 0.068147786 0.970746577
1341846326.322766 0.780712724 0.448700607 0.487174720 0.176151648 -0.146167442 0.065757528 0.971226931
1341846326.359773 0.781699598 0.445214510 0.487160116 0.170973122 -0.144457400 0.062705792 0.972608984
1341846326.392109 0.780283809 0.447020054 0.490206599 0.171040908 -0.142155379 0.063599780 0.972878218
1341846326.423985 0.779592216 0.440983772 0.496084303 0.171988711 -0.142296910 0.070244022 0.972233117
1341846326.459869 0.783936322 0.439979851 0.497214884 0.170571208 -0.146318600 0.073568419 0.971639872
1341846326.526163 0.786519647 0.428854674 0.483130664 0.162833437 -0.142606124 0.070965447 0.973710835
1341846326.560211 0.784748256 0.415670455 0.492349267 0.154403701 -0.138898924 0.070673883 0.975639224
1341846326.591828 0.797055125 0.412005484 0.501754522 0.149771258 -0.139661193 0.071668670 0.976179779
1341846326.627027 0.799692750 0.414683700 0.506837010 0.148120895 -0.138369188 0.069576479 0.976766765
1341846326.658442 0.798133969 0.430952609 0.500020862 0.146572098 -0.133319318 0.067724183 0.977832317
1341846326.694856 0.785962462 0.427732676 0.498632848 0.140076756 -0.128563762 0.067884021 0.979408860
1341846326.726206 0.808979034 0.424958646 0.509440124 0.132010579 -0.131540060 0.064150728 0.980385184
1341846326.762753 0.808577418 0.440927833 0.503328800 0.126774654 -0.127763599 0.059830815 0.981847703
1341846326.826821 0.791141868 0.416029811 0.507853270 0.102387942 -0.119410187 0.054876339 0.986025631
1341846326.858887 0.798004031 0.405468762 0.514479160 0.093571834 -0.119879961 0.053087395 0.986942232
1341846326.895360 0.782606423 0.423574775 0.527298093 0.095128514 -0.119050115 0.054274928 0.986829221
1341846326.926897 0.785271764 0.422282875 0.522343457 0.095050633 -0.123277247 0.055975266 0.986222565
1341846326.958888 0.774518490 0.461597353 0.524440408 0.102054231 -0.123117812 0.060265258 0.985289335
1341846326.994594 0.783510923 0.446709335 0.522730708 0.097196124 -0.123704709 0.060986690 0.985662580
1341846327.026301 0.788521469 0.441720307 0.531550467 0.091683418 -0.122964561 0.058213465 0.986450732
1341846327.063945 0.753859043 0.473016202 0.508776546 0.094730563 -0.113778397 0.053687491 0.987521291
1341846327.094662 0.798999846 0.461906105 0.537770092 0.090311386 -0.120389931 0.053069238 0.987184763
1341846327.128901 0.785276353 0.488417327 0.547227919 0.092995457 -0.118537858 0.051612113 0.987236977
1341846327.161940 0.750557005 0.487513214 0.522577763 0.089448810 -0.112500183 0.048034396 0.988451004
1341846327.193867 0.771432877 0.488187551 0.538318396 0.087683454 -0.114355706 0.045962315 0.988494754
1341846327.229885 0.753822744 0.496260315 0.518946767 0.088173725 -0.107169598 0.041600198 0.989449143
1341846327.262014 0.700011730 0.524140298 0.495921403 0.092887446 -0.091850817 0.037766326 0.990711391
1341846327.294023 0.655735612 0.535666347 0.475667477 0.098289825 -0.071679197 0.032044984 0.992055595
1341846327.330015 0.630668879 0.538149416 0.450527996 0.097158037 -0.057049353 0.028135112 0.993234158
1341846327.361939 0.600047588 0.560422122 0.438590854 0.097168319 -0.045880262 0.021315148 0.993981361
1341846327.393887 0.569760144 0.571763217 0.427479535 0.097306795 -0.038290784 0.016087633 0.994387507
1341846327.429966 0.535441518 0.557906449 0.398158252 0.088366799 -0.031936571 0.009558570 0.995530009
1341846327.461965 0.518144786 0.556525230 0.382917196 0.078426234 -0.033522155 0.005980583 0.996338248
1341846327.497931 0.490251392 0.546720266 0.375022382 0.071741618 -0.028512215 0.000509062 0.997015536
1341846327.530068 0.448590517 0.553791642 0.362334996 0.069159709 -0.020639796 0.002302637 0.997389495
1341846327.561895 0.437669992 0.574953616 0.356982708 0.070225999 -0.021972951 0.007913663 0.997257710
1341846327.598010 0.386517942 0.581366956 0.356052876 0.071740568 -0.015813239 0.011279669 0.997234225
1341846327.629945 0.401753992 0.620041370 0.351737171 0.076678813 -0.024357835 0.011153869 0.996695876
1341846327.662003 0.393269897 0.602820814 0.350595832 0.073078111 -0.025877655 0.006485116 0.996969342
1341846327.697919 0.360018879 0.614641845 0.332827598 0.074367702 -0.020640474 0.008221295 0.996983349
1341846327.730075 0.323896646 0.613302886 0.310618907 0.066616952 -0.015695937 0.010969715 0.997594893
1341846327.766017 0.298934609 0.623291254 0.314868361 0.063170969 -0.011743307 0.010789280 0.997875333
1341846327.797917 0.332637668 0.651880920 0.322827727 0.059960265 -0.018184396 0.014604177 0.997928262
1341846327.830054 0.326309204 0.653078973 0.324839413 0.052758913 -0.017078206 0.012599430 0.998381793
1341846327.865944 0.323175818 0.635227859 0.320267737 0.043254670 -0.014854612 0.012805801 0.998871565
1341846327.898010 0.315128267 0.645614028 0.323963195 0.040480714 -0.012613612 0.013212523 0.999013424
1341846327.929991 0.320973903 0.655942619 0.325879067 0.036298960 -0.015143869 0.011223811 0.999163210
1341846327.966065 0.320928067 0.679370403 0.330607325 0.035395782 -0.014363988 0.007980454 0.999238253
1341846327.998073 0.297827393 0.681191206 0.326265186 0.027752044 -0.009099619 0.004838758 0.999561727
1341846328.034045 0.294853181 0.686816871 0.324668616 0.022075782 -0.007161891 0.003023350 0.999726057
1341846328.065993 0.319798142 0.673985183 0.327200085 0.013777050 -0.010759314 0.003087573 0.999842465
1341846328.098045 0.320569575 0.665125012 0.332100004 0.012862875 -0.011062264 0.005811190 0.999839246
1341846328.133967 0.311583459 0.661898732 0.326007038 0.014768506 -0.010778795 0.008814776 0.999794006
1341846328.166023 0.302232385 0.660909712 0.324167013 0.014621418 -0.012230407 0.009061067 0.999777257
1341846328.198018 0.307060003 0.645385444 0.321322441 0.013356323 -0.015892040 0.006609613 0.999762714
1341846328.234044 0.308260620 0.639056444 0.321618259 0.017123293 -0.017910765 0.005796776 0.999676168
1341846328.265899 0.306147963 0.620861232 0.316817582 0.017687988 -0.019273711 0.005899225 0.999640405
1341846328.302051 0.288892955 0.620523214 0.324470252 0.023938594 -0.016975895 0.006233105 0.999549925
1341846328.333917 0.258404821 0.611550808 0.327823758 0.028818600 -0.012597920 0.007568161 0.999476612
1341846328.366008 0.297143519 0.595875502 0.330770582 0.034399372 -0.020118713 0.006963566 0.999181390
1341846328.402010 0.256980985 0.565999269 0.341487586 0.044339724 -0.012588290 0.009098250 0.998895764
1341846328.433920 0.303461790 0.556702852 0.314063281 0.047514800 -0.022234116 0.012242451 0.998548090
1341846328.470003 0.314573586 0.544953227 0.317189842 0.049724735 -0.024943920 0.005194540 0.998437941
1341846328.502194 0.274095029 0.540503621 0.316219360 0.055694215 -0.015305174 -0.003218588 0.998325408
1341846328.534033 0.302578002 0.502652943 0.306521297 0.053471860 -0.016989065 -0.007027969 0.998400152
1341846328.570125 0.302277923 0.460656047 0.299715161 0.050660320 -0.016968839 -0.004614041 0.998561144
1341846328.602804 0.303604156 0.450760365 0.306764573 0.057539035 -0.024279822 0.000843092 0.998047709
1341846328.672663 0.292786002 0.402871519 0.284010470 0.065394416 -0.034041926 -0.003735418 0.997271657
1341846328.702975 0.297960490 0.392872900 0.290896207 0.068785682 -0.038284775 -0.004048156 0.996888399
1341846328.770129 0.288626850 0.364939988 0.277293235 0.077811696 -0.038904529 -0.006933214 0.996184587
1341846328.802331 0.292979717 0.363065302 0.291875005 0.081379503 -0.043340847 -0.005885044 0.995723069
1341846328.838051 0.295491904 0.357089847 0.282951355 0.087175816 -0.045344289 -0.008839936 0.995121181
1341846328.869939 0.287831187 0.375104934 0.279310167 0.090766296 -0.044761661 -0.009689942 0.994818568
1341846328.904486 0.279009163 0.357116342 0.279035240 0.085981101 -0.046366397 -0.010565250 0.995161235
1341846328.939814 0.294927448 0.336337149 0.274216801 0.089418426 -0.050930995 -0.011457368 0.994625092
1341846328.970217 0.284200966 0.312984347 0.261908174 0.089554206 -0.051084492 -0.007340358 0.994643927
1341846329.006232 0.282379866 0.314449787 0.264470845 0.092366695 -0.052949943 -0.002951262 0.994311810
1341846329.038243 0.289770037 0.304894328 0.265590608 0.098019131 -0.054957435 -0.002786180 0.993662000
1341846329.106125 0.286469400 0.310251087 0.257087022 0.102517098 -0.054407988 -0.003334623 0.993236601
1341846329.138340 0.292578191 0.310376257 0.257851690 0.106737398 -0.056146264 -0.004353937 0.992691159
1341846329.169991 0.292651981 0.301017463 0.250805438 0.107308663 -0.057204247 -0.005742702 0.992562115
1341846329.208656 0.289591789 0.292554140 0.245145783 0.107839651 -0.057101283 -0.006374458 0.992506623
1341846329.238169 0.288906574 0.291392803 0.240822747 0.107406124 -0.057721581 -0.006110942 0.992519438
1341846329.273827 0.291681021 0.283020556 0.241762206 0.106518112 -0.059181124 -0.005187784 0.992534459
1341846329.306052 0.283629835 0.285708159 0.234081432 0.108062014 -0.059995748 -0.007541956 0.992303550
1341846329.338104 0.299010426 0.279214561 0.231899276 0.103530742 -0.063570924 -0.009734190 0.992544949
1341846329.373907 0.289784968 0.256998003 0.227472216 0.099303134 -0.062677048 -0.010766324 0.993022919
1341846329.405985 0.287368238 0.252107471 0.225693107 0.101343997 -0.063530713 -0.014080890 0.992721021
1341846329.442057 0.293956757 0.255377531 0.224190563 0.102319933 -0.064920425 -0.017825071 0.992470860
1341846329.473950 0.293922275 0.243441269 0.220933035 0.101574630 -0.066233650 -0.023565592 0.992340863
1341846329.506147 0.292474180 0.255515009 0.218515337 0.105197720 -0.067790546 -0.025419500 0.991812348
1341846329.542121 0.286947519 0.239200532 0.213041857 0.102307558 -0.070251442 -0.026613226 0.991912127
1341846329.574086 0.291058630 0.220835924 0.211393923 0.103965037 -0.072967805 -0.028488429 0.991491497
1341846329.606387 0.288135111 0.221838951 0.203988537 0.106795624 -0.072632574 -0.029585810 0.991183102
1341846329.641955 0.274417460 0.211429432 0.202498287 0.105448671 -0.071781106 -0.029072750 0.991404474
1341846329.681570 0.268245786 0.192608625 0.201195687 0.103085026 -0.073980376 -0.029709492 0.991472542
1341846329.748113 0.294052690 0.190967813 0.202602297 0.106203541 -0.077787563 -0.030712450 0.990821242
1341846329.810175 0.280102640 0.141376242 0.194361150 0.098616898 -0.072809584 -0.027129071 0.992087483
1341846329.842255 0.285738945 0.137603387 0.190143704 0.101238102 -0.073941171 -0.023388244 0.991834939
1341846329.874044 0.279957801 0.125369102 0.192442715 0.101781227 -0.073337942 -0.019761836 0.991903067
1341846329.910073 0.277569294 0.148993313 0.193519831 0.105369374 -0.073427826 -0.016697332 0.991577983
1341846329.942009 0.270935684 0.154585138 0.195836410 0.102111861 -0.073090397 -0.012247358 0.992008626
1341846329.978087 0.287143052 0.113270126 0.189591542 0.096050039 -0.076434590 -0.012091435 0.992363870
1341846330.016305 0.276841223 0.120710909 0.186851412 0.098945946 -0.073054709 -0.014024515 0.992308497
1341846330.048192 0.293644845 0.135026693 0.186003834 0.096714333 -0.074963436 -0.010905856 0.992425263
1341846330.080418 0.283907562 0.104687780 0.185599774 0.089576118 -0.073541023 -0.009570601 0.993215144
1341846330.115886 0.284963280 0.119422428 0.185260057 0.097455285 -0.072084136 -0.009170045 0.992583632
1341846330.147839 0.272544980 0.127325371 0.179210544 0.099013612 -0.070266433 -0.006324475 0.992581964
1341846330.181257 0.294833034 0.142625153 0.180858612 0.095838971 -0.074697725 -0.003615169 0.992583513
1341846330.215852 0.300793290 0.134013399 0.192167893 0.089625545 -0.075056821 -0.004130353 0.993134797
1341846330.247833 0.290200591 0.117620863 0.183127165 0.085583895 -0.072929978 -0.005423074 0.993643403
1341846330.283913 0.284036398 0.149518356 0.179507032 0.087098040 -0.072408356 -0.004698010 0.993553758
1341846330.316011 0.282328218 0.118101560 0.177206233 0.076293699 -0.073120236 -0.005659495 0.994384587
1341846330.347868 0.274622530 0.115829259 0.175720409 0.074949503 -0.073658645 -0.006418472 0.994442523
1341846330.383835 0.283541262 0.107745774 0.178437829 0.072166018 -0.075289294 -0.005953207 0.994529188
1341846330.415934 0.281420022 0.091740616 0.173956588 0.071098804 -0.073990457 -0.009271841 0.994678080
1341846330.452561 0.271479905 0.091214135 0.174049109 0.074034497 -0.073379196 -0.009628304 0.994505763
1341846330.483903 0.253785819 0.098100804 0.166258276 0.074179098 -0.072499588 -0.006679604 0.994583726
1341846330.515970 0.260126770 0.081469789 0.165958017 0.070760518 -0.075997569 -0.003817388 0.994586706
1341846330.552099 0.272006541 0.096370280 0.166024581 0.075395420 -0.079126216 -0.001062108 0.994008839
1341846330.583876 0.275246024 0.104128972 0.163765371 0.074726604 -0.080265798 -0.000861373 0.993968129
1341846330.619992 0.278026521 0.133760452 0.155814260 0.074637055 -0.081977643 -0.001267432 0.993834674
1341846330.652136 0.287481904 0.112517335 0.158695921 0.065176636 -0.084866405 -0.003604313 0.994251907
1341846330.683796 0.288621813 0.096658759 0.156030029 0.058322456 -0.084911279 -0.004751138 0.994668841
1341846330.719991 0.267019272 0.077317178 0.144974664 0.053917997 -0.084307522 -0.004586375 0.994969428
1341846330.752103 0.253791690 0.070821218 0.141596407 0.054326888 -0.086773038 0.000157959 0.994745791
1341846330.787952 0.271636963 0.075204954 0.130445793 0.054715101 -0.094845518 0.003680664 0.993980408
1341846330.819823 0.270971715 0.076540552 0.129001737 0.054592550 -0.098518312 0.003987791 0.993628681
1341846330.852208 0.274242431 0.080779925 0.129540771 0.053879283 -0.100601956 0.004813268 0.993455172
1341846330.914111 0.271706700 0.092735402 0.124204338 0.045297116 -0.103621535 0.003402550 0.993579030
1341846330.949903 0.250314385 0.088789552 0.125236183 0.043276723 -0.101740502 0.002271337 0.993866622
1341846330.981986 0.269155085 0.083769321 0.120559521 0.042732004 -0.110095963 0.002634619 0.992998481
1341846331.014111 0.265558720 0.081830792 0.117457300 0.040841077 -0.113067724 0.003614354 0.992740989
1341846331.082139 0.265523374 0.101239331 0.115256637 0.046964154 -0.116153590 0.000457822 0.992120266
1341846331.114334 0.253062069 0.111964546 0.106954910 0.048234187 -0.116248518 -0.000400648 0.992048144
1341846331.149989 0.262845129 0.099604934 0.114791669 0.047138218 -0.119012110 -0.001535075 0.991772056
1341846331.181954 0.244493693 0.088019945 0.104987234 0.048169624 -0.116597928 -0.003486347 0.992004275
1341846331.218151 0.246337116 0.100817509 0.093082502 0.048128407 -0.120169826 -0.001257851 0.991585255
1341846331.249914 0.226417497 0.097012937 0.082924947 0.047014166 -0.117156304 -0.005954712 0.991982222
1341846331.318141 0.138648912 0.114183426 0.056425340 0.060637586 -0.092135042 -0.007526520 0.993870020
1341846331.349926 0.103893779 0.105104282 0.046742324 0.058034528 -0.083065003 -0.008614456 0.994815588
1341846331.382003 0.094982624 0.131615207 0.045755681 0.067389257 -0.073942460 -0.010855227 0.994923890
1341846331.418008 0.127698526 0.104623817 0.052571405 0.069232315 -0.069749579 -0.012039956 0.995086432
1341846331.450327 0.097617149 0.108290344 0.052813780 0.070631407 -0.059902422 -0.009350982 0.995658338
1341846331.486219 0.100294590 0.126312077 0.070079200 0.073727004 -0.059356689 -0.008722994 0.995472252
1341846331.518344 0.098521739 0.129959792 0.064000197 0.072796747 -0.057593517 -0.008924608 0.995642483
1341846331.550202 0.093078814 0.112860389 0.076750241 0.074035078 -0.051127214 -0.012482459 0.995865941
1341846331.586139 0.091426224 0.107985616 0.078317225 0.073594220 -0.050558530 -0.012193777 0.995931327
1341846331.617931 0.083992012 0.113538861 0.083094463 0.073454395 -0.048811220 -0.011341698 0.996038854
1341846331.654027 0.076357327 0.128416464 0.087047100 0.077652730 -0.044053979 -0.011467342 0.995940685
1341846331.686123 0.068104088 0.100880489 0.097553089 0.074117988 -0.040724169 -0.008645576 0.996380150
1341846331.717954 0.068603158 0.101326980 0.098625176 0.069326408 -0.042520195 -0.008265155 0.996653199
1341846331.754076 0.075461678 0.099311635 0.116808467 0.068946332 -0.042031746 -0.008955304 0.996694326
1341846331.785920 0.057794999 0.097439304 0.119085394 0.071833268 -0.036065277 -0.011523585 0.996697783
1341846331.818053 0.035819374 0.094907336 0.133134648 0.070596322 -0.031437915 -0.010643194 0.996952653
1341846331.853849 0.026450722 0.099934064 0.139489010 0.070926540 -0.029672373 -0.011310609 0.996976018
1341846331.885987 0.047531143 0.069594227 0.145951480 0.069218233 -0.029461287 -0.013296772 0.997077823
1341846331.922014 0.027892252 0.064301327 0.154093087 0.069180965 -0.023538802 -0.014016257 0.997227967
1341846331.954037 0.039764192 0.082829624 0.169047281 0.072751798 -0.021976357 -0.013162587 0.997021079
1341846331.986135 0.069473661 0.077253208 0.180020809 0.076009966 -0.020848535 -0.011083046 0.996827483
1341846332.022364 0.047070742 0.078218512 0.192015126 0.083579272 -0.013337923 -0.011288867 0.996347904
1341846332.054175 0.054294925 0.065772563 0.197627410 0.086717598 -0.014602175 -0.009566016 0.996079981
1341846332.086502 0.036490019 0.064877294 0.206718937 0.088971488 -0.011486012 -0.008703868 0.995929956
1341846332.122051 0.066254713 0.066445448 0.225651979 0.090660572 -0.015843788 -0.009589192 0.995709658
1341846332.153983 0.043515157 0.063109182 0.232522458 0.086972378 -0.012986920 -0.009952092 0.996076405
1341846332.190165 0.033057846 0.085839428 0.254189521 0.084684178 -0.012816643 -0.014206816 0.996224105
1341846332.254145 0.042844135 0.068685777 0.274698585 0.084488295 -0.013971283 -0.015723202 0.996202469
1341846332.289948 0.065732419 0.076150693 0.293761849 0.086978063 -0.018930109 -0.012342325 0.995953918
1341846332.322172 0.043068890 0.064501509 0.299659163 0.085841879 -0.015596557 -0.011697076 0.996118069
1341846332.354003 0.052142210 0.069463365 0.310197890 0.090207852 -0.014866609 -0.013519563 0.995720267
1341846332.390180 0.027473371 0.067295097 0.302607536 0.090059079 -0.005653565 -0.018451555 0.995749474
1341846332.422055 0.001869156 0.060033113 0.310476393 0.086259052 0.001355525 -0.021297578 0.996044159
1341846332.458114 -0.007214089 0.054780085 0.322347581 0.085252404 0.005589128 -0.025388230 0.996020257
1341846332.489993 0.011957554 0.073170140 0.348661244 0.089592688 0.003025151 -0.021725753 0.995736897
1341846332.522130 0.009370478 0.079086259 0.361676782 0.089261524 -0.001192620 -0.014870413 0.995896518
1341846332.558114 0.014427248 0.070086308 0.370717615 0.087580852 -0.007821386 -0.008143703 0.996093452
1341846332.589874 0.040234558 0.080446362 0.375158340 0.088093147 -0.014297774 -0.004382686 0.995999992
1341846332.621889 0.037754588 0.087759189 0.378512263 0.084459201 -0.013746302 -0.004216361 0.996323228
1341846332.658202 0.012455779 0.083593495 0.394874662 0.080427803 -0.007779525 -0.006461238 0.996709168
1341846332.690001 -0.000527811 0.088798918 0.401894420 0.079123981 -0.004356759 -0.005744194 0.996838748
1341846332.726000 -0.015898438 0.088258460 0.410045773 0.078239702 -0.002721555 -0.002590264 0.996927559
1341846332.758386 -0.009113855 0.090898298 0.407714814 0.079464063 -0.006169794 -0.001758949 0.996817112
1341846332.789937 -0.013625615 0.082550429 0.403505892 0.075500689 -0.003658662 -0.003597477 0.997132540
1341846332.825925 -0.040291175 0.080445066 0.415926516 0.073377579 0.004387679 -0.005739113 0.997278094
1341846332.857898 -0.066462249 0.078745417 0.425053596 0.074218959 0.011072081 -0.008451122 0.997144699
1341846332.894069 -0.075841695 0.079412736 0.417556614 0.072159678 0.012546135 -0.008654371 0.997276723
1341846332.926029 -0.103961661 0.070923388 0.419188738 0.065689676 0.019490454 -0.014701218 0.997541428
1341846332.958015 -0.130473644 0.067431025 0.423058182 0.061610181 0.027359290 -0.017415598 0.997573256
1341846332.994073 -0.158302635 0.069986619 0.425017089 0.059305683 0.034362081 -0.018537715 0.997476041
1341846333.026545 -0.185766071 0.061465167 0.427251279 0.054716866 0.041247152 -0.022157384 0.997403562
1341846333.057998 -0.219590738 0.057965137 0.433902085 0.053161055 0.050416324 -0.020353660 0.997104764
1341846333.094024 -0.248880208 0.048857987 0.432595223 0.051500376 0.057592358 -0.016878137 0.996868074
1341846333.126095 -0.302468777 0.042140286 0.445479780 0.050492216 0.071294002 -0.015674807 0.996053219
1341846333.161973 -0.340948522 0.039669964 0.441424578 0.047556408 0.081998348 -0.016188946 0.995365560
1341846333.195660 -0.386536300 0.034286283 0.451793045 0.044103891 0.093762904 -0.014788761 0.994507253
1341846333.226331 -0.420025975 0.031300399 0.447615206 0.041436601 0.100551806 -0.016997317 0.993923247
1341846333.262056 -0.447831064 0.036927640 0.441097319 0.038495127 0.106392570 -0.020637430 0.993364394
1341846333.294147 -0.489633530 0.025860442 0.453889221 0.032506414 0.115515299 -0.023910064 0.992485702
1341846333.326100 -0.454532325 0.017505923 0.453753084 0.029421808 0.107884057 -0.021057332 0.993504882
1341846333.362100 -0.450459540 0.023781732 0.454349488 0.026417701 0.107047342 -0.022093864 0.993657351
1341846333.394119 -0.450062364 0.018690512 0.459159672 0.023314508 0.106008686 -0.021468213 0.993860006
1341846333.429974 -0.467126459 0.013092518 0.458710372 0.021201970 0.107748836 -0.022335853 0.993701100
1341846333.462115 -0.484834641 0.010064672 0.461247981 0.020413265 0.111253820 -0.023544507 0.993303359
1341846333.494040 -0.503633678 0.009531222 0.465170234 0.021077245 0.115644224 -0.025051078 0.992751002
1341846333.529953 -0.531709552 0.017628666 0.469594896 0.023670314 0.122138225 -0.025209950 0.991910517
1341846333.562063 -0.554824114 0.020786613 0.474687338 0.025190838 0.128757253 -0.024249891 0.991059542
1341846333.594090 -0.581631482 0.027765971 0.476247013 0.024673086 0.132722318 -0.021843828 0.990605295
1341846333.629994 -0.609745443 0.033279467 0.484794706 0.021992864 0.135803983 -0.022391379 0.990238488
1341846333.662127 -0.627580822 0.039777517 0.488256991 0.020003816 0.137723640 -0.021227822 0.990041137
1341846333.697964 -0.649926066 0.038552728 0.494602710 0.019113494 0.142072186 -0.019998316 0.989469767
1341846333.730092 -0.672416270 0.047121793 0.493586242 0.023429159 0.145941183 -0.019556126 0.988822460
1341846333.762089 -0.694768786 0.047465984 0.494218290 0.024983834 0.150491014 -0.018518642 0.988122165
1341846333.798006 -0.672340751 0.045681316 0.486618638 0.026190726 0.146255210 -0.018828893 0.988720894
1341846333.830055 -0.671151936 0.050375909 0.481393456 0.029623425 0.146958187 -0.021003664 0.988475919
1341846333.866045 -0.682756186 0.053055689 0.479700595 0.031118300 0.149925515 -0.023076350 0.987938046
1341846333.897987 -0.679192603 0.045944221 0.474163562 0.031378433 0.148595810 -0.023390038 0.988123238
1341846333.930099 -0.684011638 0.045199167 0.468439013 0.034460228 0.149963543 -0.025113221 0.987771630
1341846333.965889 -0.686672628 0.043786723 0.464010090 0.036191329 0.150581256 -0.025523171 0.987605214
1341846333.997985 -0.683199763 0.045334406 0.457648426 0.039710127 0.150449306 -0.025858093 0.987481415
1341846334.030076 -0.700128376 0.047335945 0.455441266 0.043043129 0.153951988 -0.025873512 0.986801207
1341846334.066000 -0.717760503 0.050478466 0.453140736 0.045586832 0.156175762 -0.024703719 0.986367464
1341846334.097932 -0.713297725 0.051671464 0.448086530 0.047804520 0.154775754 -0.025180915 0.986471117
1341846334.133884 -0.695741534 0.039828267 0.433904767 0.047061339 0.151437089 -0.024849702 0.987033188
1341846334.166115 -0.709103823 0.034743764 0.427025646 0.045746394 0.151523679 -0.023541493 0.987113833
1341846334.198072 -0.717904210 0.043089565 0.424168587 0.048243385 0.151126727 -0.025559362 0.987005651
1341846334.234097 -0.713504374 0.042577472 0.417877436 0.048013125 0.150464907 -0.025937445 0.987108052
1341846334.266045 -0.727850437 0.044557080 0.417021066 0.048782490 0.153653055 -0.025461823 0.986591458
1341846334.297946 -0.735093176 0.045446895 0.415897995 0.049855608 0.152303964 -0.022924196 0.986809194
1341846334.334036 -0.739751160 0.046712156 0.405584365 0.050494000 0.151346236 -0.023714278 0.986905456
1341846334.365871 -0.742411554 0.047926951 0.397377700 0.049823754 0.151360050 -0.026361449 0.986870229
1341846334.401845 -0.743145764 0.043682579 0.389079481 0.047349744 0.151491523 -0.026103318 0.986978710
1341846334.433864 -0.745789230 0.043474950 0.382574439 0.048157442 0.149728984 -0.025364887 0.987227798
1341846334.466105 -0.756713092 0.048152842 0.380086452 0.049374390 0.149673685 -0.025260555 0.987178802
1341846334.502142 -0.767025352 0.047716934 0.377751917 0.047750585 0.149439260 -0.024105374 0.987323046
1341846334.540153 -0.772793770 0.048230093 0.373785824 0.047469225 0.148686349 -0.026035095 0.987401307
1341846334.602351 -0.793288231 0.049190126 0.361017227 0.040741026 0.147041276 -0.031416871 0.987791479
1341846334.670161 -0.801043153 0.055069916 0.346483856 0.036537647 0.144891337 -0.037955716 0.988044024
1341846334.702085 -0.802531719 0.054455653 0.339880615 0.035624865 0.141930178 -0.037629142 0.988519549
1341846334.734751 -0.806362033 0.053643797 0.333621204 0.035800412 0.139355749 -0.035221636 0.988968015
1341846334.770889 -0.808237553 0.054144710 0.323023558 0.036021452 0.136922702 -0.031928796 0.989411533
1341846334.802194 -0.806413472 0.058069885 0.310336798 0.036237434 0.133070454 -0.031772058 0.989934146
1341846334.833908 -0.805094123 0.064263195 0.300424993 0.036632400 0.130822659 -0.034088288 0.990142167
1341846334.869874 -0.803341746 0.059696663 0.285599768 0.033772483 0.129302531 -0.032527916 0.990495980
1341846334.902006 -0.800614357 0.054019131 0.279202998 0.031188240 0.125897959 -0.030517360 0.991083086
1341846334.938010 -0.819630742 0.057661578 0.280895084 0.031244129 0.125617385 -0.033126824 0.991033137
1341846334.970032 -0.827548563 0.061530747 0.269985795 0.031970672 0.126015380 -0.033907279 0.990933061
1341846335.002203 -0.829111338 0.060411572 0.255635768 0.033695821 0.125534207 -0.031215448 0.991025448
1341846335.037880 -0.828797042 0.055881225 0.236940354 0.035023119 0.121009506 -0.027618447 0.991648853
1341846335.069990 -0.811742842 0.065799542 0.231132254 0.036821529 0.114707448 -0.028634012 0.992303610
1341846335.106038 -0.813195705 0.064384498 0.222637728 0.037095375 0.115953274 -0.030697519 0.992086947
1341846335.138045 -0.799870014 0.063882604 0.217241228 0.038541950 0.113156974 -0.030715147 0.992354095
1341846335.169900 -0.812264204 0.059842631 0.194971189 0.036989536 0.111488275 -0.028555565 0.992666483
1341846335.206091 -0.809398413 0.062781543 0.191685945 0.036536448 0.108899809 -0.031662472 0.992876410
1341846335.239365 -0.825445950 0.068236813 0.188580960 0.037972625 0.113008402 -0.036092047 0.992211998
1341846335.269948 -0.841646433 0.063850291 0.178033039 0.038632736 0.116075598 -0.036931995 0.991801381
1341846335.305972 -0.849341452 0.062267691 0.164590344 0.040097084 0.114730686 -0.035585310 0.991949022
1341846335.338012 -0.840709388 0.061616998 0.159073710 0.041709423 0.111278497 -0.034397259 0.992317677
1341846335.374005 -0.857778251 0.046506092 0.154944718 0.044498555 0.116197579 -0.033301778 0.991669834
1341846335.406025 -0.864072025 0.040435947 0.147975698 0.050163824 0.118585214 -0.031328406 0.991180956
1341846335.438079 -0.868375301 0.049573310 0.131809354 0.056361966 0.118892021 -0.030019641 0.990851641
1341846335.473998 -0.868737817 0.061468750 0.127011061 0.060210805 0.120531783 -0.029049156 0.990455925
1341846335.507038 -0.879362524 0.040355917 0.113012128 0.056417249 0.124046043 -0.031654522 0.990165472
1341846335.538040 -0.887758255 0.083973512 0.110352039 0.062927186 0.127339885 -0.034138683 0.989272177
1341846335.574119 -0.904867768 0.085607097 0.106944852 0.060212657 0.129251167 -0.033368193 0.989219487
1341846335.605970 -0.916100323 0.054195628 0.099332437 0.053559545 0.130045041 -0.033977050 0.989477277
1341846335.641978 -0.910562336 0.083105564 0.086068518 0.059590202 0.130086377 -0.037294488 0.989007413
1341846335.673993 -0.924116254 0.085587636 0.079918973 0.059319865 0.132128760 -0.037320875 0.988751888
1341846335.706178 -0.918226421 0.079915054 0.067815848 0.057888567 0.128788158 -0.035624664 0.989339888
1341846335.741982 -0.918505073 0.080971926 0.058377229 0.058512889 0.128480956 -0.036833160 0.989298940
1341846335.773960 -0.920277715 0.084019408 0.046832524 0.058348451 0.128409892 -0.037260532 0.989301801
1341846335.806271 -0.939002037 0.071243554 0.040944159 0.053393904 0.130404055 -0.036934637 0.989333034
1341846335.842031 -0.922734976 0.082800090 0.027961370 0.054162707 0.128329426 -0.035874348 0.989601433
1341846335.873966 -0.943506896 0.076568022 0.022750244 0.053818505 0.132670715 -0.037287112 0.988995314
1341846335.910005 -0.937097788 0.078546494 0.001366422 0.053266216 0.129859149 -0.034473963 0.989500284
1341846335.941936 -0.944007933 0.083370104 -0.004319360 0.053138301 0.128268257 -0.034922380 0.989699006
1341846335.974198 -0.944374382 0.084815435 -0.011576788 0.052659150 0.127212629 -0.036837384 0.989791393
1341846336.010032 -0.957816601 0.082945086 -0.014667192 0.051631566 0.128584087 -0.037507810 0.989643097
1341846336.042129 -0.956946611 0.070733190 -0.032230973 0.048669368 0.126009926 -0.036045555 0.990178525
1341846336.078076 -0.971632361 0.065717459 -0.030328926 0.047790341 0.126314342 -0.037439507 0.990130842
1341846336.110739 -0.972274542 0.087232344 -0.029981475 0.051466078 0.126040876 -0.039879210 0.989886165
1341846336.142002 -0.972224653 0.086363845 -0.046264526 0.051352169 0.124647662 -0.037885278 0.990146756
1341846336.183953 -0.978725076 0.074588872 -0.059254542 0.048395075 0.122381575 -0.036090344 0.990645349
1341846336.241891 -0.977649331 0.089068770 -0.067796037 0.048839547 0.120823160 -0.037042957 0.990779638
1341846336.277946 -0.969172955 0.096163407 -0.074117593 0.051407330 0.118484266 -0.033776857 0.991048932
1341846336.309977 -0.909706414 0.099517822 -0.104917325 0.055000369 0.105124220 -0.029227315 0.992506742
1341846336.346143 -0.857978106 0.110098407 -0.133793622 0.058201864 0.095108353 -0.029227855 0.993334174
1341846336.377975 -0.806145728 0.109355815 -0.152956188 0.059020955 0.086336762 -0.027228909 0.994143426
1341846336.410032 -0.765154362 0.108040035 -0.178062752 0.059391119 0.079337776 -0.024649384 0.994771659
1341846336.446041 -0.709027886 0.110696957 -0.193175390 0.059152216 0.068671912 -0.022774812 0.995623708
1341846336.477990 -0.648760796 0.107555091 -0.197226167 0.058198951 0.059201870 -0.023326388 0.996275008
1341846336.510056 -0.603007972 0.107030168 -0.213094547 0.058798488 0.052095171 -0.021527920 0.996677160
1341846336.546024 -0.554227948 0.107872009 -0.233732849 0.060183816 0.043861158 -0.019789912 0.997026861
1341846336.578003 -0.500445366 0.113203391 -0.245121107 0.060628526 0.034710698 -0.017734678 0.997399032
1341846336.614020 -0.453841567 0.120159350 -0.256183773 0.061656907 0.028608961 -0.020693207 0.997472703
1341846336.645982 -0.399998963 0.114530303 -0.265050799 0.058529973 0.021260373 -0.019545682 0.997867882
1341846336.678036 -0.381421626 0.135575265 -0.286092520 0.061125714 0.015813127 -0.021787914 0.997766972
1341846336.714024 -0.326762080 0.128007919 -0.293508798 0.061584949 0.005305619 -0.021092927 0.997864902
1341846336.746016 -0.270647049 0.122975409 -0.292157471 0.064952463 -0.005806755 -0.017005792 0.997726560
1341846336.778014 -0.218688950 0.123064339 -0.315383404 0.066782191 -0.018483177 -0.013139788 0.997509837
1341846336.820006 -0.160477862 0.133187309 -0.337460399 0.068584509 -0.029635778 -0.010778010 0.997146785
1341846336.882056 -0.051145669 0.127075762 -0.300895721 0.070613123 -0.050738096 -0.008329011 0.996177793
1341846336.914273 -0.031971827 0.110376760 -0.304696947 0.069791764 -0.058561325 -0.001328083 0.995840311
1341846336.945998 0.031387109 0.117775135 -0.296826929 0.077242658 -0.074589849 -0.001285226 0.994217455
1341846336.981980 0.089639291 0.129356951 -0.272550613 0.081646070 -0.087565467 0.003001438 0.992802739
1341846337.014238 0.156042755 0.147652462 -0.248507708 0.082914345 -0.101997085 0.004328432 0.991313875
1341846337.046017 0.194777578 0.139600947 -0.197177991 0.079848163 -0.108830586 0.009643767 0.990801275
1341846337.082104 0.232253939 0.140430585 -0.170531586 0.079904214 -0.114412904 0.010678804 0.990157068
1341846337.114317 0.264860481 0.136500165 -0.152282402 0.076723956 -0.122704908 0.015384667 0.989353478
1341846337.150037 0.299717039 0.137777910 -0.122088574 0.075608134 -0.129897833 0.015488325 0.988519192
1341846337.181873 0.337078273 0.144570038 -0.103392057 0.076726660 -0.135324955 0.012486952 0.987747073
1341846337.214073 0.367676526 0.150908634 -0.094730802 0.074857756 -0.139808953 0.013800294 0.987248421
1341846337.250087 0.380413085 0.138174117 -0.054078862 0.070417657 -0.143932313 0.018220086 0.986910820
1341846337.282028 0.420086056 0.140707299 -0.052789081 0.071197413 -0.154761583 0.020779936 0.985163987
1341846337.317920 0.455777109 0.139447182 -0.047170766 0.069619745 -0.162749678 0.020957332 0.983985007
1341846337.350018 0.483573377 0.138337448 -0.046956804 0.067258365 -0.166933149 0.023082951 0.983400702
1341846337.382159 0.488385677 0.147142380 -0.061845236 0.067717649 -0.163482383 0.016633159 0.984078825
1341846337.417941 0.514359355 0.144502848 -0.063037068 0.068601146 -0.167754263 0.017624488 0.983281136
1341846337.450137 0.536358595 0.142153352 -0.078189999 0.068117619 -0.172412932 0.010587875 0.982609630
1341846337.482096 0.543714523 0.146835834 -0.075657189 0.067984030 -0.173967063 0.008959596 0.982361138
1341846337.518008 0.550951779 0.158088848 -0.068661630 0.071992889 -0.175767526 0.008864520 0.981755733
1341846337.549978 0.558884978 0.152972445 -0.068612523 0.069521353 -0.177904278 0.007320737 0.981561661
1341846337.585971 0.559312820 0.155479416 -0.066789195 0.068063609 -0.178299323 0.006473680 0.981598079
1341846337.617903 0.548217416 0.156583607 -0.051654816 0.071334220 -0.176488623 0.007863651 0.981682897
1341846337.650141 0.558362901 0.153431863 -0.054132260 0.071246661 -0.178580821 0.007967916 0.981310010
1341846337.686352 0.574215293 0.157790020 -0.052077509 0.069580495 -0.181524351 0.009918292 0.980871618
1341846337.718002 0.578526318 0.156555071 -0.037259407 0.067855000 -0.182020158 0.009079182 0.980908751
1341846337.749920 0.588238001 0.173765302 -0.031195678 0.071035437 -0.181167454 0.010733674 0.980824709
1341846337.786157 0.607515931 0.176763147 -0.015476182 0.067614712 -0.182698756 0.011382353 0.980775118
1341846337.817945 0.580365419 0.184436738 -0.010271087 0.067717917 -0.174688771 0.012473068 0.982213080
1341846337.854071 0.600511074 0.182758108 0.001884854 0.065749593 -0.175276458 0.012453020 0.982242405
1341846337.885951 0.615090966 0.187395170 0.001548303 0.063808426 -0.176318675 0.009699984 0.982214928
1341846337.918223 0.622047782 0.188225031 0.018240053 0.060011968 -0.176295623 0.008058500 0.982473195
1341846337.954120 0.613499641 0.179251596 0.018640492 0.056838676 -0.173878327 0.007404420 0.983097613
1341846337.985994 0.628591180 0.180606365 0.042070523 0.052974705 -0.175996512 0.008765975 0.982925296
1341846338.018107 0.648864746 0.188142255 0.072321191 0.051542368 -0.178809643 0.008884528 0.982492626
1341846338.054055 0.584680259 0.203052759 0.028636768 0.052461930 -0.163875207 0.005525685 0.985069633
1341846338.085986 0.611359358 0.205038920 0.061836094 0.049522564 -0.166262612 0.005491042 0.984821856
1341846338.121875 0.607301533 0.193920344 0.078857481 0.045682635 -0.163811252 0.007322928 0.985406220
1341846338.154089 0.644109786 0.190658435 0.110339373 0.042987540 -0.171390235 0.012772607 0.984182119
1341846338.186029 0.659487426 0.174957231 0.134602174 0.037643638 -0.174986586 0.015922815 0.983722091
1341846338.222071 0.669892073 0.168351129 0.151393399 0.034737378 -0.175026819 0.016026419 0.983820140
1341846338.254107 0.665041924 0.173034951 0.162891209 0.034572259 -0.173379824 0.017305706 0.984095871
1341846338.290130 0.675990939 0.168842450 0.180629134 0.034030538 -0.175902337 0.018125951 0.983652294
1341846338.321952 0.675030291 0.174481124 0.184526294 0.034406438 -0.174912155 0.021282176 0.983752489
1341846338.354022 0.678711712 0.175229162 0.200425431 0.034246843 -0.175614655 0.020667829 0.983646035
1341846338.389969 0.674769640 0.166162506 0.204670995 0.030955343 -0.174336866 0.021404169 0.983966589
1341846338.422377 0.662650704 0.164327696 0.212034374 0.029573815 -0.172049612 0.020562863 0.984429598
1341846338.454010 0.663139701 0.159282133 0.223928720 0.027456364 -0.173085853 0.019105973 0.984338641
1341846338.489894 0.660275280 0.163382620 0.231928408 0.027118562 -0.173138961 0.020506496 0.984310448
1341846338.522066 0.652600110 0.155560538 0.241211206 0.026509443 -0.171736702 0.019204522 0.984598935
1341846338.558058 0.649601758 0.156142861 0.239515230 0.025560055 -0.171418414 0.018641217 0.984690309
1341846338.589842 0.642719388 0.156641349 0.247046620 0.024235321 -0.170617551 0.017399637 0.984885573
1341846338.622019 0.639507532 0.150709882 0.255822331 0.024053551 -0.169329554 0.018150274 0.985098779
1341846338.657984 0.638243258 0.154605553 0.257343471 0.024327097 -0.169575930 0.020798497 0.984997272
1341846338.690198 0.636645019 0.163563639 0.245985776 0.024490673 -0.168581858 0.020366227 0.985172868
1341846338.722454 0.625604570 0.160675138 0.255914509 0.024279242 -0.165389404 0.020126073 0.985724032
1341846338.757945 0.627229929 0.152261317 0.264406592 0.021443093 -0.166718945 0.022100216 0.985523522
1341846338.790039 0.630125940 0.157163978 0.275438935 0.020217884 -0.170092583 0.020799471 0.985001087
1341846338.826048 0.624324799 0.156100050 0.279307634 0.021197792 -0.167469993 0.017584369 0.985492408
1341846338.858027 0.627192974 0.154980853 0.282758504 0.020276884 -0.166994244 0.017954705 0.985585809
1341846338.889902 0.615823805 0.156009436 0.290807217 0.018081674 -0.165987238 0.016604895 0.985822320
1341846338.925948 0.610847712 0.151291594 0.298054397 0.017323889 -0.163710222 0.014711496 0.986246645
1341846338.958108 0.605388165 0.151621088 0.307660162 0.017798258 -0.160991490 0.014836745 0.986683786
1341846338.990057 0.601429582 0.151454300 0.317775726 0.018394722 -0.160480291 0.015494855 0.986746013
1341846339.025928 0.595754921 0.153724045 0.329341203 0.021127600 -0.158467948 0.015772777 0.987012088
1341846339.057939 0.600593269 0.149985835 0.332943380 0.022193464 -0.157089829 0.016200837 0.987201989
1341846339.093927 0.606073499 0.153482258 0.343500555 0.020672819 -0.159726769 0.019295966 0.986756206
1341846339.126562 0.599337757 0.150424197 0.348966002 0.016803952 -0.158705398 0.015672330 0.987058580
1341846339.157969 0.598019719 0.155131415 0.361108094 0.015897792 -0.155617237 0.013343093 0.987599432
1341846339.194113 0.597529650 0.161168739 0.376417547 0.014655847 -0.155601025 0.014911589 0.987598717
1341846339.228165 0.605338514 0.159764096 0.387928396 0.010119212 -0.159460068 0.016914902 0.987007618
1341846339.257998 0.602768183 0.154424548 0.406592637 0.006756704 -0.157956883 0.016092328 0.987291813
1341846339.294132 0.601924658 0.161677480 0.409570992 0.007652436 -0.155656993 0.018473648 0.987608790
1341846339.326577 0.593874097 0.167082310 0.409220904 0.003301603 -0.156404898 0.019622920 0.987492561
1341846339.362269 0.592262685 0.163068652 0.417253405 0.000039192 -0.157028452 0.015413926 0.987473786
1341846339.394725 0.602068126 0.162364319 0.437184870 -0.001464364 -0.157185733 0.016578179 0.987428844
1341846339.462186 0.596779287 0.163232371 0.463030070 -0.004799549 -0.156942829 0.015973946 0.987466872
1341846339.496743 0.591294706 0.147786558 0.468842536 -0.005004256 -0.150482461 0.016280381 0.988466024
1341846339.562052 0.604615211 0.155249536 0.495140016 -0.002199031 -0.152135476 0.018641489 0.988181472
1341846339.595122 0.614688993 0.164740145 0.509554565 0.001683016 -0.153442115 0.017483061 0.988001525
1341846339.632085 0.613630831 0.164163277 0.514279008 0.003110731 -0.149501801 0.015182097 0.988640010
1341846339.664568 0.609985232 0.163388014 0.518262446 0.003843224 -0.145790726 0.013231159 0.989219546
1341846339.698896 0.607098520 0.159811243 0.532143831 0.003453218 -0.144357949 0.013616488 0.989425838
1341846339.731977 0.603961825 0.157748863 0.535872400 0.003677221 -0.143274546 0.011690165 0.989607155
1341846339.762241 0.604748189 0.157592803 0.546684265 0.004252594 -0.142110109 0.011490678 0.989775062
1341846339.797873 0.605026841 0.160506681 0.558693409 0.004811255 -0.141999900 0.012384100 0.989777565
1341846339.830245 0.607718766 0.153830752 0.569586217 0.003504088 -0.143126562 0.012661678 0.989617169
1341846339.862015 0.605835617 0.154149547 0.573845506 0.003170813 -0.142374516 0.011785577 0.989737630
1341846339.897797 0.605249345 0.153704107 0.582765937 0.002348418 -0.141094640 0.010914916 0.989933193
1341846339.929916 0.600315750 0.150713474 0.590974927 0.001661936 -0.139240593 0.011880193 0.990185916
1341846339.961960 0.602198362 0.150707170 0.600730896 0.003027026 -0.140491098 0.013413509 0.989986479
1341846339.997845 0.600886762 0.155387074 0.609016299 0.005538947 -0.138802826 0.011668220 0.990235806
1341846340.029925 0.601777732 0.158139721 0.623872995 0.007290608 -0.136724979 0.013266174 0.990493417
1341846340.066044 0.596614301 0.161934331 0.626859188 0.010070597 -0.134382933 0.014301684 0.990775108
1341846340.098009 0.595659375 0.164760932 0.633122385 0.011472588 -0.133845568 0.013925184 0.990837932
1341846340.130102 0.599236965 0.175527737 0.651989043 0.013561917 -0.134765372 0.011265797 0.990720689
1341846340.166041 0.599232972 0.180509925 0.662537813 0.016443754 -0.132309213 0.008537155 0.991035342
1341846340.197867 0.590681493 0.162688732 0.649603963 0.013339839 -0.127988011 0.010857111 0.991626620
1341846340.229904 0.594372749 0.172494307 0.661405742 0.014113290 -0.129147798 0.010488062 0.991469443
1341846340.265859 0.598865330 0.172858015 0.678564787 0.014454526 -0.128879771 0.009079902 0.991513312
1341846340.298061 0.591476202 0.176497385 0.679511666 0.017319104 -0.124849163 0.009705153 0.991977096
1341846340.334063 0.588098347 0.175973982 0.678166270 0.015245054 -0.125410601 0.011391924 0.991922379
1341846340.366064 0.592938840 0.171331853 0.692152619 0.013555352 -0.128253043 0.009712854 0.991601288
1341846340.397995 0.596282899 0.173103482 0.701585829 0.016102463 -0.127966225 0.009401341 0.991603255
1341846340.433895 0.595206261 0.169680431 0.700045228 0.015487643 -0.128182158 0.011775546 0.991559803
1341846340.465959 0.597823977 0.165698916 0.702498913 0.014981713 -0.131133378 0.013560586 0.991158783
1341846340.501858 0.602190554 0.170554265 0.714737713 0.016824771 -0.134810045 0.012691070 0.990647316
1341846340.534329 0.606500149 0.173654571 0.712875545 0.018061563 -0.136623800 0.012389274 0.990380883
1341846340.566041 0.609780729 0.167689070 0.708770454 0.018154567 -0.137574166 0.013738832 0.990229785
1341846340.601909 0.614094973 0.173540279 0.712875843 0.021987015 -0.138594791 0.014197065 0.990003288
1341846340.634005 0.619894207 0.177914083 0.715799749 0.023478203 -0.139651716 0.012936217 0.989837766
1341846340.666028 0.622237980 0.175389037 0.714523733 0.023242667 -0.139255017 0.011122542 0.989921272
1341846340.701946 0.624214470 0.172208339 0.705148041 0.024928454 -0.137164563 0.009748695 0.990186632
1341846340.733954 0.628296852 0.178233206 0.704793692 0.026964283 -0.135893241 0.008618261 0.990319014
1341846340.770081 0.632000446 0.174400970 0.704119205 0.025689421 -0.136112273 0.005859589 0.990342975
1341846340.801980 0.637932658 0.174498394 0.706984878 0.026707614 -0.135650039 0.000590188 0.990396619
1341846340.833999 0.635318995 0.180549026 0.703956604 0.028003432 -0.132415801 -0.003246590 0.990793288
1341846340.870013 0.637401581 0.175990686 0.703209758 0.025920741 -0.133124918 -0.004589980 0.990749657
1341846340.901955 0.641008019 0.175936759 0.702795863 0.027213670 -0.133788377 -0.004298338 0.990626931
1341846340.933918 0.645204127 0.167382017 0.702078938 0.026383020 -0.135513619 -0.000204629 0.990424156
1341846340.970122 0.639677048 0.163437918 0.695000648 0.025749583 -0.137349024 0.004948264 0.990175605
1341846341.001922 0.636279643 0.176207080 0.695106864 0.029816547 -0.140616372 0.009197967 0.989572346
1341846341.037923 0.643362343 0.171757728 0.693652749 0.029635729 -0.144047961 0.010979760 0.989065886
1341846341.070300 0.641228497 0.165849417 0.679060757 0.028701935 -0.143089503 0.011617500 0.989225268
1341846341.102028 0.639403641 0.167625189 0.677791178 0.028963398 -0.144256845 0.011916696 0.989044547
1341846341.137982 0.643128753 0.165594816 0.676854670 0.028661195 -0.146669194 0.011914054 0.988698542
1341846341.170048 0.644517362 0.167700246 0.676988959 0.029722979 -0.147146821 0.013205723 0.988579810
1341846341.202110 0.647009194 0.163928434 0.672254324 0.030442214 -0.147936150 0.014726502 0.988418639
1341846341.237996 0.650407553 0.166920155 0.673102319 0.032478869 -0.148204952 0.015594686 0.988300145
1341846341.269883 0.647395909 0.164109975 0.669142127 0.032641448 -0.147128552 0.016175779 0.988446295
1341846341.306107 0.646822691 0.160525247 0.667674303 0.032630667 -0.147588864 0.015227984 0.988393128
1341846341.338109 0.647269666 0.162120938 0.666293919 0.034290899 -0.146995157 0.013593859 0.988449216
1341846341.370120 0.649564683 0.164029405 0.665778339 0.035481837 -0.146163329 0.010860838 0.988564312
1341846341.406074 0.645340741 0.159836233 0.660131574 0.034622863 -0.145280242 0.010478593 0.988729060
1341846341.438113 0.652022541 0.155462354 0.664579272 0.035414804 -0.148789003 0.011658138 0.988165855
1341846341.470024 0.651188076 0.160368919 0.663394511 0.039312497 -0.148430660 0.009950851 0.988091111
1341846341.506077 0.642474711 0.165318042 0.655809522 0.039763823 -0.145722896 0.008453682 0.988489866
1341846341.538156 0.637978256 0.161388978 0.655842543 0.038273614 -0.147232860 0.009049822 0.988319695
1341846341.574016 0.637808204 0.168876946 0.654779315 0.040745597 -0.148993492 0.009688291 0.987950861
1341846341.612466 0.640122294 0.169000745 0.654849470 0.040935546 -0.150260612 0.009592728 0.987752020
1341846341.643972 0.639362872 0.168474272 0.654815614 0.040041801 -0.151776448 0.008330650 0.987568319
1341846341.679982 0.639848292 0.163248911 0.653788030 0.038572617 -0.153402045 0.009280156 0.987367153
1341846341.712332 0.633349657 0.161874145 0.648051143 0.038397111 -0.154431656 0.012594205 0.987176776
1341846341.744185 0.626211703 0.170069143 0.639482617 0.040557135 -0.154425621 0.014051826 0.987071633
1341846341.780061 0.625184417 0.172122657 0.637629271 0.041056328 -0.154656559 0.015648128 0.986990869
1341846341.842595 0.630030334 0.161013126 0.629949272 0.041020930 -0.155698568 0.021130227 0.986726284
1341846341.906227 0.640445471 0.156533539 0.629165232 0.042988863 -0.158327848 0.026698353 0.986088991
1341846341.942069 0.641491830 0.157380000 0.627311826 0.046568457 -0.158450544 0.028938536 0.985843539
1341846341.974775 0.646380663 0.153549612 0.628110290 0.048819672 -0.159586176 0.031081861 0.985486090
1341846342.010161 0.651895523 0.149387211 0.631381154 0.047671743 -0.162461340 0.034507196 0.984958410
1341846342.042024 0.661497772 0.146365583 0.633506119 0.049538322 -0.164422080 0.034563329 0.984538853
1341846342.080032 0.666294098 0.142855421 0.630838871 0.050523687 -0.162509963 0.035203919 0.984783471
1341846342.112265 0.669428587 0.136441916 0.628840983 0.049363106 -0.162662029 0.037626784 0.984727681
1341846342.147954 0.678646266 0.134081349 0.634492993 0.051407505 -0.165794760 0.040690728 0.983978510
1341846342.179852 0.678544104 0.142245829 0.632247031 0.055999625 -0.164772689 0.041657824 0.983859062
1341846342.211848 0.680360019 0.142924726 0.633216798 0.056448806 -0.164492130 0.041407127 0.983890951
1341846342.247920 0.685980618 0.143299177 0.635010600 0.058304410 -0.165282413 0.040392265 0.983692467
1341846342.279870 0.686822355 0.139885843 0.631787837 0.058828883 -0.164409503 0.041191403 0.983774364
1341846342.316068 0.687331200 0.142268866 0.629891992 0.060674697 -0.164345458 0.041698601 0.983651578
1341846342.347894 0.687753320 0.142167225 0.630363703 0.060836360 -0.164265722 0.041533504 0.983661950
1341846342.379953 0.690081179 0.140759736 0.632711709 0.060586937 -0.164058760 0.042329006 0.983677983
1341846342.416195 0.687653005 0.139752984 0.631275058 0.060866971 -0.163465708 0.043563403 0.983705461
