1341846313.592026 0.000000000 0.000000000 0.000000000 -0.000000000 -0.000000000 -0.000000000 1.000000000
1341846313.654184 0.000654845 0.003752648 -0.008537561 0.000437333 -0.002090850 0.004555257 0.999987364
1341846313.686156 0.009425837 0.004594946 -0.007591605 0.001374687 -0.004433169 0.004941568 0.999977052
1341846313.721918 0.009911327 0.006769904 -0.009967909 0.001521247 -0.004520808 0.005379999 0.999974191
1341846313.753994 0.013427171 0.010349242 -0.005849025 0.001502604 -0.004929682 0.006205870 0.999967456
1341846313.789969 0.012417604 0.013607269 -0.005252387 0.003202289 -0.004258536 0.004491927 0.999975741
1341846313.822075 0.004373280 0.015279710 -0.007588201 0.003121843 -0.000373585 0.002677784 0.999991477
1341846313.853928 -0.000100966 0.018182389 -0.004057174 0.003115350 0.003634681 0.001324529 0.999987662
1341846313.890011 -0.017361594 0.019314770 -0.010720892 0.002971563 0.009114215 0.001392113 0.999953091
1341846313.922055 -0.032953773 0.020172719 -0.012272508 0.000795289 0.013099751 0.001782822 0.999912381
1341846313.957927 -0.062672675 0.018679289 -0.023477044 -0.001187066 0.024534570 0.003493291 0.999692202
1341846313.990058 -0.081227198 0.017422201 -0.019362286 -0.002470470 0.034277927 0.004647632 0.999398470
1341846314.022042 -0.106273986 0.009339385 -0.021156453 -0.006845152 0.040630352 0.006655204 0.999128640
1341846314.057816 -0.121313952 0.015854089 -0.011852302 -0.008595775 0.047042198 0.007603358 0.998827040
1341846314.089801 -0.132777035 0.022737358 0.001113443 -0.006612427 0.055295229 0.005860914 0.998430967
1341846314.122037 -0.155375883 0.017547997 -0.001917004 -0.009444289 0.063522801 0.008404555 0.997900367
1341846314.157989 -0.164402232 0.021479160 0.005495749 -0.009979744 0.069384642 0.010071823 0.997489214
1341846314.190094 -0.181236625 0.024526749 0.003678973 -0.009381316 0.076914184 0.010819824 0.996934831
1341846314.225969 -0.194034383 0.015423344 0.002417258 -0.014070806 0.081936352 0.014330140 0.996435225
1341846314.257923 -0.191828981 0.022307293 0.010806304 -0.014178328 0.084339343 0.014228300 0.996234655
1341846314.290052 -0.206825942 0.033602253 0.008959445 -0.010946039 0.088653661 0.013122848 0.995915949
1341846314.325981 -0.220671549 0.042609219 0.006119282 -0.010683537 0.093039975 0.010873433 0.995545685
1341846314.357905 -0.236517802 0.050485734 0.006455017 -0.009958212 0.099850185 0.009588612 0.994906485
1341846314.389899 -0.235541433 0.053540755 0.008253560 -0.007877169 0.103020750 0.008533251 0.994611502
1341846314.427905 -0.247015491 0.060442865 0.004990643 -0.007494870 0.107949719 0.006666335 0.994105756
1341846314.493987 -0.259809762 0.053245109 0.011461209 -0.006754753 0.121421255 0.001500925 0.992577016
1341846314.526085 -0.273636520 0.058444567 0.002569787 -0.006023901 0.126437366 -0.000619972 0.991956115
1341846314.558292 -0.267843843 0.061121490 0.005752421 -0.006956173 0.129562363 -0.001021232 0.991546392
1341846314.594085 -0.283394873 0.049773216 0.011938269 -0.007341065 0.137421265 -0.002059380 0.990483403
1341846314.626096 -0.305474728 0.050958905 -0.002726698 -0.006989195 0.144481495 -0.000373204 0.989482820
1341846314.658455 -0.337453127 0.053283192 -0.018726412 -0.008540808 0.152202740 -0.001358727 0.988311529
1341846314.694004 -0.308192551 0.063053265 0.012982490 -0.006337480 0.154313892 -0.004476796 0.987991452
1341846314.725910 -0.311654478 0.067655064 0.005898078 -0.000223086 0.157342821 -0.000865329 0.987543643
1341846314.761942 -0.304122746 0.067783825 0.006592900 0.003540494 0.157165423 0.004106411 0.987557471
1341846314.794030 -0.328723758 0.078491479 0.003920589 0.007998937 0.164888874 0.003286880 0.986274242
1341846314.826092 -0.343725175 0.082707748 -0.006879285 0.010783192 0.172007844 0.003740637 0.985029459
1341846314.862145 -0.348189324 0.083706349 -0.011305819 0.011007668 0.177372962 0.005087646 0.984068990
1341846314.894072 -0.366278797 0.081321739 -0.001875128 0.010652948 0.185410962 0.007986828 0.982570887
1341846314.925969 -0.378415525 0.083023205 -0.010277457 0.011288765 0.190074965 0.011033349 0.981642723
1341846314.961937 -0.398152262 0.071944475 -0.018641595 0.005952861 0.194181591 0.017616265 0.980789363
1341846314.994564 -0.400927424 0.075252213 -0.000175080 0.004147999 0.196961001 0.018925887 0.980219901
1341846315.029900 -0.422226667 0.086533092 0.000583807 0.006208358 0.205700606 0.015477691 0.978472948
1341846315.061965 -0.416866750 0.085497245 -0.000538907 0.005763000 0.206790268 0.019644648 0.978171170
1341846315.094388 -0.414311379 0.089083903 0.003943651 0.006224379 0.206514031 0.018065682 0.978257060
1341846315.129851 -0.435589373 0.105674468 0.003760396 0.011061047 0.211532041 0.015937546 0.977178514
1341846315.161941 -0.461665809 0.088739753 -0.006469646 0.004904462 0.215665191 0.023152974 0.976180553
1341846315.197984 -0.442834228 0.106538005 -0.004351620 0.001153708 0.210783228 0.017595250 0.977373838
1341846315.230076 -0.464229286 0.075056218 0.005265001 -0.007904217 0.214335620 0.014971958 0.976613343
1341846315.262069 -0.466525584 0.064798199 0.003054753 -0.012562127 0.212539613 0.018461021 0.976897299
1341846315.298000 -0.467968643 0.082121052 0.007678425 -0.010517733 0.210126951 0.019051170 0.977431893
1341846315.329931 -0.470838815 0.107751779 0.009959994 -0.001247365 0.210041150 0.018111665 0.977523983
1341846315.361981 -0.470222294 0.106847212 0.003722049 0.003953391 0.209799394 0.020529615 0.977520943
1341846315.397962 -0.485636324 0.120922916 0.006756910 0.009487845 0.213420063 0.023304522 0.976636469
1341846315.429923 -0.502158761 0.135719121 0.007439395 0.014867786 0.218557999 0.023652555 0.975423992
1341846315.466047 -0.507646680 0.129496515 0.010687578 0.014625195 0.224396348 0.024219461 0.974087179
1341846315.497883 -0.518647909 0.132205933 0.007966643 0.015029019 0.228583932 0.028683046 0.972985506
1341846315.530008 -0.522725523 0.128835693 0.016203267 0.014538783 0.231613263 0.029445408 0.972253561
1341846315.566108 -0.505941808 0.118791230 0.014661469 0.011379736 0.230485052 0.030186478 0.972540975
1341846315.597986 -0.509324193 0.121609159 0.023369744 0.012100982 0.233339220 0.029771311 0.971864223
1341846315.630109 -0.533290923 0.130214751 0.032592174 0.013469530 0.239068702 0.027935371 0.970507264
1341846315.666042 -0.554696620 0.141564637 0.035751622 0.013800948 0.244338527 0.025482776 0.969256878
1341846315.698114 -0.540338397 0.141113833 0.022270512 0.007581033 0.244439393 0.025715508 0.969293892
1341846315.733985 -0.550760984 0.147783145 0.033920445 0.008210102 0.248774454 0.027629748 0.968132436
1341846315.766041 -0.542273521 0.127842233 0.030163458 0.004935441 0.244600907 0.030513706 0.969131052
1341846315.798188 -0.524509668 0.124314368 0.033712298 0.002839205 0.241429240 0.028652443 0.969991267
1341846315.834140 -0.516501188 0.118342906 0.027761871 0.003313780 0.242186755 0.030138917 0.969755769
1341846315.866751 -0.535326183 0.119652927 0.041098364 0.005769573 0.247114673 0.028641507 0.968545735
1341846315.898492 -0.523629546 0.122210570 0.031050991 0.007504093 0.244712695 0.028985443 0.969133258
1341846315.936901 -0.516194582 0.120106198 0.032518353 0.009976754 0.244788289 0.027907576 0.969123483
1341846315.966572 -0.482652783 0.101355731 0.024161495 0.009841659 0.239614666 0.025696514 0.970478058
1341846316.034204 -0.494575500 0.103185460 0.022006832 0.013729808 0.239700139 0.023986422 0.970453560
1341846316.066113 -0.504511058 0.103290595 0.026655778 0.016283104 0.240592062 0.024232861 0.970187187
1341846316.101867 -0.491942972 0.095084660 0.018601656 0.016107114 0.235722721 0.026067177 0.971337199
1341846316.134066 -0.432759553 0.055687070 0.015689524 0.007409606 0.222155660 0.024282617 0.974680662
1341846316.202049 -0.434848249 0.037503239 0.026509363 0.004739939 0.216376573 0.021694386 0.976057470
1341846316.233979 -0.441174507 0.042934623 0.018338829 0.005696400 0.215303749 0.018810075 0.976349354
1341846316.270052 -0.421625137 0.065010309 0.005121891 0.007896581 0.211991489 0.016423032 0.977101624
1341846316.301915 -0.432652742 0.061494302 0.028001878 0.007968455 0.214915141 0.014638718 0.976490557
1341846316.334208 -0.440371424 0.061384816 0.019554712 0.010031552 0.213805541 0.016522117 0.976684988
1341846316.370006 -0.435481310 0.059798911 0.018676067 0.011948204 0.210932001 0.016697176 0.977285147
1341846316.401994 -0.438509911 0.042482547 0.022976281 0.010563132 0.209360451 0.018352972 0.977609277
1341846316.438069 -0.431009054 0.044317465 0.031909853 0.013782148 0.207248777 0.021542849 0.977953970
1341846316.470076 -0.430458784 0.037264097 0.037670895 0.017630761 0.205933303 0.024155458 0.978109002
1341846316.502034 -0.428163052 0.046187472 0.011439415 0.020017913 0.200272948 0.025071220 0.979214728
1341846316.537975 -0.396646500 0.032548003 0.015192250 0.014054035 0.191648304 0.023622679 0.981078684
1341846316.570121 -0.363533467 0.039115004 0.008404740 0.015334561 0.184304640 0.020019382 0.982545614
1341846316.601885 -0.361405820 0.056970082 0.007609221 0.021035688 0.183170408 0.019961309 0.982653379
1341846316.638009 -0.327043772 0.051363319 0.010244752 0.022372646 0.175210759 0.021058593 0.984051406
1341846316.669925 -0.294143647 0.051329575 0.001919785 0.024771560 0.167459279 0.019975455 0.985365331
1341846316.705941 -0.265448809 0.055394765 0.008629818 0.030607790 0.161721155 0.020469790 0.986149311
1341846316.738062 -0.266985267 0.057586342 -0.006298793 0.032117039 0.159752354 0.023203472 0.986361623
1341846316.770433 -0.243275672 0.055071644 -0.006232375 0.030129669 0.153648987 0.023170518 0.987394214
1341846316.805932 -0.232368216 0.051273316 -0.000598411 0.030710043 0.150995225 0.021973906 0.987812996
1341846316.838029 -0.217094660 0.048438337 -0.002450337 0.031721506 0.145500392 0.025187518 0.988528728
1341846316.870034 -0.204111099 0.039608244 0.003603256 0.030566812 0.139424637 0.024996040 0.989445150
1341846316.906344 -0.194046929 0.030800432 0.001798032 0.029740456 0.133459136 0.023682937 0.990324914
1341846316.937940 -0.183424816 0.032820940 -0.004057291 0.029871665 0.129460275 0.021845767 0.990893781
1341846316.973994 -0.186252728 0.037649989 -0.004280891 0.030167220 0.126905307 0.021205010 0.991229236
1341846317.005913 -0.184657514 0.034760717 0.001335729 0.028795689 0.122561753 0.021918440 0.991800964
1341846317.037936 -0.149334639 0.022633091 0.005898430 0.027141441 0.113287739 0.021823395 0.992951691
1341846317.073972 -0.141304940 0.019777834 0.000159876 0.027672159 0.109428108 0.022977708 0.993343771
1341846317.106113 -0.151170596 0.022023438 -0.003316687 0.031272985 0.108008899 0.027565502 0.993275523
1341846317.137887 -0.126674101 0.006291139 0.000779228 0.031254470 0.096621081 0.031947378 0.994317293
1341846317.173970 -0.123262323 0.005004525 -0.001359358 0.031806678 0.087951556 0.034056176 0.995034158
1341846317.205887 -0.115395747 0.004171077 -0.000144234 0.032046743 0.082863770 0.037831426 0.995326817
1341846317.248131 -0.125295654 0.009107801 -0.007429252 0.034741115 0.080324888 0.039881404 0.995364547
1341846317.306289 -0.153039351 0.005966294 -0.009067733 0.035613507 0.076754011 0.043557823 0.995461285
1341846317.348137 -0.159771040 0.004405729 -0.012629369 0.036952447 0.078012504 0.044287831 0.995282471
1341846317.410120 -0.183503166 0.003146725 -0.014167297 0.038225390 0.078905270 0.049023308 0.994941950
1341846317.442569 -0.193940371 0.000520083 -0.008281161 0.041106310 0.080489963 0.051157683 0.994592667
1341846317.474010 -0.201091528 -0.000477213 -0.005246968 0.046873733 0.080867089 0.054263920 0.994142234
1341846317.509927 -0.195519239 0.005522335 -0.011793817 0.050266948 0.075998120 0.058541715 0.994117916
1341846317.542282 -0.216462880 -0.000729905 -0.008358236 0.048262011 0.075979300 0.059264962 0.994175851
1341846317.573943 -0.223212332 -0.005371446 -0.007081949 0.047699653 0.077581324 0.057720784 0.994170189
1341846317.610159 -0.237974331 -0.005655488 0.002180485 0.050493747 0.080826119 0.058339287 0.993737459
1341846317.643553 -0.239620417 -0.003507063 0.001887748 0.052957665 0.079099901 0.062735617 0.993480206
1341846317.677993 -0.232783020 0.009660350 -0.008385328 0.056339066 0.072792828 0.067081988 0.993492365
1341846317.709996 -0.231809422 0.009629568 -0.008752560 0.059270255 0.069302104 0.066146739 0.993634164
1341846317.741834 -0.228400886 0.013900765 -0.018260462 0.059479140 0.066282175 0.067425609 0.993741751
1341846317.777923 -0.226868272 0.016582863 -0.007720368 0.057642926 0.064114459 0.066078961 0.994082630
1341846317.810021 -0.204829723 0.011004971 -0.016604191 0.057139654 0.056858957 0.067327626 0.994469285
1341846317.841886 -0.183614612 0.013306106 -0.020140709 0.055792969 0.051105101 0.066066042 0.994942546
1341846317.878017 -0.159427881 0.004530896 -0.028877163 0.051160865 0.045201655 0.059144512 0.995912313
1341846317.909910 -0.143029869 0.006229138 -0.019740796 0.050992098 0.043037377 0.055574022 0.996222436
1341846317.946031 -0.128600389 -0.002703453 -0.020181289 0.049962547 0.040216286 0.055126801 0.996417284
1341846317.978041 -0.087951705 -0.007098770 -0.016507136 0.051026430 0.030866647 0.054508708 0.996730864
1341846318.009897 -0.112096995 0.003101939 -0.024909815 0.055326372 0.034343515 0.053285290 0.996453822
1341846318.045949 -0.076694645 0.001276172 -0.026885681 0.054248076 0.027754189 0.051943403 0.996789277
1341846318.078074 -0.067855097 -0.005647491 -0.029970279 0.052304734 0.023440700 0.050448593 0.997080564
1341846318.109894 -0.008126183 -0.012942242 -0.026535697 0.050029762 0.007705511 0.046756007 0.997622967
1341846318.145957 -0.042797960 -0.007638018 -0.034717921 0.050361112 0.010547034 0.044351477 0.997690082
1341846318.178001 -0.030921157 -0.018251086 -0.036940590 0.047894839 0.008083305 0.041241325 0.997967899
1341846318.214074 -0.011859593 0.001231041 -0.037241492 0.051993079 0.001054707 0.039998561 0.997845531
1341846318.245970 0.003259515 0.003448487 -0.034391850 0.055486564 -0.008413811 0.041525129 0.997560084
1341846318.278018 0.016551577 0.011485629 -0.039779082 0.060560793 -0.016770765 0.040679250 0.997194231
1341846318.313937 0.037473399 0.015561484 -0.038564805 0.062700339 -0.028406546 0.041507091 0.996764243
1341846318.345989 0.054876506 0.033542518 -0.042429354 0.067851163 -0.042177159 0.040494990 0.995980680
1341846318.382046 0.062706210 0.031079581 -0.038751833 0.069447264 -0.051595110 0.038833663 0.995493352
1341846318.414072 0.068675369 0.035661571 -0.039596230 0.071600564 -0.060683027 0.040726203 0.994752467
1341846318.446035 0.086290523 0.039914496 -0.042859592 0.074728608 -0.070669629 0.039560333 0.993909657
1341846318.482196 0.094038785 0.038849320 -0.046986274 0.075514339 -0.074914925 0.039697070 0.993533909
1341846318.514144 0.093527652 0.043744415 -0.048773460 0.076474480 -0.077533089 0.041382901 0.993190706
1341846318.546259 0.094806135 0.033223573 -0.045485079 0.076381341 -0.080033638 0.039461274 0.993077755
1341846318.582042 0.111587062 0.039144695 -0.050208259 0.078200549 -0.083713725 0.041842829 0.992535055
1341846318.614115 0.115283780 0.030023355 -0.056827530 0.076004401 -0.086088210 0.040532570 0.992556989
1341846318.650038 0.108965643 0.030565059 -0.056276605 0.076431982 -0.086554319 0.040885728 0.992469072
1341846318.682350 0.100010797 0.024126735 -0.056932453 0.074913241 -0.086867727 0.038524281 0.992651939
1341846318.714063 0.108439125 0.027602511 -0.072288401 0.075555600 -0.090904906 0.040566150 0.992160320
1341846318.749905 0.085624538 0.023413794 -0.073658384 0.076300718 -0.087897271 0.042080022 0.992311239
1341846318.782036 -0.000790424 0.016815238 -0.071184143 0.076791510 -0.075642176 0.043310482 0.993229866
1341846318.814121 -0.004135227 0.016379714 -0.077987731 0.076640338 -0.082786635 0.040907681 0.992773533
1341846318.850072 -0.053025816 0.019265985 -0.073851831 0.078279801 -0.081615388 0.039748382 0.992789686
1341846318.883516 -0.084051006 0.017472284 -0.069062233 0.081370629 -0.085012145 0.037982754 0.992325127
1341846318.918047 -0.095725857 0.022392463 -0.073809102 0.084987573 -0.096597187 0.037390739 0.990983367
1341846318.950044 -0.104075424 0.019046813 -0.071005821 0.086966954 -0.106177844 0.033878360 0.989957213
1341846318.982028 -0.105027102 0.022900157 -0.078290574 0.089247949 -0.110590532 0.032695975 0.989310682
1341846319.018123 -0.124087989 0.019427253 -0.082751162 0.088195212 -0.114271395 0.030084638 0.989069581
1341846319.050745 -0.130587190 0.012523651 -0.069150954 0.089259386 -0.120035142 0.029710516 0.988302410
1341846319.081905 -0.144234359 0.012570801 -0.074820362 0.094238058 -0.118057072 0.026649509 0.988165736
1341846319.117976 -0.168012574 0.019687794 -0.085305355 0.097649701 -0.116302066 0.034038100 0.987815678
1341846319.150093 -0.193786547 0.015024733 -0.078955539 0.098699421 -0.118000306 0.040397421 0.987270176
1341846319.186069 -0.216185644 0.012885210 -0.079221360 0.098746717 -0.115573496 0.038594112 0.987624645
1341846319.218149 -0.247715592 0.016651694 -0.089886680 0.095279768 -0.107024342 0.035890725 0.989029527
1341846319.250034 -0.288302213 0.019649716 -0.089256749 0.090964049 -0.096591353 0.036632139 0.990481555
1341846319.286594 -0.321780026 0.014567405 -0.086158082 0.088835694 -0.089535259 0.041808527 0.991132557
1341846319.318034 -0.360872805 0.009545518 -0.083997354 0.088970870 -0.083998546 0.043578047 0.991528809
1341846319.350268 -0.401399910 0.007952231 -0.086940728 0.089867532 -0.078430377 0.050659403 0.991567552
1341846319.386163 -0.442784846 0.007354232 -0.088953525 0.092593998 -0.077377297 0.057392165 0.991032422
1341846319.418386 -0.487901658 0.009910936 -0.091648526 0.094946600 -0.076238498 0.055451777 0.991008580
1341846319.453961 -0.462406397 0.026905818 -0.082201354 0.097381912 -0.083472021 0.055832595 0.990167618
1341846319.486271 -0.466889024 0.025979493 -0.094355091 0.095567286 -0.083978258 0.056795161 0.990246892
1341846319.554083 -0.462611496 0.016083069 -0.084313586 0.088772260 -0.093209341 0.060617670 0.989826798
1341846319.586296 -0.493436813 0.010050758 -0.096849248 0.088491656 -0.088808425 0.056816455 0.990481794
1341846319.622031 -0.511248410 0.006120510 -0.111090615 0.086189270 -0.090713896 0.056447856 0.990533233
1341846319.653962 -0.512575388 -0.002004528 -0.098047823 0.084842034 -0.096438408 0.056794353 0.990088820
1341846319.686352 -0.521391511 -0.007149594 -0.098750964 0.085838683 -0.099691339 0.059134420 0.989543617
1341846319.721992 -0.549017608 0.005514563 -0.110262178 0.088272333 -0.100229159 0.058461294 0.989315152
1341846319.754063 -0.557073772 0.018047424 -0.127206981 0.086343355 -0.102201134 0.058467526 0.989283264
1341846319.786397 -0.573246241 0.011832049 -0.122803457 0.081305906 -0.100207046 0.062358681 0.989676416
1341846319.822008 -0.596274555 0.011530731 -0.124348342 0.078229420 -0.098190799 0.066630214 0.989848077
1341846319.853917 -0.582187176 0.010716721 -0.126833335 0.073120765 -0.102088243 0.071192712 0.989526689
1341846319.889942 -0.585897326 -0.010634042 -0.117666632 0.067527913 -0.102685302 0.076838054 0.989440084
1341846319.922039 -0.601733685 -0.012767017 -0.107504413 0.067733966 -0.105187207 0.077938378 0.989077032
1341846319.953946 -0.598063588 -0.010786277 -0.108008184 0.069076233 -0.112147324 0.071977496 0.988671243
1341846319.990054 -0.589615881 -0.019632552 -0.111464217 0.069904260 -0.115849592 0.067812115 0.988480628
1341846320.028122 -0.607546687 -0.016543265 -0.104371950 0.073162161 -0.117370836 0.065393694 0.988228261
1341846320.090047 -0.568326771 0.009296241 -0.102907516 0.080862880 -0.129726946 0.065766551 0.986056268
1341846320.122011 -0.554991424 0.007005261 -0.102554068 0.080859542 -0.128591701 0.066290475 0.986170113
1341846320.157952 -0.543729186 0.000247926 -0.105905607 0.080232151 -0.126745701 0.066625960 0.986437678
1341846320.190003 -0.510157049 -0.008254335 -0.091201670 0.081733264 -0.127313197 0.064190790 0.986402869
1341846320.221941 -0.494943023 0.002072570 -0.086589083 0.087348610 -0.125410885 0.065705091 0.986065507
1341846320.258015 -0.482800722 -0.013123079 -0.087165371 0.089091942 -0.125413388 0.067668460 0.985776424
1341846320.289887 -0.426496834 -0.024210833 -0.090274163 0.092619635 -0.133276895 0.070249617 0.984237731
1341846320.321954 -0.367154837 -0.018985130 -0.081423447 0.101583354 -0.142882213 0.069948129 0.982024848
1341846320.357890 -0.370658934 -0.005083578 -0.091514371 0.107937090 -0.139688790 0.067327343 0.981989682
1341846320.390064 -0.331594974 -0.000067180 -0.081784561 0.109986365 -0.140385672 0.066053413 0.981749356
1341846320.426544 -0.260658681 0.000415392 -0.078342840 0.111799553 -0.140752792 0.060971029 0.981820762
1341846320.458122 -0.196582258 -0.001150604 -0.077140324 0.112290196 -0.141206920 0.057764724 0.981893480
1341846320.490186 -0.121194929 0.004619331 -0.050481603 0.116679192 -0.143156856 0.054997690 0.981258094
1341846320.525911 -0.071795292 0.013828557 -0.050420310 0.121047877 -0.140545219 0.053795114 0.981173038
1341846320.558091 -0.031933412 0.025573984 -0.040823784 0.123606667 -0.139882252 0.048116654 0.981243670
1341846320.594093 0.019259900 0.032487802 -0.034900688 0.125278294 -0.139793113 0.040935542 0.981370270
1341846320.631955 0.065789744 0.038169373 -0.006445826 0.129411772 -0.137979925 0.039830457 0.981135964
1341846320.664916 0.119412065 0.046842515 0.008498183 0.130887195 -0.142341807 0.040494774 0.980289519
1341846320.699927 0.153064370 0.042789567 0.009407734 0.130433857 -0.141221419 0.035112821 0.980719447
1341846320.731822 0.194307745 0.047652882 0.009725501 0.132351264 -0.138791263 0.034009695 0.980848312
1341846320.763877 0.215046659 0.067230709 0.013232769 0.131464452 -0.139604345 0.035501551 0.980799377
1341846320.799999 0.242853492 0.059745472 0.028268605 0.125685111 -0.143927097 0.028045954 0.981173635
1341846320.831871 0.270659685 0.049977310 0.030701628 0.125511244 -0.135104179 0.020090349 0.982644498
1341846320.863887 0.308013439 0.055053640 0.047465660 0.123762779 -0.135383949 0.030341769 0.982564688
1341846320.900014 0.336688638 0.052265342 0.072145939 0.119173713 -0.143312544 0.031462975 0.981972098
1341846320.931889 0.359279305 0.040141679 0.070867047 0.118685782 -0.143196017 0.023514502 0.982270658
1341846320.967866 0.390633672 0.050124355 0.059639182 0.118180208 -0.142112672 0.025785331 0.982431948
1341846321.000017 0.422285020 0.049179677 0.076461136 0.112497821 -0.146460190 0.025017247 0.982480407
1341846321.031860 0.463339031 0.041225597 0.096042290 0.110299647 -0.150137261 0.021387393 0.982260346
1341846321.068047 0.502667248 0.045329168 0.111564919 0.110726342 -0.152443007 0.021073882 0.981863916
1341846321.099840 0.534614921 0.051072631 0.129135787 0.109119423 -0.156048462 0.022358259 0.981448889
1341846321.131821 0.586738586 0.052961063 0.139691085 0.111040905 -0.160708115 0.022609171 0.980475187
1341846321.167887 0.610703051 0.069621272 0.160109341 0.115901515 -0.159935504 0.025068061 0.979979098
1341846321.200042 0.661602855 0.082602695 0.182232156 0.118382238 -0.165247947 0.026932431 0.978751004
1341846321.231950 0.662993789 0.083039120 0.181103662 0.118709639 -0.163216859 0.024551440 0.979114652
1341846321.267939 0.710663736 0.085685402 0.184514448 0.119543791 -0.166642532 0.018962538 0.978560150
1341846321.299948 0.719748318 0.089868903 0.200211167 0.120367140 -0.163147002 0.012867186 0.979147255
1341846321.331858 0.733282864 0.095216051 0.215747163 0.122461997 -0.162275001 0.009501472 0.979070783
1341846321.367913 0.764158249 0.083989285 0.226133212 0.123229779 -0.162898242 0.003641902 0.978910327
1341846321.399897 0.794498503 0.096029103 0.239942506 0.126951575 -0.161884010 0.003689210 0.978602707
1341846321.435994 0.780626655 0.090403810 0.240385026 0.128204599 -0.155891046 0.001199995 0.979418278
1341846321.467946 0.797624052 0.098625466 0.249811962 0.131531224 -0.154939234 0.002451442 0.979125857
1341846321.499882 0.804954290 0.088345349 0.241471678 0.131083131 -0.152319655 0.001625356 0.979598522
1341846321.536109 0.858126402 0.090237625 0.240792245 0.131058946 -0.152985647 -0.001834669 0.979497671
1341846321.568960 0.885032296 0.097590588 0.267868966 0.129237339 -0.151421964 -0.003376643 0.979978442
1341846321.603938 0.837117910 0.112427101 0.266968369 0.129501715 -0.141239196 -0.006357811 0.981448114
1341846321.637163 0.907652318 0.108970255 0.258214325 0.125819370 -0.143366963 -0.007456491 0.981610835
1341846321.668306 0.883620083 0.132967770 0.283711076 0.125634745 -0.132653117 -0.006005561 0.983149529
1341846321.704411 0.878037333 0.135500997 0.293330759 0.122140385 -0.132509157 0.002645415 0.983623922
1341846321.736861 0.875265300 0.140115589 0.290128350 0.120852210 -0.133255690 0.009178649 0.983642936
1341846321.771881 0.897936583 0.152451545 0.295778811 0.118225299 -0.135332555 0.013533548 0.983628392
1341846321.804114 0.919608057 0.144193590 0.300296366 0.112769246 -0.135637999 0.015048430 0.984204769
1341846321.836152 0.924722731 0.154779375 0.303411096 0.111124001 -0.133916080 0.014429078 0.984636903
1341846321.871882 0.930052698 0.164704785 0.311714828 0.107905805 -0.133472696 0.010749683 0.985101998
1341846321.904074 0.933643103 0.158902153 0.308519423 0.101334929 -0.131476536 0.006609792 0.986104190
1341846321.939847 0.939230978 0.153293669 0.319081992 0.097421072 -0.129273221 0.003209093 0.986806631
1341846322.004094 0.925165534 0.149699569 0.318742037 0.090656884 -0.129503146 0.001980134 0.987424135
1341846322.066178 0.946682334 0.133734629 0.321696222 0.084812440 -0.126080379 -0.002071936 0.988385737
1341846322.107979 0.940567851 0.101441950 0.322891235 0.079065740 -0.123742543 -0.003955969 0.989151597
1341846322.166164 0.936080396 0.072792999 0.320022613 0.079422966 -0.123648047 -0.002421192 0.989139736
1341846322.202932 0.940000832 0.064886302 0.320332259 0.080125302 -0.126299322 -0.002758418 0.988747180
1341846322.234093 0.944369555 0.055836983 0.318200588 0.078229763 -0.128205314 -0.004859115 0.988645554
1341846322.265941 0.946935952 0.047401868 0.319490552 0.075557798 -0.131537333 -0.003216043 0.988422334
1341846322.301996 0.963294148 0.024369020 0.322833776 0.071343638 -0.135379568 -0.002468289 0.988218784
1341846322.333949 0.951879740 -0.019210968 0.306702286 0.064603433 -0.135673404 -0.003581469 0.988638639
1341846322.369871 0.962476909 -0.029871425 0.319089532 0.065741204 -0.141990826 -0.006319831 0.987662256
1341846322.402292 0.986908436 -0.053226635 0.328995019 0.067999989 -0.143916339 -0.015009005 0.987136722
1341846322.433955 0.950753689 -0.115058646 0.315548569 0.064874247 -0.137366816 -0.016799754 0.988250732
1341846322.470030 0.947801292 -0.117535360 0.313109905 0.072961666 -0.141558260 -0.011352453 0.987172246
1341846322.502433 0.953168392 -0.160840094 0.317096740 0.073197417 -0.144866869 -0.007716235 0.986709833
1341846322.534002 0.960004449 -0.209203526 0.320598900 0.075109422 -0.145585194 -0.006628972 0.986468256
1341846322.570196 0.957255483 -0.195687443 0.317918926 0.087636799 -0.145601064 -0.001133477 0.985453665
1341846322.601920 0.936661065 -0.229355425 0.306138247 0.088260263 -0.145632133 0.002603264 0.985390604
1341846322.638119 0.939741969 -0.266642928 0.319045752 0.089440830 -0.148889691 0.001330530 0.984799683
1341846322.669947 0.977732182 -0.266510516 0.325820595 0.094992757 -0.151003987 0.001628460 0.983957052
1341846322.702026 0.955914795 -0.292779505 0.312678397 0.095421582 -0.146832019 0.003316205 0.984542549
1341846322.738006 0.959143758 -0.296041816 0.313049018 0.095560625 -0.150072351 0.003872655 0.984038353
1341846322.770087 0.950368881 -0.337211639 0.324720621 0.091841370 -0.147539198 0.003095656 0.984778047
1341846322.806047 0.897477508 -0.341522217 0.313125849 0.096372366 -0.139801696 0.004014076 0.985470355
1341846322.838063 0.905599117 -0.326149374 0.310702205 0.101062603 -0.144959077 0.007370339 0.984235168
1341846322.870081 0.950495124 -0.379544050 0.334381670 0.095878199 -0.158152923 0.010031396 0.982697487
1341846322.906018 0.970393598 -0.387912214 0.340688705 0.099643804 -0.161996096 0.009638385 0.981700301
1341846322.938349 0.958398163 -0.356292188 0.338486701 0.104180053 -0.159297764 0.010894698 0.981657803
1341846322.970069 0.949696183 -0.355109006 0.345584124 0.099803843 -0.158425495 0.011828497 0.982242703
1341846323.011820 0.966968000 -0.366068304 0.347772121 0.097647510 -0.160333782 0.011904079 0.982148886
1341846323.073951 0.970861256 -0.368745685 0.351405174 0.093762860 -0.161244199 0.016638493 0.982309580
1341846323.105962 0.960924864 -0.395906597 0.351015657 0.088985957 -0.159422070 0.015473882 0.983070016
1341846323.138158 0.961674511 -0.393632263 0.353438437 0.090745874 -0.159697205 0.012308869 0.982909203
1341846323.174092 0.971175849 -0.395476580 0.353603125 0.089019030 -0.161875993 0.010535359 0.982731342
1341846323.206059 0.968570054 -0.398874789 0.355278373 0.086843789 -0.161491856 0.007321695 0.983018279
1341846323.238053 0.976769447 -0.394632369 0.360979825 0.085958861 -0.159209833 0.006630744 0.983473122
1341846323.273997 0.946575999 -0.395756692 0.351066798 0.081423797 -0.156008080 0.006623269 0.984371781
1341846323.305946 0.967283010 -0.424032927 0.359231174 0.073043384 -0.162462294 0.006803403 0.983983934
1341846323.342027 0.991511047 -0.413911283 0.364446074 0.075716563 -0.162136272 0.006517997 0.983837605
1341846323.374048 0.936678946 -0.426866174 0.355388641 0.074266717 -0.151947409 0.007976770 0.985562205
1341846323.405987 0.981311798 -0.393631339 0.347884744 0.080885924 -0.164006710 0.015310289 0.983018279
1341846323.441956 0.983979464 -0.437941074 0.363489598 0.075852349 -0.167717442 0.014980206 0.982798517
1341846323.473878 0.997235656 -0.463104784 0.362925708 0.078036524 -0.168078899 0.013165588 0.982591748
1341846323.506129 0.981600523 -0.450083256 0.358895570 0.082341306 -0.166295633 0.010478153 0.982576191
1341846323.541972 0.977992654 -0.454460800 0.361719310 0.080721013 -0.165132910 0.008025567 0.982929707
1341846323.573913 0.985472620 -0.506925166 0.349149644 0.074896902 -0.159385741 0.001652860 0.984369874
1341846323.609927 0.984592319 -0.495573759 0.357798070 0.078023523 -0.154978201 -0.000682321 0.984831810
1341846323.642014 0.982201636 -0.489448875 0.354405403 0.079321861 -0.154363900 0.001102165 0.984824181
1341846323.674081 0.977383792 -0.502218425 0.355939746 0.078376137 -0.155512065 0.003567463 0.984713376
1341846323.710069 0.983570755 -0.524801254 0.354897231 0.078132577 -0.157545790 0.006329441 0.984395564
1341846323.742111 0.944832921 -0.553321898 0.350184023 0.079669736 -0.153832078 0.004596626 0.984869182
1341846323.774928 0.957468987 -0.547890127 0.350925416 0.083939686 -0.157810956 0.004604575 0.983884454
1341846323.810012 0.952541471 -0.552859485 0.351528049 0.085547358 -0.158574477 0.000485333 0.983633876
1341846323.842207 0.953079283 -0.576892853 0.357104093 0.084657587 -0.158688962 -0.004178009 0.983683646
1341846323.878019 0.953532696 -0.617706358 0.356042713 0.080902815 -0.160489947 -0.009044928 0.983674705
1341846323.909826 0.967486024 -0.637999475 0.364406168 0.082578711 -0.164387554 -0.010947454 0.982872128
1341846323.942459 0.938972712 -0.675226152 0.346078634 0.079802096 -0.159759909 -0.011308073 0.983860016
1341846323.978055 0.909543514 -0.688495815 0.352471262 0.080182232 -0.160035893 -0.011961872 0.983776569
1341846324.015934 0.933572531 -0.666079462 0.346056312 0.088100381 -0.163908407 -0.009915880 0.982483625
1341846324.047722 0.914582610 -0.642751634 0.333585441 0.094203092 -0.158175558 -0.008804943 0.982867658
1341846324.083904 0.971116185 -0.594601452 0.353253543 0.101019084 -0.165742382 -0.006455508 0.980960250
1341846324.115968 0.942531765 -0.600359023 0.348753810 0.098025434 -0.159660578 -0.010286422 0.982239187
1341846324.151967 0.928347826 -0.584800422 0.343879938 0.099818587 -0.154607236 -0.018537251 0.982745767
1341846324.183941 0.973544598 -0.598060489 0.349361271 0.095115483 -0.158400923 -0.022017282 0.982536256
1341846324.219984 0.986689806 -0.587329686 0.349559844 0.092392772 -0.158583984 -0.019839764 0.982812881
1341846324.251968 0.983623445 -0.596731901 0.350332171 0.090537056 -0.158581257 -0.021528205 0.982950449
1341846324.284052 0.921347499 -0.558256686 0.339020550 0.094599463 -0.149949729 -0.022388989 0.983902872
1341846324.319880 0.918409884 -0.593741953 0.348249584 0.084637873 -0.154545099 -0.024412852 0.984050930
1341846324.351917 0.925072432 -0.586464584 0.346166760 0.080790788 -0.157930776 -0.027883757 0.983744502
1341846324.388001 0.937495828 -0.590217948 0.345105648 0.075204886 -0.158629462 -0.033505350 0.983899593
1341846324.419908 0.945042849 -0.556816339 0.345493555 0.074607074 -0.157536730 -0.034232341 0.984095573
1341846324.452027 0.936677158 -0.547747254 0.349561542 0.071873195 -0.156512782 -0.034297314 0.984460115
1341846324.487928 0.939716637 -0.532682836 0.356752753 0.070388183 -0.157620698 -0.029516544 0.984545588
1341846324.519985 0.948327541 -0.518460393 0.360080451 0.067748949 -0.161869198 -0.022289623 0.984231532
1341846324.556001 0.933489382 -0.465888858 0.354921907 0.072619826 -0.164184108 -0.020155869 0.983546555
1341846324.587888 0.923176169 -0.432878554 0.349516451 0.072100863 -0.164859414 -0.018666701 0.983501136
1341846324.620086 0.949123740 -0.414986402 0.349502832 0.073010549 -0.171386033 -0.022127613 0.982245743
1341846324.655955 0.955902934 -0.382980466 0.352458835 0.074975170 -0.172413483 -0.021408858 0.981933832
1341846324.688082 0.965293407 -0.396920383 0.357898474 0.071883723 -0.174445376 -0.021005040 0.981814861
1341846324.755922 0.949212372 -0.341168702 0.355911046 0.075537160 -0.176671281 -0.015964670 0.981237292
1341846324.814016 0.948000431 -0.290943950 0.345414042 0.074470766 -0.179202408 -0.021799833 0.980747342
1341846324.849979 0.933876455 -0.272660851 0.352997363 0.071586676 -0.175262108 -0.025628975 0.981581271
1341846324.881924 0.923919916 -0.261728436 0.352068096 0.069707029 -0.175721005 -0.025165252 0.981646478
1341846324.913902 0.916593254 -0.266780704 0.350708216 0.065321609 -0.175492048 -0.021998845 0.982065022
1341846324.949999 0.924718916 -0.277353853 0.351916492 0.063889995 -0.177042663 -0.019325105 0.981937170
1341846324.981922 0.919589162 -0.281139433 0.356654942 0.065844186 -0.180442750 -0.014900556 0.981266081
1341846325.018013 0.926707387 -0.261522859 0.353481293 0.070855193 -0.186281621 -0.012072519 0.979863763
1341846325.050079 0.918697476 -0.227981225 0.336331725 0.076409429 -0.188938394 -0.012971803 0.978925765
1341846325.081901 0.914591551 -0.188677832 0.339076281 0.079471856 -0.193149135 -0.014218047 0.977842271
1341846325.118531 0.915333152 -0.167474926 0.335068583 0.077345759 -0.193423852 -0.017431948 0.977906466
1341846325.149933 0.914661229 -0.161733419 0.342396826 0.072925389 -0.191381007 -0.019668331 0.978605390
1341846325.181925 0.915639758 -0.141194150 0.341288596 0.072065778 -0.190684333 -0.016535541 0.978862941
1341846325.218055 0.917635441 -0.126946464 0.347527474 0.070326008 -0.191343144 -0.014104342 0.978899002
1341846325.249811 0.906526387 -0.102253512 0.346605718 0.070487268 -0.189715594 -0.011499869 0.979238153
1341846325.285925 0.908906817 -0.085935093 0.340890706 0.068550736 -0.189980984 -0.006944055 0.979367077
1341846325.317988 0.933564126 -0.095139496 0.354311794 0.065327115 -0.190920234 -0.007131505 0.979403436
1341846325.349844 0.918321550 -0.104109608 0.353420913 0.066557594 -0.184210226 -0.004449975 0.980620682
1341846325.387302 0.919007063 -0.110096380 0.359066516 0.067354344 -0.181887612 0.000226210 0.981009901
1341846325.417931 0.930864215 -0.086430073 0.357109606 0.073748082 -0.178157613 0.001266850 0.981233656
1341846325.450747 0.945962489 -0.089572981 0.366382629 0.078577153 -0.172648072 0.004269298 0.981835067
1341846325.485954 0.926925778 -0.051403336 0.362684906 0.091338634 -0.164265230 0.007913613 0.982146382
1341846325.517875 0.918248117 -0.006250564 0.369503975 0.101002559 -0.160517976 0.010911655 0.981790900
1341846325.553859 0.911320031 0.000001952 0.364035517 0.104194462 -0.155520529 0.009360179 0.982277632
1341846325.585855 0.913687289 0.037066787 0.370302558 0.111115389 -0.153602108 0.009663801 0.981817961
1341846325.617990 0.922344625 0.081339486 0.371677369 0.112959594 -0.153072044 0.009722502 0.981689632
1341846325.653982 0.904853880 0.043825403 0.363375515 0.106340379 -0.148479819 0.004923116 0.983169019
1341846325.685819 0.900574565 0.066730849 0.370066315 0.114606217 -0.147052199 0.007989851 0.982434332
1341846325.717857 0.900550187 0.104804814 0.381331623 0.123214751 -0.147108644 0.016877521 0.981270790
1341846325.754083 0.906404912 0.098836206 0.376373887 0.124335617 -0.147973582 0.020426625 0.980931818
1341846325.786087 0.899793684 0.102639169 0.376523077 0.129826844 -0.146337256 0.021908814 0.980433822
1341846325.821856 0.895225108 0.144233912 0.381041765 0.138654515 -0.144264311 0.024392489 0.979473233
1341846325.853827 0.885952115 0.161341652 0.383489281 0.140805259 -0.143037200 0.028618632 0.979231954
1341846325.885958 0.896041095 0.168639600 0.366635263 0.140228659 -0.147423208 0.033673819 0.978503168
1341846325.921984 0.891065538 0.195706904 0.385423005 0.142281786 -0.151332051 0.038768284 0.977420866
1341846325.953899 0.918760896 0.198182255 0.394212425 0.144886643 -0.154654086 0.040684290 0.976439893
1341846325.985823 0.897293329 0.217409790 0.392902017 0.148525849 -0.148801178 0.045891371 0.976571679
1341846326.021991 0.879134119 0.216958821 0.388955623 0.149922296 -0.146023974 0.051887855 0.976477385
1341846326.054055 0.901126862 0.245458171 0.400128871 0.157719910 -0.150567681 0.055197805 0.974375188
1341846326.089984 0.905918360 0.282888412 0.410895944 0.164492369 -0.149535224 0.055122927 0.973418176
1341846326.121822 0.909693539 0.298232734 0.414421797 0.165290639 -0.146148205 0.053307325 0.973898411
1341846326.154079 0.884460747 0.292690516 0.412229508 0.164692044 -0.139970064 0.051775053 0.974989355
1341846326.190178 0.875718176 0.318580180 0.414799452 0.169446439 -0.139656261 0.055527218 0.974012733
1341846326.222162 0.855878115 0.325640619 0.401534170 0.165803626 -0.138165608 0.062663846 0.974419117
1341846326.259181 0.874578655 0.341044784 0.415195018 0.163095847 -0.144425333 0.066525586 0.973712206
1341846326.322766 0.875306010 0.359946907 0.416986138 0.155996203 -0.144152537 0.063308463 0.975129366
1341846326.359773 0.890831649 0.353239536 0.422428340 0.150378570 -0.145023644 0.060446884 0.976063848
1341846326.392109 0.887341917 0.334103614 0.420671046 0.145723879 -0.142094448 0.061719548 0.977120519
1341846326.423985 0.883725524 0.331819147 0.430547416 0.147662640 -0.142080963 0.067211464 0.976468861
1341846326.459869 0.881011009 0.341431439 0.433088094 0.148384541 -0.144778162 0.071031407 0.975692570
1341846326.526163 0.880438566 0.417724639 0.446904689 0.157667965 -0.142415315 0.070762374 0.974603236
1341846326.560211 0.871526599 0.433748603 0.456003308 0.153716937 -0.137947679 0.072425164 0.975754142
1341846326.591828 0.871016443 0.423705280 0.455357939 0.147744864 -0.136000291 0.072641119 0.976933300
1341846326.627027 0.886556149 0.385695457 0.446568757 0.138911650 -0.135690928 0.069416463 0.978505433
1341846326.658442 0.893222570 0.407141984 0.455879450 0.137764499 -0.133336142 0.068627536 0.979046822
1341846326.694856 0.866366625 0.425489575 0.451871186 0.135882378 -0.126018777 0.068493232 0.980287731
1341846326.726206 0.865860403 0.443445176 0.452362746 0.131473705 -0.124685548 0.065773912 0.981245160
1341846326.762753 0.878679156 0.444574714 0.453143775 0.123827934 -0.123360790 0.062428281 0.982624769
1341846326.826821 0.860428989 0.456548244 0.456801623 0.107077539 -0.114870265 0.056927897 0.985950589
1341846326.858887 0.868688345 0.455795705 0.478281379 0.099011071 -0.116142333 0.052892879 0.986868858
1341846326.895360 0.863154590 0.454342097 0.474361390 0.095086746 -0.116357498 0.056877796 0.987007797
1341846326.926897 0.867362261 0.453714401 0.473910958 0.095191367 -0.121004067 0.058737066 0.986329854
1341846326.958888 0.864956439 0.474130422 0.470896214 0.098415360 -0.121617988 0.062105622 0.985731423
1341846326.994594 0.877154768 0.476142555 0.472325563 0.096760422 -0.122953981 0.064220570 0.985593975
1341846327.026301 0.853741646 0.471658885 0.459675550 0.092220835 -0.116618030 0.061620530 0.986964345
1341846327.063945 0.875744104 0.486882508 0.482007980 0.091704212 -0.118902899 0.057088450 0.987012327
1341846327.094662 0.879089713 0.486604780 0.485231042 0.089788944 -0.117625594 0.056343384 0.987384260
1341846327.128901 0.875960708 0.492191136 0.489482254 0.088480718 -0.117336802 0.054547660 0.987637520
1341846327.161940 0.842153490 0.500216961 0.468606174 0.086833343 -0.111576274 0.052033041 0.988586605
1341846327.193867 0.791685939 0.518988550 0.448377132 0.089211151 -0.099714257 0.050142206 0.989739478
1341846327.229885 0.769678950 0.532982230 0.427043378 0.091286987 -0.091571242 0.046170790 0.990529954
1341846327.262014 0.713541806 0.561403513 0.407579511 0.095779851 -0.076163441 0.044436898 0.991489172
1341846327.294023 0.671288788 0.573277950 0.389058530 0.101196416 -0.056518499 0.038436297 0.992515862
1341846327.330015 0.643122792 0.597524107 0.373781383 0.105773337 -0.042109482 0.038038407 0.992769837
1341846327.361939 0.616502345 0.618314683 0.362353355 0.105518885 -0.033458266 0.033623401 0.993285358
1341846327.393887 0.578302562 0.628159165 0.347394556 0.105102025 -0.024328833 0.026813136 0.993802190
1341846327.429966 0.554341733 0.625771463 0.326696843 0.098903082 -0.020457668 0.019943973 0.994686842
1341846327.461965 0.544318855 0.619196653 0.309957594 0.086982511 -0.024404014 0.013811097 0.995815098
1341846327.497931 0.501337349 0.608695686 0.311728299 0.080531597 -0.016899953 0.009094466 0.996567309
1341846327.530068 0.458589852 0.611519933 0.300743073 0.077173628 -0.009175025 0.010337285 0.996921897
1341846327.561895 0.451939791 0.634676397 0.299678713 0.078506969 -0.011815076 0.015053536 0.996729910
1341846327.598010 0.405295938 0.627087653 0.302418917 0.077233329 -0.006901185 0.017196989 0.996840894
1341846327.629945 0.426717639 0.659067333 0.293330371 0.080832787 -0.016474061 0.017588003 0.996436357
1341846327.662003 0.392033875 0.634939909 0.288719296 0.075295746 -0.013383890 0.011239508 0.997008085
1341846327.697919 0.397870928 0.672141850 0.278081745 0.082086273 -0.015848553 0.010798280 0.996440709
1341846327.730075 0.355800062 0.674142182 0.261788130 0.074891858 -0.009152301 0.010337863 0.997096121
1341846327.766017 0.313887626 0.676991403 0.258672714 0.069257841 -0.003037700 0.011938279 0.997522712
1341846327.797917 0.261237025 0.686081052 0.248242304 0.064001694 0.005445370 0.014502230 0.997829556
1341846327.830054 0.260966539 0.680208743 0.250460863 0.055671498 0.005461982 0.011881180 0.998363495
1341846327.865944 0.261124045 0.683031082 0.253048927 0.051590268 0.007325336 0.011257519 0.998578012
1341846327.898010 0.246675655 0.701209962 0.253682822 0.050483499 0.010922131 0.011845342 0.998594940
1341846327.929991 0.257694036 0.707019508 0.256403744 0.044980939 0.007454619 0.010933489 0.998900235
1341846327.966065 0.257590055 0.715224564 0.252048105 0.040409576 0.008278969 0.008355855 0.999114037
1341846327.998073 0.261960030 0.728207469 0.255972266 0.034805007 0.008861908 0.006001997 0.999336839
1341846328.034045 0.257408172 0.725921810 0.253909618 0.027070230 0.010789466 0.003843380 0.999567926
1341846328.065993 0.260090977 0.713076711 0.254605442 0.019107368 0.011079529 0.004340777 0.999746621
1341846328.098045 0.249245003 0.704269528 0.258545339 0.018120883 0.013625566 0.004115259 0.999734521
1341846328.133967 0.255062073 0.696161330 0.252329260 0.018918894 0.010305137 0.008721902 0.999729931
1341846328.166023 0.249056816 0.689152062 0.249290586 0.017478714 0.007982698 0.009046934 0.999774456
1341846328.198018 0.225565821 0.684478760 0.247719109 0.019068569 0.009690193 0.004869078 0.999759376
1341846328.234044 0.229661897 0.670920908 0.239864767 0.021404492 0.007321917 0.004735363 0.999732912
1341846328.265899 0.246157035 0.660259366 0.246752501 0.022951446 0.001916310 0.005983810 0.999716878
1341846328.302051 0.249588758 0.664479554 0.259072721 0.029193006 0.000411955 0.008191186 0.999540150
1341846328.333917 0.210538507 0.650057137 0.256037354 0.032471847 0.007160249 0.010575203 0.999391079
1341846328.366008 0.187107220 0.641832173 0.266403437 0.039872304 0.010163742 0.008815516 0.999114215
1341846328.402010 0.236978725 0.639435291 0.268535405 0.054796834 0.001254535 0.015314256 0.998379290
1341846328.433920 0.217156127 0.624669015 0.266094029 0.057036966 0.002455640 0.015314412 0.998251677
1341846328.470003 0.222856492 0.616376340 0.259639502 0.060420737 0.001407881 0.006918761 0.998148024
1341846328.502194 0.239487693 0.585891008 0.244736537 0.061012913 0.001653913 -0.001750121 0.998134077
1341846328.534033 0.232327342 0.566596866 0.242763668 0.062432256 0.005902589 -0.004266007 0.998022616
1341846328.570125 0.186402336 0.545913279 0.225797206 0.063920215 0.014633322 -0.002419753 0.997844815
1341846328.602804 0.154621080 0.523440063 0.226065814 0.068918958 0.014065222 0.000338789 0.997523069
1341846328.672663 0.175585806 0.487227708 0.212542698 0.077885263 -0.002067435 -0.001442793 0.996959150
1341846328.702975 0.181866780 0.496759057 0.220146552 0.085115433 -0.006346649 -0.002639357 0.996347368
1341846328.770129 0.174579918 0.494073570 0.214246303 0.098520786 -0.007657791 -0.005271736 0.995091558
1341846328.802331 0.191244438 0.485137790 0.227269918 0.101323143 -0.014268287 -0.004258928 0.994742155
1341846328.838051 0.201882631 0.477511346 0.230597630 0.106829286 -0.018191533 -0.007392663 0.994083464
1341846328.869939 0.189779699 0.480182886 0.226086453 0.107436247 -0.016998000 -0.008287015 0.994032145
1341846328.904486 0.171890706 0.465639979 0.227442384 0.103260994 -0.016953293 -0.009235361 0.994466960
1341846328.939814 0.198540047 0.464763552 0.230348051 0.110624827 -0.023664666 -0.008758407 0.993541837
1341846328.970217 0.197799459 0.460945636 0.222623602 0.114589185 -0.025777092 -0.004143069 0.993069828
1341846329.006232 0.195472598 0.464880526 0.227884799 0.117875427 -0.027480975 -0.000537942 0.992647946
1341846329.038243 0.217924520 0.445341676 0.227161095 0.121478140 -0.031982135 -0.000634163 0.992078543
1341846329.106125 0.211551279 0.456331283 0.220193312 0.127133936 -0.031269606 -0.001739925 0.991391063
1341846329.138340 0.213975236 0.447589427 0.217614949 0.129652649 -0.032298259 -0.003163642 0.991028249
1341846329.169991 0.215912938 0.447467238 0.212258250 0.132032096 -0.033512302 -0.003174523 0.990673721
1341846329.208656 0.211516306 0.436822981 0.202620298 0.132285446 -0.033220835 -0.004925637 0.990642548
1341846329.238169 0.207551241 0.436596334 0.197231188 0.131968498 -0.033150971 -0.004470305 0.990689337
1341846329.273827 0.210536852 0.427517921 0.198218226 0.130814999 -0.034694567 -0.004037325 0.990791321
1341846329.306052 0.210503951 0.435188353 0.194731832 0.133403182 -0.037198354 -0.005216814 0.990349770
1341846329.338104 0.216064215 0.416898131 0.189850196 0.126473323 -0.039220911 -0.008364622 0.991159081
1341846329.373907 0.214169905 0.368075371 0.175849229 0.116955675 -0.039301977 -0.010707475 0.992301404
1341846329.405985 0.216934294 0.369199544 0.176412717 0.120402217 -0.041140050 -0.014372470 0.991768241
1341846329.442057 0.212264746 0.364174813 0.171256721 0.119427964 -0.040383205 -0.018352114 0.991851509
1341846329.473950 0.220906749 0.357124925 0.169985160 0.119655393 -0.042988930 -0.024250505 0.991587937
1341846329.506147 0.223922297 0.334911495 0.160940856 0.116348751 -0.045363605 -0.025548473 0.991842926
1341846329.542121 0.223089531 0.341769308 0.160883695 0.117887996 -0.048489418 -0.025175886 0.991522729
1341846329.574086 0.214341253 0.326389462 0.157877758 0.120018646 -0.048910521 -0.027783811 0.991176784
1341846329.606387 0.215467885 0.328931987 0.151256919 0.123209968 -0.049409248 -0.028845256 0.990730047
1341846329.641955 0.207317650 0.319988936 0.148540571 0.122270986 -0.049575645 -0.028443107 0.990849674
1341846329.681570 0.204379007 0.297186017 0.148041636 0.119159326 -0.052327227 -0.028456159 0.991086900
1341846329.748113 0.212451324 0.291695207 0.146123052 0.121351331 -0.053244218 -0.030165160 0.990721524
1341846329.810175 0.196648866 0.255202830 0.142881006 0.116598576 -0.047766898 -0.026654145 0.991671681
1341846329.842255 0.191037834 0.240524650 0.139099300 0.116617166 -0.047026325 -0.023455489 0.991785705
1341846329.874044 0.202970073 0.238378227 0.136548832 0.119244501 -0.049610641 -0.019714851 0.991428733
1341846329.910073 0.199369192 0.247575834 0.138009042 0.120843828 -0.049438357 -0.016609728 0.991300583
1341846329.942009 0.185980305 0.257491380 0.137901410 0.118261658 -0.047896534 -0.011941647 0.991754770
1341846329.978087 0.190475672 0.220676363 0.133536577 0.113180071 -0.049205620 -0.012209804 0.992280185
1341846330.016305 0.187236547 0.238667890 0.130497992 0.117709287 -0.046853345 -0.015061324 0.991827846
1341846330.048192 0.181724101 0.264053583 0.135227591 0.117751829 -0.045216899 -0.011799858 0.991942942
1341846330.080418 0.184699193 0.221159816 0.127754882 0.108308688 -0.045792159 -0.010176925 0.993009984
1341846330.115886 0.172983751 0.207802355 0.122889906 0.111267701 -0.042309009 -0.009586352 0.992843211
1341846330.147839 0.184812009 0.223767579 0.122130953 0.114503384 -0.044925094 -0.007631857 0.992377222
1341846330.181257 0.210226685 0.241172537 0.117554165 0.110843197 -0.049584318 -0.003912976 0.992592514
1341846330.215852 0.192353457 0.229810655 0.120339081 0.105035320 -0.045560114 -0.006547209 0.993402779
1341846330.247833 0.191754237 0.219957650 0.116281569 0.101549588 -0.045374088 -0.005857020 0.993777990
1341846330.283913 0.196586773 0.230241388 0.114962392 0.099007376 -0.046734069 -0.005673127 0.993972540
1341846330.316011 0.191311419 0.214761958 0.117619671 0.091364704 -0.046876915 -0.006144607 0.994694591
1341846330.347868 0.182043120 0.208589226 0.111601681 0.089148171 -0.047111623 -0.007397840 0.994876087
1341846330.383835 0.194889024 0.205899909 0.113278553 0.087530129 -0.049302693 -0.007616939 0.994911969
1341846330.415934 0.197312042 0.186049476 0.113099560 0.085743219 -0.049018804 -0.009873004 0.995061755
1341846330.452561 0.174420476 0.202533543 0.111718595 0.091727011 -0.046071228 -0.010417283 0.994663298
1341846330.483903 0.175916553 0.201038405 0.107033834 0.090530299 -0.048773561 -0.007807272 0.994668067
1341846330.515970 0.177906170 0.186291680 0.106720097 0.087448470 -0.051503453 -0.004271348 0.994827628
1341846330.552099 0.171641618 0.201402992 0.105322495 0.092025287 -0.051763415 -0.002408735 0.994407415
1341846330.583876 0.179322600 0.202781990 0.102458395 0.090662993 -0.053516019 -0.001932331 0.994440854
1341846330.619992 0.179896533 0.203015864 0.094499633 0.084891833 -0.055092916 -0.002185363 0.994863510
1341846330.652136 0.176572606 0.200014845 0.097433962 0.078752026 -0.055757899 -0.004624334 0.995323002
1341846330.683796 0.179428890 0.189207956 0.093761936 0.072771564 -0.056153432 -0.005816073 0.995749652
1341846330.719991 0.171940610 0.171873316 0.085853703 0.068357810 -0.057671443 -0.004380381 0.995982945
1341846330.752103 0.173750207 0.174804032 0.082404748 0.070893571 -0.062668115 -0.001193081 0.995512664
1341846330.787952 0.174223110 0.156417221 0.072763979 0.067412503 -0.068068005 0.002791514 0.995396674
1341846330.819823 0.177644029 0.171940833 0.073679477 0.069642797 -0.072874971 0.003279736 0.994901240
1341846330.852208 0.165427506 0.194995344 0.073629886 0.072464146 -0.072348014 0.003566896 0.994737208
1341846330.914111 0.173066735 0.209971637 0.064496636 0.064450234 -0.077145033 0.002179896 0.994932234
1341846330.949903 0.170599818 0.182215869 0.062056258 0.057797600 -0.078200549 0.003076454 0.995256066
1341846330.981986 0.157890752 0.189326212 0.050494593 0.059110001 -0.081190750 0.003377186 0.994938552
1341846331.014111 0.169729218 0.188952357 0.054223467 0.058123834 -0.087099746 0.003466321 0.994496524
1341846331.082139 0.152472243 0.182091713 0.045015525 0.059067830 -0.087069020 -0.000662150 0.994449377
1341846331.114334 0.155626923 0.195279241 0.040683333 0.061052211 -0.089894988 -0.001788046 0.994076610
1341846331.149989 0.177926421 0.184410587 0.052476842 0.060248796 -0.094763719 -0.001436745 0.993673980
1341846331.181954 0.156045616 0.187439561 0.042065497 0.063922122 -0.091597237 -0.002968534 0.993737936
1341846331.218151 0.162427559 0.197961077 0.032480896 0.063201256 -0.096170560 -0.001379538 0.993355453
1341846331.249914 0.160427213 0.187530726 0.042098109 0.061004218 -0.096515805 -0.005294188 0.993446112
1341846331.318141 0.157111630 0.198869914 0.032959107 0.073771819 -0.085819721 -0.008606832 0.993538439
1341846331.349926 0.146643162 0.184989586 0.025932105 0.069872573 -0.080961719 -0.010739002 0.994207144
1341846331.382003 0.205139443 0.171778858 0.004700688 0.072305396 -0.081243269 -0.013507685 0.993976414
1341846331.418008 0.195431620 0.173251852 0.011711865 0.079360463 -0.072034925 -0.012469428 0.994161725
1341846331.450327 0.201909080 0.176468864 0.018756477 0.080719799 -0.069503345 -0.010189136 0.994258463
1341846331.486219 0.189197034 0.171304569 0.020689456 0.078991421 -0.066411048 -0.009426615 0.994616032
1341846331.518344 0.190055385 0.170833245 0.010492378 0.077506602 -0.064319842 -0.011594541 0.994847357
1341846331.550202 0.156726465 0.186936796 0.037471399 0.084238872 -0.053166203 -0.011332488 0.994961679
1341846331.586139 0.192014351 0.194742188 0.068001561 0.086617455 -0.058861308 -0.009240186 0.994458377
1341846331.617931 0.180629909 0.191962048 0.067166522 0.084762506 -0.056397341 -0.010137787 0.994752228
1341846331.654027 0.167711779 0.214908540 0.080176271 0.090710811 -0.050920412 -0.010167521 0.994522691
1341846331.686123 0.150250033 0.223092347 0.089312181 0.093615785 -0.045981847 -0.007195686 0.994520009
1341846331.717954 0.165802181 0.226302177 0.112544969 0.090132207 -0.049674228 -0.006268942 0.994670510
1341846331.754076 0.174642652 0.205587417 0.122428700 0.085875563 -0.049531993 -0.007574359 0.995045066
1341846331.785920 0.175172493 0.213089481 0.140464425 0.090938054 -0.046794273 -0.007555571 0.994727910
1341846331.818053 0.164610818 0.213068753 0.142578259 0.090099752 -0.043685112 -0.007622538 0.994945049
1341846331.853849 0.147147894 0.211828485 0.153204560 0.089803286 -0.040446483 -0.009435312 0.995093167
1341846331.885987 0.136463180 0.208810136 0.154501170 0.092504397 -0.035371855 -0.011762642 0.995014310
1341846331.922014 0.114260145 0.205064476 0.162200466 0.092651375 -0.028416723 -0.010909257 0.995233297
1341846331.954037 0.087134682 0.198590010 0.173062608 0.092221439 -0.020998124 -0.011703094 0.995448351
1341846331.986135 0.065431677 0.198195368 0.172331706 0.095342807 -0.010917807 -0.010386737 0.995330453
1341846332.022364 0.046811819 0.175055474 0.187777564 0.098860741 -0.003704809 -0.009689431 0.995047212
1341846332.054175 0.040781345 0.167300448 0.185854003 0.102980278 -0.002802500 -0.009232446 0.994636595
1341846332.086502 0.052212298 0.171374306 0.202772290 0.106220350 -0.004878127 -0.006182411 0.994311452
1341846332.122051 0.032603923 0.164663434 0.204516232 0.106277049 -0.000486766 -0.008789908 0.994297564
1341846332.153983 0.063024752 0.144944310 0.217872620 0.099123880 -0.006208372 -0.008353208 0.995020747
1341846332.190165 0.047445673 0.144375712 0.232227787 0.092502967 -0.005608443 -0.010126776 0.995645106
1341846332.254145 0.037419256 0.146320000 0.262320459 0.095801480 -0.003596481 -0.012968549 0.995309472
1341846332.289948 0.023769235 0.153755546 0.273740739 0.098828845 -0.001894939 -0.011339265 0.995038033
1341846332.322172 0.046528406 0.152963370 0.291271538 0.099678509 -0.006668445 -0.009327732 0.994953632
1341846332.354003 0.055899866 0.134053215 0.296431184 0.099440984 -0.005813058 -0.011887541 0.994955480
1341846332.390180 0.031145383 0.137869433 0.286838770 0.100338958 0.003592290 -0.015576702 0.994824946
1341846332.422055 0.049484778 0.145576745 0.313353449 0.099944435 0.002275632 -0.019045793 0.994808137
1341846332.458114 0.045726664 0.141327783 0.322865605 0.099376477 0.005677991 -0.022962406 0.994768798
1341846332.489993 0.029118851 0.145068079 0.337405801 0.100363038 0.009715894 -0.019838201 0.994705677
1341846332.522130 0.007656476 0.152180091 0.345763654 0.100044422 0.008810326 -0.013749932 0.994849026
1341846332.558114 -0.009233920 0.159461185 0.343537956 0.101804554 0.007192074 -0.008014544 0.994746149
1341846332.589874 0.041608430 0.156383008 0.352296710 0.099768713 -0.004452951 -0.003114364 0.994995832
1341846332.621889 0.044343002 0.156789556 0.356138885 0.094913498 -0.005022499 -0.001588267 0.995471597
1341846332.658202 0.063972056 0.150169179 0.375240743 0.090462349 -0.007365263 -0.000823800 0.995872319
1341846332.690001 0.053880200 0.153861433 0.380817205 0.089339890 -0.004467380 -0.000749409 0.995990932
1341846332.726000 0.040532798 0.152780384 0.390090704 0.088313907 -0.003234471 0.002214261 0.996085048
1341846332.758386 0.046294454 0.148983046 0.389148325 0.087594695 -0.006919982 0.001042154 0.996131659
1341846332.789937 0.046822660 0.152914330 0.387186497 0.087221213 -0.004832784 0.000939178 0.996176839
1341846332.825925 0.032626022 0.154049262 0.392431915 0.086058676 0.000321627 -0.000708626 0.996289790
1341846332.857898 0.005434309 0.146859914 0.403194398 0.085283607 0.007332935 -0.003565201 0.996323347
1341846332.894069 -0.007430322 0.149047166 0.398500085 0.083724074 0.009465108 -0.004162802 0.996435344
1341846332.926029 -0.031886328 0.150261670 0.400099665 0.079943031 0.015511389 -0.006027963 0.996660531
1341846332.958015 -0.055468448 0.141592234 0.400933683 0.074562855 0.022562474 -0.010160987 0.996909320
1341846332.994073 -0.085637867 0.140561655 0.403989911 0.071049020 0.029887913 -0.012264378 0.996949553
1341846333.026545 -0.112888381 0.134539723 0.405629635 0.067406826 0.036793601 -0.014790035 0.996937275
1341846333.057998 -0.150227666 0.128480464 0.409928530 0.064997740 0.047002256 -0.014714736 0.996669292
1341846333.094024 -0.181285709 0.120316885 0.410145164 0.063391313 0.054446030 -0.011513315 0.996436000
1341846333.126095 -0.245896906 0.128182232 0.428596526 0.065818638 0.071246572 -0.005853642 0.995267630
1341846333.161973 -0.278328270 0.127418607 0.429202437 0.064020261 0.079343386 -0.004452726 0.994779527
1341846333.195660 -0.323520839 0.125470176 0.442353666 0.061987907 0.090991795 -0.002095344 0.993918300
1341846333.226331 -0.355112851 0.123091564 0.435201079 0.059720382 0.097383738 -0.003544631 0.993447244
1341846333.262056 -0.389408618 0.119456604 0.437417448 0.054672439 0.104422763 -0.007260337 0.993002594
1341846333.294147 -0.430572301 0.110576235 0.448108494 0.049485933 0.113274202 -0.009774921 0.992282510
1341846333.326100 -0.416980416 0.115430340 0.452879846 0.048807159 0.109847732 -0.009344405 0.992705405
1341846333.362100 -0.432342798 0.109449953 0.452411175 0.043297887 0.112426251 -0.010261497 0.992663264
1341846333.394119 -0.405805469 0.105159402 0.460850835 0.039920211 0.106482409 -0.009705746 0.993465543
1341846333.429974 -0.422560632 0.103767045 0.460843623 0.038898643 0.108158298 -0.010447065 0.993317425
1341846333.462115 -0.449678659 0.109448843 0.462695032 0.040356737 0.113637947 -0.012793831 0.992619812
1341846333.494040 -0.477359235 0.096013479 0.466565073 0.037993837 0.119371369 -0.012950989 0.992037952
1341846333.529953 -0.503010154 0.094748542 0.462033898 0.038733456 0.125696406 -0.014244991 0.991209984
1341846333.562063 -0.526942134 0.097625881 0.468741834 0.040084254 0.132312268 -0.012535943 0.990317941
1341846333.594090 -0.561854362 0.101385146 0.467606246 0.039271329 0.138197452 -0.011566663 0.989558220
1341846333.629994 -0.588290215 0.106929228 0.478849858 0.036776271 0.140734643 -0.012433647 0.989285946
1341846333.662127 -0.608422339 0.107288316 0.481338054 0.034190092 0.143360987 -0.013014290 0.988994062
1341846333.697964 -0.629457057 0.104896672 0.488419235 0.033230703 0.147367507 -0.012354446 0.988446236
1341846333.730092 -0.653287709 0.110148452 0.493414760 0.037024934 0.151858449 -0.012026547 0.987635314
1341846333.762089 -0.685506165 0.118213966 0.497266471 0.039773885 0.157454744 -0.008239485 0.986690521
1341846333.798006 -0.710359275 0.114469804 0.501671195 0.040833499 0.162296370 -0.008814580 0.985857427
1341846333.830055 -0.731302917 0.113202319 0.489443988 0.042785969 0.167042360 -0.011191748 0.984957397
1341846333.866045 -0.750076175 0.105320819 0.484603763 0.041935701 0.171140775 -0.012549738 0.984273732
1341846333.897987 -0.692192972 0.109680988 0.481583893 0.044713575 0.159795985 -0.013613775 0.986042917
1341846333.930099 -0.714891970 0.114455797 0.479075193 0.048872203 0.164583653 -0.016081378 0.985020399
1341846333.965889 -0.733022630 0.111203492 0.474895984 0.050141215 0.168011874 -0.016138993 0.984376669
1341846333.997985 -0.751363873 0.117135838 0.479968399 0.054651063 0.171773434 -0.016462915 0.983481705
1341846334.030076 -0.772992194 0.111373991 0.475211173 0.056599744 0.176337257 -0.015884781 0.982572854
1341846334.066000 -0.711395502 0.106494032 0.455871403 0.057292689 0.163553149 -0.014464949 0.984763324
1341846334.097932 -0.704778373 0.113853253 0.445527077 0.060610499 0.161820963 -0.015442084 0.984836042
1341846334.133884 -0.714879930 0.105559528 0.442327708 0.060455792 0.163804740 -0.014549641 0.984531045
1341846334.166115 -0.730186045 0.104647875 0.441560924 0.060317241 0.164354250 -0.013824436 0.984458447
1341846334.198072 -0.738954186 0.108858004 0.433721900 0.061750196 0.163815096 -0.016147960 0.984424114
1341846334.234097 -0.739269793 0.107611716 0.429054141 0.061458122 0.164307639 -0.017226730 0.984341979
1341846334.266045 -0.752793550 0.100969493 0.427975953 0.060414918 0.167341530 -0.015638757 0.983921945
1341846334.297946 -0.751312494 0.098008730 0.420091808 0.061171018 0.164297149 -0.014615259 0.984403849
1341846334.334036 -0.747571707 0.102047637 0.406152993 0.062202714 0.161339357 -0.014637147 0.984828055
1341846334.365871 -0.750279307 0.108221814 0.399033189 0.062579252 0.161503404 -0.017040776 0.984738588
1341846334.401845 -0.753913581 0.099982470 0.394338936 0.059348691 0.162038058 -0.016719624 0.984856248
1341846334.433864 -0.754987538 0.095877320 0.389034241 0.059080649 0.159906015 -0.015741752 0.985236883
1341846334.466105 -0.766057909 0.100546852 0.387380540 0.060286872 0.159921065 -0.015423334 0.985166430
1341846334.502142 -0.776646674 0.096716657 0.386007428 0.057866778 0.159686178 -0.013677956 0.985375464
1341846334.540153 -0.783829451 0.101610534 0.379078060 0.058543582 0.159048423 -0.015622515 0.985409677
1341846334.602351 -0.801711798 0.093024842 0.370804638 0.049354292 0.156977400 -0.021178776 0.986140788
1341846334.670161 -0.810019553 0.100892216 0.356308371 0.045968443 0.154827774 -0.027950184 0.986475587
1341846334.702085 -0.811661124 0.100749522 0.348758817 0.045148160 0.151586577 -0.027203947 0.987037539
1341846334.734751 -0.817614913 0.100873336 0.337881684 0.045384269 0.149333358 -0.025217861 0.987422824
1341846334.770889 -0.818834126 0.103528984 0.325121224 0.046122875 0.146830022 -0.021498023 0.987851977
1341846334.802194 -0.817493200 0.105434686 0.313566566 0.045795687 0.142617300 -0.020595990 0.988503397
1341846334.833908 -0.816585302 0.107493095 0.306052834 0.045344677 0.140699312 -0.023283344 0.988739371
1341846334.869874 -0.815239906 0.106220946 0.289018065 0.043168750 0.139141813 -0.022027079 0.989085913
1341846334.902006 -0.806534648 0.106524929 0.273251444 0.041872635 0.134320080 -0.020391161 0.989842951
1341846334.938010 -0.800286412 0.110328473 0.266196102 0.041964374 0.129676521 -0.022395762 0.990414798
1341846334.970032 -0.790466309 0.107562691 0.258940965 0.041321382 0.127138570 -0.022872455 0.990759909
1341846335.002203 -0.817400038 0.116297625 0.255377918 0.045152105 0.130860865 -0.022015808 0.990127325
1341846335.037880 -0.822891653 0.117884956 0.234863833 0.047692418 0.127047613 -0.018330339 0.990579844
1341846335.069990 -0.819598377 0.120908432 0.228381544 0.047649082 0.123777591 -0.018381905 0.990994871
1341846335.106038 -0.816694140 0.125823006 0.221163124 0.049020056 0.124229304 -0.020735955 0.990824997
1341846335.138045 -0.808745861 0.113913313 0.221116677 0.048359320 0.122352108 -0.019924814 0.991107643
1341846335.169900 -0.848638654 0.104418419 0.202390999 0.045855049 0.125768125 -0.019476358 0.990807950
1341846335.206091 -0.849874079 0.114478111 0.199893832 0.047042046 0.123822019 -0.024651475 0.990882158
1341846335.239365 -0.856857121 0.119362101 0.192319110 0.048175860 0.126076907 -0.027026094 0.990481377
1341846335.269948 -0.867947519 0.118852459 0.184913427 0.049642514 0.128227457 -0.028025603 0.990104973
1341846335.305972 -0.871323586 0.112512141 0.176036090 0.050202459 0.125926554 -0.027946180 0.990374327
1341846335.338012 -0.872630656 0.103407592 0.169352412 0.050386634 0.124534361 -0.025917115 0.990596175
1341846335.374005 -0.871968508 0.114055932 0.157900825 0.058429249 0.126919776 -0.026479751 0.989836454
1341846335.406025 -0.880865335 0.106970645 0.148486748 0.063987777 0.129515156 -0.024054291 0.989218295
1341846335.438079 -0.886173368 0.107425153 0.135585457 0.068021029 0.129732594 -0.021650217 0.988976181
1341846335.473998 -0.886205077 0.113429770 0.133036092 0.070580192 0.131238833 -0.021628080 0.988598526
1341846335.507038 -0.902163446 0.095018409 0.121217944 0.067036234 0.135880589 -0.024117656 0.988160431
1341846335.538040 -0.891076446 0.129310340 0.111724034 0.071952410 0.135344818 -0.025222858 0.987860560
1341846335.574119 -0.900349915 0.130129278 0.104613781 0.069140688 0.135674104 -0.023848398 0.988050282
1341846335.605970 -0.919319928 0.103882648 0.098848343 0.063381568 0.137932003 -0.024544286 0.988106847
1341846335.641978 -0.912377954 0.127768964 0.087458506 0.068415545 0.137704954 -0.027938034 0.987712622
1341846335.673993 -0.915667057 0.125127435 0.076730631 0.066854447 0.137736335 -0.027729487 0.987820983
1341846335.706178 -0.924140871 0.116192065 0.070125081 0.064974077 0.137091309 -0.026329057 0.988074481
1341846335.741982 -0.919892430 0.127245665 0.059687592 0.067410924 0.136103407 -0.027347915 0.988020122
1341846335.773960 -0.924872875 0.127483413 0.049154721 0.066950545 0.136495948 -0.027495211 0.987993181
1341846335.806271 -0.938394427 0.126005903 0.040730018 0.064240627 0.137270972 -0.027305687 0.988071024
1341846335.842031 -0.934699953 0.132445037 0.035955988 0.063684940 0.137402087 -0.026909294 0.988099575
1341846335.873966 -0.945793569 0.131211683 0.028199919 0.064396106 0.139967516 -0.027957736 0.987664223
1341846335.910005 -0.946877062 0.134107232 0.015091757 0.063776679 0.138712361 -0.025435960 0.987949669
1341846335.941936 -0.956345081 0.133609667 0.009577282 0.062634259 0.137700602 -0.025080219 0.988173366
1341846335.974198 -0.953196585 0.137672126 -0.000149515 0.062839188 0.135851160 -0.027293369 0.988357663
1341846336.010032 -0.966025054 0.136783287 -0.002688275 0.062088381 0.137124896 -0.028453186 0.988196492
1341846336.042129 -0.971645713 0.133040085 -0.021720149 0.060355496 0.135187149 -0.026992407 0.988611698
1341846336.078076 -0.976240098 0.136134118 -0.020720826 0.060981885 0.133714974 -0.028779961 0.988723040
1341846336.110739 -0.973394930 0.141819820 -0.023079921 0.061671026 0.133285165 -0.029616509 0.988713622
1341846336.142002 -0.983428657 0.137740463 -0.036874697 0.060992885 0.133580327 -0.027866403 0.988766730
1341846336.183953 -0.986235738 0.137867168 -0.046168376 0.060042687 0.130354971 -0.025761561 0.989312351
1341846336.241891 -0.990780056 0.148824841 -0.049807973 0.059728917 0.130336151 -0.027429517 0.989288926
1341846336.277946 -0.996356964 0.140237480 -0.061768621 0.059621505 0.129986316 -0.025130803 0.989402533
1341846336.309977 -0.950165391 0.142898619 -0.101667672 0.063071564 0.118509769 -0.018580796 0.990773559
1341846336.346143 -0.897914588 0.158692881 -0.128503323 0.067020185 0.108813897 -0.020040840 0.991597831
1341846336.377975 -0.832739353 0.167702287 -0.153249398 0.069795318 0.096535549 -0.020041807 0.992677093
1341846336.410032 -0.791470468 0.171564221 -0.179218456 0.070949756 0.089646049 -0.018838573 0.993264735
1341846336.446041 -0.737299204 0.171920404 -0.192565873 0.070160963 0.079623103 -0.017524650 0.994198442
1341846336.477990 -0.686695695 0.174876064 -0.208194494 0.069750331 0.071524210 -0.015894612 0.994870126
1341846336.510056 -0.647067904 0.181238264 -0.231933594 0.071491301 0.065809593 -0.015225022 0.995151460
1341846336.546024 -0.607206762 0.184242621 -0.254006207 0.073123150 0.060050178 -0.012673270 0.995432794
1341846336.578003 -0.554309547 0.185590655 -0.275927961 0.072040670 0.050367534 -0.010169363 0.996077240
1341846336.614020 -0.509898901 0.189550295 -0.288401842 0.072252743 0.044816677 -0.010743501 0.996321023
1341846336.645982 -0.451885194 0.182260737 -0.302856207 0.068829685 0.036378477 -0.008276904 0.996930599
1341846336.678036 -0.397416860 0.174767926 -0.310726851 0.066291571 0.025374355 -0.008951619 0.997437477
1341846336.714024 -0.371042430 0.193814844 -0.309698164 0.073042132 0.019357100 -0.009198505 0.997098565
1341846336.746016 -0.300046206 0.185998246 -0.300141692 0.075267121 0.003982233 -0.005203330 0.997141898
1341846336.778014 -0.243278608 0.182962671 -0.294595659 0.076639190 -0.009027672 -0.002503819 0.997014880
1341846336.820006 -0.186985701 0.181763232 -0.318238497 0.075127475 -0.019968564 0.004146790 0.996965349
1341846336.882056 -0.046763320 0.142746955 -0.248297319 0.069512606 -0.047180161 0.018861456 0.996286273
1341846336.914273 0.010798862 0.134486556 -0.239762217 0.069086015 -0.060796566 0.021895424 0.995515764
1341846336.945998 0.062456314 0.139478743 -0.238686994 0.074773513 -0.072799027 0.019231005 0.994353771
1341846336.981980 0.119918115 0.148370296 -0.232605636 0.077442281 -0.085387021 0.021853251 0.993093252
1341846337.014238 0.178561553 0.159431815 -0.201064467 0.075976074 -0.097979933 0.019482063 0.992092788
1341846337.046017 0.206032619 0.163448825 -0.156478718 0.076336980 -0.102188244 0.018211924 0.991664529
1341846337.082104 0.242381454 0.165935829 -0.136769220 0.076267384 -0.107463785 0.017082967 0.991132200
1341846337.114317 0.268288225 0.168705553 -0.137052625 0.074983500 -0.112490878 0.015797552 0.990693569
1341846337.150037 0.298586488 0.175555006 -0.113444366 0.075212479 -0.118330851 0.015999163 0.989992380
1341846337.181873 0.337699026 0.177573785 -0.094276465 0.074821614 -0.124467410 0.015157653 0.989282489
1341846337.214073 0.374335021 0.178727910 -0.077523187 0.071723364 -0.129697770 0.016588347 0.988817036
1341846337.250087 0.392229944 0.180392787 -0.060724128 0.071118563 -0.134537801 0.019220971 0.988166153
1341846337.282028 0.429643869 0.179187223 -0.053988799 0.071578793 -0.144014940 0.021770699 0.986743271
1341846337.317920 0.453072608 0.179987535 -0.044924561 0.070688531 -0.148680478 0.022265654 0.986104190
1341846337.350018 0.470705688 0.171032295 -0.039654873 0.066809714 -0.150955439 0.025687559 0.985945821
1341846337.382159 0.485581428 0.177106827 -0.036257088 0.066662185 -0.152848169 0.023573224 0.985716999
1341846337.417941 0.515745580 0.177882537 -0.044450477 0.067703314 -0.157894999 0.023132922 0.984860599
1341846337.450137 0.540585101 0.174023807 -0.059626780 0.066322193 -0.164165333 0.021136893 0.983973801
1341846337.482096 0.528336704 0.173146039 -0.054136228 0.064972311 -0.161699146 0.022668017 0.984438002
1341846337.518008 0.539452851 0.183367714 -0.050644953 0.068978153 -0.164440230 0.021055818 0.983747005
1341846337.549978 0.539676666 0.182623506 -0.056198537 0.067370810 -0.164404452 0.021387028 0.983857214
1341846337.585971 0.542029738 0.188167304 -0.049129240 0.066552065 -0.165287837 0.021181330 0.983769357
1341846337.617903 0.531775951 0.173486203 -0.025838345 0.066301376 -0.163940474 0.019875184 0.984038949
1341846337.650141 0.546624720 0.171082437 -0.032223240 0.066558547 -0.166807994 0.021393931 0.983507752
1341846337.686352 0.564974666 0.175420299 -0.031340726 0.064731196 -0.170045868 0.022512132 0.983050108
1341846337.718002 0.570975304 0.176193252 -0.018126881 0.063302070 -0.170851290 0.022262678 0.983009219
1341846337.749920 0.579190254 0.189030781 -0.012740275 0.065319337 -0.169716164 0.023607438 0.983042479
1341846337.786157 0.592843711 0.198085248 0.003608086 0.063258000 -0.169928834 0.026033184 0.983079314
1341846337.817945 0.606995463 0.188932955 0.022648349 0.059148375 -0.170918748 0.026738705 0.983144641
1341846337.854071 0.623998046 0.175341412 0.042915411 0.054400939 -0.171160996 0.025493713 0.983409643
1341846337.885951 0.628828645 0.162714317 0.054320067 0.047906701 -0.169919685 0.024631057 0.983984590
1341846337.918223 0.644271135 0.166432351 0.071947262 0.044625707 -0.171315953 0.023969833 0.983913064
1341846337.954120 0.649216473 0.149095207 0.091294512 0.038811240 -0.171795189 0.024590109 0.984060705
1341846337.985994 0.657055974 0.149472311 0.113752976 0.034776889 -0.172609299 0.026793731 0.984011531
1341846338.018107 0.666309237 0.139740527 0.139294222 0.029503774 -0.173376054 0.026352772 0.984060884
1341846338.054055 0.693030059 0.147097260 0.159792751 0.027627284 -0.176860690 0.027552562 0.983462274
1341846338.085986 0.673611164 0.150795594 0.159682676 0.025184756 -0.169735864 0.025487034 0.984838009
1341846338.121875 0.696440518 0.144343928 0.190717950 0.021552417 -0.172906533 0.028593883 0.984287202
1341846338.154089 0.699183583 0.138599664 0.204433337 0.018822709 -0.173411652 0.033349779 0.984104633
1341846338.186029 0.723727107 0.130943671 0.229474872 0.015015643 -0.178708747 0.036054756 0.983126581
1341846338.222071 0.706967056 0.129030183 0.227125973 0.013310937 -0.173991650 0.033994745 0.984070182
1341846338.254107 0.727777183 0.132241040 0.256257802 0.012243955 -0.177516550 0.035677165 0.983394742
1341846338.290130 0.729068875 0.136828974 0.260462075 0.013659507 -0.177897111 0.037481859 0.983240128
1341846338.321952 0.734351218 0.134360120 0.272134215 0.012127463 -0.178174809 0.039739043 0.983121276
1341846338.354022 0.728759289 0.135376006 0.281520784 0.012082806 -0.177082062 0.038828138 0.983355641
1341846338.389969 0.731103778 0.142959982 0.281117052 0.012196512 -0.176848382 0.040216886 0.983340502
1341846338.422377 0.730148613 0.140129790 0.301500559 0.010266573 -0.177312061 0.038939301 0.983330488
1341846338.454010 0.731396973 0.130784884 0.311845899 0.007137023 -0.178592131 0.037710123 0.983174443
1341846338.489894 0.731413960 0.135460839 0.322986156 0.006786923 -0.179248422 0.038960241 0.983008683
1341846338.522066 0.723157585 0.134748682 0.329574734 0.007846586 -0.177339405 0.038358163 0.983370721
1341846338.558058 0.720928133 0.135371700 0.332456291 0.006626906 -0.177318707 0.038274884 0.983386636
1341846338.589842 0.712635279 0.134418875 0.340993077 0.004719325 -0.176032096 0.037447039 0.983660638
1341846338.622019 0.707698643 0.134177238 0.345908403 0.006061401 -0.174010545 0.038898960 0.983956575
1341846338.657984 0.704836011 0.126430392 0.344230235 0.003786925 -0.173757672 0.041140761 0.983921468
1341846338.690198 0.696973920 0.117754042 0.345497996 0.000313790 -0.172546208 0.040171806 0.984181881
1341846338.722454 0.689838827 0.125812411 0.354596198 0.002436044 -0.170139283 0.039442718 0.984627366
1341846338.757945 0.689012945 0.121739708 0.359373540 0.000057920 -0.171051249 0.041930009 0.984369516
1341846338.790039 0.681640983 0.116464987 0.369500428 -0.002957636 -0.172077715 0.040385928 0.984250784
1341846338.826048 0.676016569 0.114363223 0.375657976 -0.002316928 -0.169811919 0.037676141 0.984753311
1341846338.858027 0.682512641 0.118293367 0.377334923 -0.002353465 -0.169807479 0.037682019 0.984753788
1341846338.889902 0.676408947 0.118993439 0.385187954 -0.004543812 -0.169865847 0.037233438 0.984753132
1341846338.925948 0.671356082 0.117187113 0.394211680 -0.004847247 -0.168092638 0.034167115 0.985166967
1341846338.958108 0.666240871 0.117267922 0.403086931 -0.004606594 -0.165490717 0.033707988 0.985624433
1341846338.990057 0.662922621 0.117616691 0.412562042 -0.004068044 -0.165106714 0.035058215 0.985644042
1341846339.025928 0.666048467 0.117718488 0.422265619 -0.001821688 -0.164830416 0.034763679 0.985707462
1341846339.057939 0.678901374 0.121858582 0.425351322 0.001138415 -0.165344387 0.037049271 0.985539138
1341846339.093927 0.681817353 0.123497285 0.435159355 -0.000961240 -0.167334989 0.039565541 0.985105455
1341846339.126562 0.670451045 0.123359010 0.439371884 -0.004128761 -0.165590808 0.035147708 0.985559344
1341846339.157969 0.657991588 0.133937746 0.444082022 -0.003353999 -0.159829184 0.031949319 0.986621857
1341846339.194113 0.667997360 0.132968977 0.454640180 -0.006499106 -0.162104383 0.033633776 0.986178815
1341846339.228165 0.669994235 0.131785527 0.467266440 -0.011177885 -0.164662093 0.036219869 0.985621393
1341846339.257998 0.669341862 0.127985850 0.488204509 -0.014285342 -0.163930103 0.035092440 0.985744059
1341846339.294132 0.676235020 0.125679612 0.495305926 -0.015499402 -0.163147867 0.036517601 0.985803783
1341846339.326577 0.683639884 0.118181109 0.500129640 -0.022189762 -0.166765362 0.040483091 0.984915257
1341846339.362269 0.678352952 0.113302559 0.507736146 -0.025680486 -0.166618913 0.036765467 0.985001028
1341846339.394725 0.680375755 0.124554269 0.522233367 -0.025050513 -0.165440053 0.035692383 0.985255420
1341846339.462186 0.678591609 0.127070859 0.546741664 -0.028053705 -0.166273966 0.034567270 0.985074162
1341846339.496743 0.674162090 0.113728829 0.551222324 -0.027602294 -0.159900784 0.034915887 0.986129224
1341846339.562052 0.681780934 0.122354001 0.577311039 -0.025126478 -0.160562798 0.037190318 0.986004651
1341846339.595122 0.688017666 0.131186232 0.588539183 -0.021565348 -0.160453886 0.035745900 0.986160100
1341846339.632085 0.685863435 0.127646178 0.593253493 -0.020920239 -0.156307042 0.033297807 0.986925423
1341846339.664568 0.681247473 0.131760687 0.596956909 -0.019029196 -0.152756542 0.030672176 0.987604499
1341846339.698896 0.680555224 0.128688782 0.609938502 -0.019536322 -0.152077809 0.030507723 0.987704396
1341846339.731977 0.678213894 0.130561590 0.619894505 -0.018322598 -0.151333705 0.027332053 0.987934887
1341846339.762241 0.676466107 0.121318780 0.624921024 -0.019661264 -0.149462551 0.027884252 0.988178551
1341846339.797873 0.674593270 0.127833724 0.633824110 -0.018414587 -0.149025440 0.028259728 0.988257945
1341846339.830245 0.676330209 0.126512602 0.646733224 -0.018988244 -0.149904549 0.028368827 0.988111019
1341846339.862015 0.675347745 0.128077805 0.651013434 -0.019053742 -0.149386749 0.027618071 0.988209486
1341846339.897797 0.678552985 0.129304975 0.665026426 -0.019536640 -0.149196893 0.027087927 0.988243341
1341846339.929916 0.673825085 0.123855226 0.672414482 -0.020840701 -0.147387668 0.028361961 0.988452375
1341846339.961960 0.684576809 0.114198014 0.678206503 -0.021473683 -0.149771884 0.031170977 0.987995744
1341846339.997845 0.687911689 0.115399823 0.688588500 -0.020087831 -0.148918658 0.030471722 0.988175690
1341846340.029925 0.686502457 0.124600679 0.699652135 -0.017320210 -0.146237642 0.030772509 0.988619089
1341846340.066044 0.682453215 0.116387442 0.703054965 -0.016942425 -0.144141153 0.032812744 0.988867879
1341846340.098009 0.682144701 0.125309676 0.712718070 -0.014498566 -0.143786982 0.032977406 0.988952756
1341846340.130102 0.679973245 0.120500781 0.715957880 -0.015996084 -0.143331647 0.031852126 0.989032745
1341846340.166041 0.679121971 0.123631060 0.725954354 -0.013864538 -0.140805110 0.029147379 0.989511132
1341846340.197867 0.681618571 0.118661121 0.732794642 -0.014217968 -0.139270455 0.030819591 0.989672601
1341846340.229904 0.681734443 0.120570287 0.739058793 -0.015357236 -0.139666483 0.031012177 0.989593744
1341846340.265859 0.684042573 0.119810417 0.747817814 -0.015440400 -0.138949767 0.029715789 0.989733160
1341846340.298061 0.687211215 0.119413614 0.751274884 -0.014205166 -0.137073085 0.031741075 0.989950359
1341846340.334063 0.685425162 0.128341332 0.761484623 -0.014137328 -0.138128459 0.032748464 0.989771843
1341846340.366064 0.691321492 0.124488287 0.774186194 -0.015621733 -0.141323105 0.031662386 0.989333808
1341846340.397995 0.691139281 0.119191423 0.771955252 -0.014953381 -0.140085921 0.031988811 0.989509523
1341846340.433895 0.688965738 0.118209295 0.774110794 -0.014909675 -0.139909104 0.033438638 0.989487290
1341846340.465959 0.689278662 0.115682140 0.775444448 -0.014964298 -0.142219678 0.035209265 0.989095569
1341846340.501858 0.691697717 0.117683575 0.780512393 -0.013737927 -0.145558625 0.034319229 0.988658786
1341846340.534329 0.695100605 0.120801568 0.779790759 -0.012647838 -0.146944776 0.034648135 0.988456786
1341846340.566041 0.701179385 0.118664220 0.784819305 -0.011585534 -0.148621172 0.035097867 0.988203287
1341846340.601909 0.705051422 0.126188546 0.791551650 -0.007701596 -0.149444491 0.035384335 0.988106787
1341846340.634005 0.707139194 0.126113713 0.783690035 -0.006995609 -0.149434477 0.034164600 0.988156557
1341846340.666028 0.709164679 0.120816797 0.784494221 -0.007818797 -0.148988873 0.032501254 0.988273740
1341846340.701946 0.711830854 0.120900728 0.782665133 -0.005607712 -0.147930175 0.031781714 0.988471150
1341846340.733954 0.716761708 0.123884998 0.787074029 -0.004082833 -0.146914780 0.029908421 0.988688469
1341846340.770081 0.717145503 0.120615885 0.781976700 -0.005202312 -0.146379814 0.027563661 0.988830686
1341846340.801980 0.720102906 0.120933257 0.780075908 -0.004264382 -0.145477116 0.022393938 0.989099026
1341846340.833999 0.720794439 0.124700658 0.777881920 -0.003308522 -0.143093169 0.018597515 0.989528954
1341846340.870013 0.720719278 0.123299308 0.779403746 -0.004638277 -0.143391490 0.017074537 0.989507914
1341846340.901955 0.725328445 0.120334692 0.777882040 -0.004070116 -0.144165143 0.017449740 0.989391446
1341846340.933918 0.725046039 0.119978093 0.769762278 -0.002660339 -0.143817097 0.020353794 0.989391446
1341846340.970122 0.722138107 0.121068574 0.759293735 -0.001861697 -0.145738527 0.024846250 0.989009380
1341846341.001922 0.725941181 0.121145934 0.763243854 -0.001079599 -0.150406107 0.030021651 0.988167763
1341846341.037923 0.729117513 0.125263870 0.763099790 0.000651375 -0.153039679 0.031819046 0.987707496
1341846341.070300 0.730692446 0.120763436 0.756477594 0.000061400 -0.153972894 0.032523308 0.987539709
1341846341.102028 0.728423178 0.122593939 0.751633465 0.000583053 -0.154841527 0.032647863 0.987399578
1341846341.137982 0.729038596 0.121642433 0.750788748 0.000459218 -0.156633735 0.032595977 0.987118661
1341846341.170048 0.732927442 0.120388605 0.754641414 0.000771686 -0.157861218 0.034271564 0.986866176
1341846341.202110 0.730839729 0.119097613 0.749778748 0.002005102 -0.157556817 0.035545483 0.986868024
1341846341.237996 0.728991151 0.119865164 0.751151681 0.003803601 -0.157174885 0.036107019 0.986903191
1341846341.269883 0.726973474 0.118690237 0.748794854 0.004292600 -0.156311303 0.036874965 0.987010002
1341846341.306107 0.725385785 0.116423413 0.746386528 0.004729567 -0.156485990 0.036056805 0.987010539
1341846341.338109 0.728553593 0.117227711 0.742850900 0.006061682 -0.156103894 0.034137744 0.987131953
1341846341.370120 0.730960250 0.119521767 0.741139829 0.007492297 -0.155113041 0.031357430 0.987370491
1341846341.406074 0.732791245 0.115065560 0.736351728 0.006768402 -0.155265093 0.031628191 0.987343192
1341846341.438113 0.730320096 0.110036686 0.735166430 0.007502725 -0.156539083 0.031723291 0.987133682
1341846341.470024 0.728688598 0.113220558 0.736490190 0.011261924 -0.156198367 0.029916184 0.987208366
1341846341.506077 0.723117948 0.115939118 0.731131971 0.011313686 -0.154274449 0.028594598 0.987549424
1341846341.538156 0.719741523 0.111920290 0.729824841 0.009676366 -0.155894473 0.029363876 0.987289846
1341846341.574016 0.724992096 0.115157716 0.732643664 0.011352877 -0.158961669 0.030723933 0.986741364
1341846341.612466 0.726760328 0.117488980 0.728800356 0.011754277 -0.159813479 0.031088201 0.986587584
1341846341.643972 0.720805883 0.127913341 0.731641531 0.012326164 -0.160872713 0.031533122 0.986394346
1341846341.679982 0.725215912 0.120861754 0.728261471 0.011284020 -0.162687615 0.030672358 0.986136198
1341846341.712332 0.724701107 0.122585461 0.724505186 0.011916950 -0.164655700 0.033810988 0.985699415
1341846341.744185 0.729233801 0.124346152 0.726423025 0.012641079 -0.167502955 0.035533007 0.985149920
1341846341.780061 0.726874352 0.124697208 0.726129532 0.012763360 -0.167809352 0.036964670 0.985043526
1341846341.842595 0.731811404 0.118664183 0.719991505 0.013529886 -0.168666616 0.042758692 0.984652340
1341846341.906227 0.739252090 0.118047915 0.717660010 0.016741542 -0.170162752 0.047506582 0.984127820
1341846341.942069 0.741082549 0.118554689 0.711842954 0.019739989 -0.170013413 0.050904937 0.983928084
1341846341.974775 0.742849588 0.112204738 0.710798860 0.021315245 -0.170435593 0.053850394 0.983665347
1341846342.010161 0.745149732 0.106780320 0.706820130 0.020425683 -0.171952263 0.056207359 0.983288348
1341846342.042024 0.751694322 0.104505114 0.703667819 0.022198232 -0.172872663 0.057018902 0.983041823
1341846342.080032 0.756643355 0.103879780 0.701955557 0.023672236 -0.170954555 0.057855353 0.983293951
1341846342.112265 0.759246230 0.098128378 0.699875712 0.022691417 -0.170714408 0.060023718 0.983228803
1341846342.147954 0.766719818 0.092431635 0.702152371 0.023849655 -0.173137918 0.062882394 0.982598782
1341846342.179852 0.766334534 0.101325355 0.695411921 0.028723402 -0.171556920 0.063213490 0.982724428
1341846342.211848 0.764681816 0.103987783 0.698267341 0.029692674 -0.170912832 0.062911466 0.982827187
1341846342.247920 0.767816603 0.103786230 0.701176226 0.031246813 -0.171374336 0.062133383 0.982748151
1341846342.279870 0.771976352 0.104478814 0.701773942 0.032646205 -0.171431854 0.063359581 0.982614338
1341846342.316068 0.773325801 0.099506930 0.701112390 0.032582518 -0.171310768 0.064582311 0.982558012
1341846342.347894 0.773258865 0.100159287 0.697317719 0.032796115 -0.170924053 0.064437412 0.982627749
1341846342.379953 0.769152761 0.101771042 0.689660609 0.033526201 -0.169142991 0.063725136 0.982957721
1341846342.416195 0.767618656 0.101620026 0.689972878 0.033950374 -0.168858871 0.065287188 0.982889473
