1341846313.592026 0.000000000 0.000000000 0.000000000 -0.000000000 -0.000000000 -0.000000000 1.000000000
1341846313.654184 0.007304180 0.000439679 -0.006915389 -0.000557860 -0.003259643 0.005067232 0.999981701
1341846313.686156 0.016650593 0.003118332 -0.002781505 0.000664429 -0.005959250 0.005095763 0.999969065
1341846313.721918 0.017586233 0.005036665 -0.005065792 0.000788916 -0.006114366 0.005492434 0.999965966
1341846313.753994 0.024242815 0.007330946 -0.000933634 0.000784022 -0.007091257 0.006672482 0.999952316
1341846313.789969 0.024109649 0.010622259 -0.000253971 0.002455984 -0.006682111 0.004932534 0.999962509
1341846313.822075 0.014796548 0.012303680 -0.003126139 0.002552859 -0.002699411 0.002916406 0.999988854
1341846313.853928 0.006981699 0.014578261 -0.000997563 0.002420875 0.002014366 0.002046677 0.999992967
1341846313.890011 -0.007236049 0.011829711 -0.004461652 0.001424161 0.007150245 0.002110131 0.999971211
1341846313.922055 -0.025397481 0.013257107 -0.006557263 -0.000635289 0.011872096 0.002356721 0.999926567
1341846313.957927 -0.058035001 0.019972211 -0.015767790 -0.001030419 0.023791676 0.002723521 0.999712706
1341846313.990058 -0.067821622 0.020030756 -0.010336130 -0.002007792 0.031396244 0.003081175 0.999500275
1341846314.022042 -0.093729332 0.011613140 -0.012132358 -0.007028755 0.038540695 0.006500678 0.999211192
1341846314.057816 -0.108921848 0.021648562 -0.002176753 -0.008005322 0.045130506 0.006738505 0.998926342
1341846314.089801 -0.132731184 0.026123485 0.001067238 -0.005928424 0.055828746 0.005995763 0.998404741
1341846314.122037 -0.148106903 0.018536976 -0.000238764 -0.009479807 0.062523715 0.008225637 0.997964621
1341846314.157989 -0.162824571 0.026793649 0.006172056 -0.009274768 0.069728516 0.009099030 0.997481406
1341846314.190094 -0.174915344 0.028258771 0.005780151 -0.009052277 0.076229006 0.009822466 0.997000873
1341846314.225969 -0.192795441 0.030549759 0.000453393 -0.011362220 0.082024664 0.013294843 0.996476889
1341846314.257923 -0.192069203 0.038520787 0.008849464 -0.011320758 0.084776767 0.013625108 0.996242523
1341846314.290052 -0.204913095 0.041605793 0.006995160 -0.009597803 0.088975310 0.011411114 0.995922208
1341846314.325981 -0.216882214 0.049810220 0.004736437 -0.009587475 0.093088925 0.009170081 0.995569468
1341846314.357905 -0.214662418 0.053048510 0.012074955 -0.009293533 0.096933410 0.008035997 0.995215058
1341846314.389899 -0.216792926 0.055134848 0.013006510 -0.007382038 0.100590087 0.006996708 0.994875968
1341846314.427905 -0.231635600 0.059705969 0.010396858 -0.007092373 0.106080659 0.005072029 0.994319320
1341846314.493987 -0.236712813 0.063789830 0.004432818 -0.005138756 0.118191227 -0.002863455 0.992973506
1341846314.526085 -0.252598315 0.065943077 0.003622560 -0.005102567 0.123709574 -0.005753331 0.992288709
1341846314.558292 -0.251256704 0.069024526 0.002602446 -0.005650197 0.127236292 -0.005266517 0.991842449
1341846314.594085 -0.258208126 0.073005475 0.009893443 -0.003032825 0.134825885 -0.006398556 0.990844071
1341846314.626096 -0.280745506 0.074599050 -0.004725862 -0.002735582 0.142064810 -0.005032138 0.989840806
1341846314.658455 -0.317102134 0.072649390 -0.009485945 -0.005423831 0.150988042 -0.004486535 0.988510549
1341846314.694004 -0.304249585 0.078679219 -0.002794198 -0.003389757 0.154480040 -0.006172649 0.987970829
1341846314.725910 -0.287950456 0.080982752 -0.002705364 0.001654739 0.154712200 -0.003088046 0.987953424
1341846314.761942 -0.318802476 0.086820312 -0.004998177 0.006796152 0.160452515 0.000102557 0.987020135
1341846314.794030 -0.325110137 0.098838560 -0.007392730 0.012152275 0.165059045 -0.000317717 0.986208797
1341846314.826092 -0.331679761 0.102109507 -0.012107084 0.014808051 0.171528250 0.000239325 0.985067904
1341846314.862145 -0.370125234 0.097787611 -0.005662775 0.013953168 0.182418823 0.001326656 0.983121037
1341846314.894072 -0.373051882 0.102846384 -0.010085015 0.015082650 0.187104017 0.003029723 0.982219696
1341846314.925969 -0.388096631 0.103580810 -0.011595425 0.015632367 0.193258509 0.006634471 0.981000960
1341846314.961937 -0.424222231 0.078888185 -0.009448050 0.007806128 0.200237930 0.014577174 0.979607761
1341846314.994564 -0.435985476 0.092504144 -0.011698889 0.007669935 0.203751922 0.013754736 0.978895903
1341846315.029900 -0.445003778 0.098625712 -0.012192039 0.008333895 0.210444137 0.011339204 0.977504611
1341846315.061965 -0.451386333 0.102354303 -0.005725751 0.008714793 0.213853091 0.014572490 0.976718247
1341846315.094388 -0.458041072 0.114965551 -0.007272787 0.011364576 0.214225844 0.015165098 0.976600349
1341846315.129851 -0.466134906 0.131735325 -0.007948477 0.016271990 0.216871202 0.012616847 0.975983083
1341846315.161941 -0.500139058 0.108967073 -0.015884275 0.008631799 0.222523719 0.018607633 0.974711478
1341846315.197984 -0.492406666 0.130787775 -0.009074192 0.005836913 0.219715521 0.013890484 0.975447655
1341846315.230076 -0.495904446 0.134464398 -0.005930396 0.002499240 0.220618904 0.009881090 0.975306869
1341846315.262069 -0.495752215 0.127012789 -0.006074175 -0.001156638 0.218352675 0.013876415 0.975770593
1341846315.298000 -0.496200025 0.136853740 -0.002721740 -0.000726600 0.215664297 0.015477450 0.976344705
1341846315.329931 -0.518294513 0.160249501 -0.001182633 0.007839655 0.218860045 0.015397710 0.975603282
1341846315.361981 -0.523216069 0.175993681 -0.002520123 0.016602069 0.219421133 0.016468277 0.975349963
1341846315.397962 -0.537942946 0.189120755 0.000010055 0.021974793 0.222753972 0.019186730 0.974438131
1341846315.429923 -0.555294335 0.203327894 0.002646847 0.027297316 0.228299648 0.019523259 0.973012388
1341846315.466047 -0.579628468 0.209632859 0.005391968 0.028778030 0.236933589 0.020006049 0.970893443
1341846315.497883 -0.591595054 0.210604995 0.002288155 0.028895501 0.241002038 0.024935471 0.969773829
1341846315.530008 -0.590231299 0.206682593 0.009958293 0.028429944 0.243348286 0.025654564 0.969182789
1341846315.566108 -0.581409395 0.209976301 0.010559136 0.027931690 0.243672356 0.025381204 0.969123006
1341846315.597986 -0.602488041 0.215188622 0.018882828 0.028943107 0.249121085 0.024782499 0.967722535
1341846315.630109 -0.613010824 0.219388559 0.024179677 0.029762095 0.252428353 0.024044644 0.966858923
1341846315.666042 -0.589867711 0.216182649 0.008288216 0.027671289 0.249541715 0.023272503 0.967688799
1341846315.698114 -0.616361916 0.234705389 0.019514197 0.025300618 0.258093804 0.021172320 0.965556443
1341846315.733985 -0.602840602 0.221236482 0.024636813 0.021667099 0.258418471 0.023550069 0.965502918
1341846315.766041 -0.587062240 0.202990457 0.024566878 0.018650772 0.253093004 0.025513032 0.966925681
1341846315.798188 -0.554347634 0.182291225 0.020385744 0.013395823 0.247656852 0.025392497 0.968422413
1341846315.834140 -0.568271756 0.187908113 0.035424490 0.015609728 0.252851933 0.023491612 0.967093766
1341846315.866751 -0.572950006 0.184621662 0.040356621 0.017144989 0.254744172 0.021525333 0.966616869
1341846315.898492 -0.553228796 0.187203005 0.031070136 0.019222317 0.251170427 0.022803331 0.967483342
1341846315.936901 -0.553900301 0.182427332 0.022576556 0.021424433 0.252065837 0.020905156 0.967247009
1341846315.966572 -0.557213426 0.185840860 0.024168920 0.025442151 0.253228664 0.019544736 0.966874361
1341846316.034204 -0.563404441 0.188116625 0.024548285 0.029337337 0.252565712 0.017924141 0.966968775
1341846316.066113 -0.567143202 0.189244106 0.026142864 0.032161821 0.251929790 0.018204471 0.967039585
1341846316.101867 -0.522171199 0.167874902 0.007995542 0.029201612 0.241442949 0.021342222 0.969740748
1341846316.134066 -0.519324481 0.165818274 0.008065265 0.027249264 0.237089559 0.019614069 0.970907450
1341846316.202049 -0.525360227 0.153360471 0.021939356 0.025471797 0.232392460 0.015618250 0.972163081
1341846316.233979 -0.538988531 0.147525102 0.010285437 0.024258593 0.232008591 0.012670736 0.972328722
1341846316.270052 -0.444130868 0.137107998 0.004212024 0.020633098 0.217145547 0.010762514 0.975861847
1341846316.301915 -0.454162538 0.132548630 0.028222777 0.020485669 0.220145255 0.009397270 0.975206733
1341846316.334208 -0.433603466 0.143646598 0.022648986 0.024097981 0.214554504 0.010680914 0.976356268
1341846316.370006 -0.412519753 0.133066848 0.005126406 0.024350766 0.208236918 0.011600200 0.977706432
1341846316.401994 -0.400584072 0.131455287 0.007175416 0.025872653 0.204235345 0.014109358 0.978478193
1341846316.438069 -0.360070676 0.137002513 0.005315015 0.029264525 0.196043700 0.016020067 0.980027497
1341846316.470076 -0.383913487 0.124864303 0.002679641 0.032651737 0.198226184 0.019801106 0.979412198
1341846316.502034 -0.362708807 0.124342158 0.002277265 0.033475287 0.190748349 0.019705307 0.980870128
1341846316.537975 -0.324147344 0.108199619 -0.005872200 0.027282575 0.180163324 0.018011235 0.983093321
1341846316.570121 -0.295480132 0.100382715 0.000491134 0.026030218 0.174659997 0.016118016 0.984152734
1341846316.601885 -0.263819814 0.096822627 0.007067579 0.027282760 0.167967185 0.013966934 0.985316038
1341846316.638009 -0.297574997 0.105226688 -0.000206161 0.031999949 0.170498967 0.018052183 0.984672666
1341846316.669925 -0.271184653 0.096208006 0.002959318 0.032325432 0.164403379 0.016303152 0.985728621
1341846316.705941 -0.254901886 0.095579453 0.009201627 0.037107568 0.161141992 0.015773932 0.986107230
1341846316.738062 -0.245508283 0.096065566 -0.002195394 0.039057903 0.157295004 0.018578835 0.986604095
1341846316.770433 -0.218148261 0.092824161 -0.004052914 0.036674857 0.150511727 0.018642869 0.987751842
1341846316.805932 -0.208271295 0.089390963 0.000051572 0.037492700 0.148079902 0.017844697 0.988103390
1341846316.838029 -0.203251585 0.077531591 -0.000872717 0.036917381 0.144084916 0.021190448 0.988649368
1341846316.870034 -0.183812007 0.075113907 0.003401561 0.036944307 0.135923475 0.021440996 0.989798069
1341846316.906344 -0.179764405 0.071934760 0.000280433 0.037337430 0.131112307 0.021543035 0.990429878
1341846316.937940 -0.173568130 0.068537161 -0.001246772 0.036125302 0.127689332 0.018341469 0.990986407
1341846316.973994 -0.169784427 0.069806315 -0.007928662 0.035470471 0.123932861 0.020040065 0.991453946
1341846317.005913 -0.174041018 0.070899941 -0.011700706 0.035044566 0.120736569 0.022112416 0.991819322
1341846317.037936 -0.186497211 0.065354422 -0.002066659 0.034609906 0.119177423 0.020259447 0.992062807
1341846317.073972 -0.182567805 0.062928244 -0.009737397 0.035600066 0.115903288 0.022895634 0.992358208
1341846317.106113 -0.141629785 0.064526305 -0.004592277 0.038951404 0.106681645 0.026945936 0.993164539
1341846317.137887 -0.113765679 0.061923362 -0.012178280 0.041135430 0.093632534 0.029938428 0.994306028
1341846317.173970 -0.108390644 0.056690503 -0.017100614 0.040831883 0.084578201 0.032369815 0.995053530
1341846317.205887 -0.115660682 0.060079940 -0.022746839 0.041552950 0.081675917 0.033313554 0.995235026
1341846317.248131 -0.094688535 0.054017879 -0.014044773 0.042164218 0.074624501 0.036680520 0.995644510
1341846317.306289 -0.128876612 0.073607840 -0.038054649 0.047685556 0.071138471 0.038531724 0.995580673
1341846317.348137 -0.129007861 0.052827422 -0.020998491 0.045225974 0.072668448 0.043101620 0.995397508
1341846317.410120 -0.154226825 0.054205019 -0.024038205 0.046862505 0.073833741 0.047095250 0.995055020
1341846317.442569 -0.160065889 0.056985386 -0.024424586 0.050953414 0.074074857 0.049815319 0.994703531
1341846317.474010 -0.163418427 0.059496768 -0.026218828 0.057319414 0.073538020 0.052082628 0.994280696
1341846317.509927 -0.149708271 0.059842195 -0.036003761 0.058978006 0.066859595 0.056450237 0.994416773
1341846317.542282 -0.166963518 0.063002937 -0.037522838 0.059049644 0.066410504 0.056799117 0.994422793
1341846317.573943 -0.173335209 0.058598757 -0.035885464 0.058749635 0.067921981 0.055340070 0.994420707
1341846317.610159 -0.180307448 0.065584309 -0.034910742 0.063122250 0.069693737 0.056502908 0.993964672
1341846317.643553 -0.174411401 0.063525975 -0.040729988 0.064521343 0.066227905 0.060450576 0.993879616
1341846317.677993 -0.184837833 0.071688570 -0.041851174 0.067304231 0.062847719 0.062745325 0.993772268
1341846317.709996 -0.189318523 0.065726042 -0.039766133 0.069032736 0.060700551 0.061922673 0.993838847
1341846317.741834 -0.186034366 0.069482960 -0.044750955 0.068485104 0.057535581 0.062117033 0.994052827
1341846317.777923 -0.174651712 0.071448371 -0.041911080 0.066844292 0.053264320 0.061791863 0.994422734
1341846317.810021 -0.160498366 0.070000313 -0.042896032 0.065983571 0.047867149 0.059322234 0.994904935
1341846317.841886 -0.174958348 0.062668510 -0.045314267 0.063591816 0.048456017 0.059023429 0.995049894
1341846317.878017 -0.148314476 0.063233763 -0.042443734 0.060825821 0.042194340 0.055928800 0.995686650
1341846317.909910 -0.152121574 0.071740098 -0.033205085 0.061712682 0.043723729 0.049757045 0.995893598
1341846317.946031 -0.126076534 0.076523446 -0.028714046 0.063861661 0.038629930 0.054113995 0.995741487
1341846317.978041 -0.087321267 0.065351993 -0.019607781 0.063785136 0.029708700 0.051322073 0.996200264
1341846318.009897 -0.077268749 0.058935627 -0.019747486 0.064627305 0.027652793 0.049370337 0.996303797
1341846318.045949 -0.060940109 0.047322392 -0.020254590 0.062392358 0.024778912 0.048445880 0.996567190
1341846318.078074 -0.035700090 0.041622672 -0.014085811 0.060461041 0.018134078 0.045706511 0.996958673
1341846318.109894 0.023267213 0.034804422 -0.007960003 0.058372039 0.002334613 0.041610047 0.997424662
1341846318.145957 0.040032875 0.023101782 -0.000110505 0.055558138 -0.003350411 0.037313465 0.997752368
1341846318.178001 0.039793149 0.025134597 0.002554752 0.055488959 -0.003815705 0.035031322 0.997837305
1341846318.214074 0.055417832 0.019958921 0.008063125 0.055542927 -0.009461306 0.034102459 0.997828901
1341846318.245970 0.084984422 0.023173166 0.009451608 0.059292477 -0.021962281 0.035558607 0.997365415
1341846318.278018 0.090933017 0.024193957 0.013093280 0.063053347 -0.028834380 0.035645381 0.996956527
1341846318.313937 0.125217348 0.022252226 0.011374400 0.063747600 -0.043352582 0.035373889 0.996396244
1341846318.345989 0.127995685 0.028659586 0.018134953 0.066809788 -0.053901434 0.035078544 0.995691061
1341846318.382046 0.124533013 0.035781845 0.024818754 0.069945864 -0.061420102 0.037348460 0.994957387
1341846318.414072 0.119611889 0.031678800 0.026909536 0.070674457 -0.068403810 0.039011188 0.994386375
1341846318.446035 0.119195633 0.024005683 0.022259241 0.071977660 -0.075570837 0.040641278 0.993708491
1341846318.482196 0.125341162 0.021497123 0.019176060 0.072282553 -0.079675145 0.040246423 0.993381798
1341846318.514144 0.121519379 0.017905958 0.011913882 0.071870290 -0.081292383 0.041826528 0.993215382
1341846318.546259 0.122567870 0.018829709 0.009122448 0.074171901 -0.083644785 0.040857125 0.992891192
1341846318.582042 0.122761741 0.018375698 -0.006560278 0.074685790 -0.084819257 0.041831054 0.992712438
1341846318.614115 0.123449989 0.012011025 -0.011720772 0.073183604 -0.086983748 0.040683541 0.992684662
1341846318.650038 0.125639066 0.004779035 -0.015061677 0.071436904 -0.089293070 0.039838448 0.992641151
1341846318.682350 0.115071610 0.007500833 -0.020102302 0.071841285 -0.089372568 0.039188970 0.992630661
1341846318.714063 0.108077206 -0.010950852 -0.031604383 0.068216249 -0.090749040 0.037375081 0.992831469
1341846318.749905 0.091394670 -0.016807282 -0.035133474 0.068479054 -0.088939644 0.038368568 0.992939234
1341846318.782036 0.071073070 -0.028736835 -0.048046887 0.068006642 -0.088199064 0.040220875 0.992964447
1341846318.814121 0.064432457 -0.025369732 -0.055597104 0.068834275 -0.094416566 0.039002482 0.992384136
1341846318.850072 0.026310463 -0.028095240 -0.042983361 0.069623671 -0.096174486 0.037136458 0.992231786
1341846318.883516 0.009878308 -0.022768771 -0.051993366 0.074539483 -0.102821313 0.034864485 0.991290152
1341846318.918047 0.006700111 -0.020403020 -0.062869206 0.077236965 -0.115812466 0.035137903 0.989639938
1341846318.950044 0.006800210 -0.021251939 -0.068619594 0.079217784 -0.125937954 0.031179938 0.988378465
1341846318.982028 0.005293755 -0.018783590 -0.075049512 0.081248350 -0.129980937 0.028387224 0.987774193
1341846319.018123 -0.000012689 -0.022971489 -0.070154928 0.080150731 -0.137242362 0.030116962 0.986829937
1341846319.050745 -0.006399374 -0.026093503 -0.059744116 0.082190692 -0.142239630 0.028206617 0.986010671
1341846319.081905 -0.025689641 -0.022320034 -0.069719061 0.088000417 -0.138746753 0.027258752 0.986033618
1341846319.117976 -0.046281308 -0.021812234 -0.070953205 0.089956470 -0.138438597 0.033357933 0.985712886
1341846319.150093 -0.067622364 -0.021550577 -0.070852473 0.091667198 -0.140743196 0.039453778 0.985003531
1341846319.186069 -0.090405993 -0.021826165 -0.071021229 0.092441514 -0.138515249 0.036995254 0.985342324
1341846319.218149 -0.118702471 -0.015473366 -0.086262725 0.089487076 -0.130908191 0.034512985 0.986744165
1341846319.250034 -0.146609008 -0.015800001 -0.095681764 0.083628789 -0.122404590 0.034399394 0.988352180
1341846319.286594 -0.178257450 -0.015649064 -0.097973093 0.082376808 -0.116348810 0.037656534 0.989069760
1341846319.318034 -0.217499092 -0.015240167 -0.109816723 0.083627842 -0.110670574 0.039817505 0.989531696
1341846319.350268 -0.254716396 -0.017782450 -0.114943445 0.084195077 -0.106056444 0.044810746 0.989775360
1341846319.386163 -0.279286534 -0.020115171 -0.111864239 0.085541576 -0.108549811 0.054567035 0.988899410
1341846319.418386 -0.299254686 -0.016138371 -0.136757225 0.086880870 -0.110975243 0.054836523 0.988498449
1341846319.453961 -0.283567131 -0.011762305 -0.131549910 0.087641835 -0.116038032 0.052717745 0.987965047
1341846319.486271 -0.299813092 -0.013402542 -0.135769114 0.086385094 -0.115445897 0.052725002 0.988144696
1341846319.554083 -0.298184067 -0.017115766 -0.131874517 0.080599144 -0.123470336 0.053413279 0.987626374
1341846319.586296 -0.327321112 -0.020693190 -0.145624459 0.080762282 -0.119175203 0.048598297 0.988389075
1341846319.622031 -0.342713475 -0.024186602 -0.158315629 0.078550622 -0.121480830 0.047863241 0.988322496
1341846319.653962 -0.349215448 -0.030655675 -0.145306677 0.077490002 -0.126586422 0.046145465 0.987847030
1341846319.686352 -0.355062157 -0.032702077 -0.145049766 0.079014756 -0.130264729 0.048478045 0.987136126
1341846319.721992 -0.369545549 -0.025560949 -0.159620598 0.080420695 -0.132574826 0.048322685 0.986722529
1341846319.754063 -0.384149909 -0.008355834 -0.181177005 0.079058938 -0.133134216 0.047832422 0.986781180
1341846319.786397 -0.385617018 -0.010360091 -0.167108744 0.074362881 -0.133684635 0.051486067 0.986887932
1341846319.822008 -0.396292329 -0.014786197 -0.172802970 0.070212878 -0.133798808 0.056334969 0.986911535
1341846319.853917 -0.395082235 -0.014046532 -0.172515959 0.065254040 -0.135583982 0.060656536 0.986752093
1341846319.889942 -0.396180332 -0.027351119 -0.157714084 0.060622655 -0.136560112 0.066036880 0.986567497
1341846319.922039 -0.425635219 -0.028450441 -0.147199243 0.061247554 -0.137085244 0.066865489 0.986400247
1341846319.953946 -0.425665855 -0.029834732 -0.140516266 0.062121507 -0.143255189 0.062308308 0.985767007
1341846319.990054 -0.414204270 -0.035690006 -0.153797105 0.063400000 -0.148243949 0.057001997 0.985268950
1341846320.028122 -0.421227366 -0.033054125 -0.149036586 0.066121563 -0.151159778 0.055564955 0.984728992
1341846320.090047 -0.397874922 -0.020302389 -0.150947273 0.072481409 -0.160917237 0.055498838 0.982737005
1341846320.122011 -0.376267493 -0.013615843 -0.142763123 0.073833220 -0.161001697 0.056535579 0.982563436
1341846320.157952 -0.365851641 -0.022237865 -0.147237137 0.072856799 -0.158932820 0.056942120 0.982949615
1341846320.190003 -0.336179376 -0.040490746 -0.136193261 0.073339634 -0.158815667 0.056131814 0.982979238
1341846320.221941 -0.337519169 -0.040168464 -0.148487315 0.077431299 -0.154476851 0.056956049 0.983309388
1341846320.258015 -0.335894525 -0.049930289 -0.152637482 0.080268584 -0.153187856 0.058628496 0.983185172
1341846320.289887 -0.284070343 -0.063875884 -0.152361795 0.083151862 -0.160060003 0.062413190 0.981616616
1341846320.321954 -0.239548609 -0.064773381 -0.141302198 0.091432825 -0.166067079 0.064030513 0.979776442
1341846320.357890 -0.249225229 -0.042361859 -0.134606212 0.100041859 -0.163272217 0.061385851 0.979574203
1341846320.390064 -0.221153051 -0.041274868 -0.134860590 0.101336755 -0.161745861 0.060581513 0.979744375
1341846320.426544 -0.197193041 -0.048575662 -0.116420597 0.103908598 -0.156814843 0.056132745 0.980541289
1341846320.458122 -0.181450099 -0.047442149 -0.113977529 0.105486289 -0.150613815 0.052579861 0.981541395
1341846320.490186 -0.112582102 -0.051818810 -0.101533607 0.107192948 -0.151193365 0.054022729 0.981188953
1341846320.525911 -0.050831612 -0.042634793 -0.071997829 0.112569086 -0.149413913 0.051636599 0.980987966
1341846320.558091 -0.002891623 -0.032865468 -0.062877730 0.114971198 -0.148714319 0.046135016 0.981089830
1341846320.594093 0.030409310 -0.027653962 -0.048786543 0.116954118 -0.146856204 0.040568706 0.981381297
1341846320.631955 0.031300388 -0.041996166 -0.078150742 0.117146105 -0.138452649 0.040344920 0.982588410
1341846320.664916 0.041905720 -0.024361106 -0.066277504 0.119626679 -0.136407286 0.040322285 0.982576549
1341846320.699927 0.073187843 -0.019764563 -0.044149783 0.120743021 -0.135401383 0.036109254 0.982742965
1341846320.731822 0.099047892 -0.014552397 -0.027389240 0.123572670 -0.131854013 0.036064826 0.982875228
1341846320.763877 0.101989165 -0.006469239 -0.032165293 0.122226641 -0.129714623 0.037140906 0.983288050
1341846320.799999 0.124676488 -0.024591122 -0.020927235 0.114268132 -0.132850304 0.030540317 0.984053314
1341846320.831871 0.169700906 -0.038331863 -0.049445372 0.112325571 -0.126350567 0.026633702 0.985245764
1341846320.863887 0.166371733 -0.015192080 -0.029666295 0.114517443 -0.116253152 0.027608283 0.986209273
1341846320.900014 0.189958036 -0.021813737 0.008776102 0.109105878 -0.123294212 0.029293116 0.985919058
1341846320.931889 0.222492665 -0.016278882 0.055739950 0.111872792 -0.126642212 0.026403178 0.985266030
1341846320.967866 0.237672538 0.013703274 0.051533010 0.114363775 -0.123261884 0.025688086 0.985427618
1341846321.000017 0.258683115 0.007957513 0.074243665 0.108295493 -0.125552043 0.024720483 0.985848725
1341846321.031860 0.271001905 -0.005139692 0.078318201 0.105397217 -0.124988146 0.019893020 0.986343622
1341846321.068047 0.289459258 0.015675008 0.094761893 0.108715609 -0.123854458 0.017824924 0.986165941
1341846321.099840 0.305519462 0.018830419 0.105866410 0.106773175 -0.124531455 0.018227870 0.986285567
1341846321.131821 0.326608509 0.012230322 0.119632654 0.106855959 -0.123827264 0.017778132 0.986373484
1341846321.167887 0.319883615 0.014450406 0.107882492 0.109068684 -0.117846183 0.017520271 0.986868501
1341846321.200042 0.335489005 0.031570934 0.121943951 0.111892454 -0.117440380 0.017798267 0.986595750
1341846321.231950 0.334396750 0.015671292 0.115002908 0.109728277 -0.114773534 0.015132375 0.987196922
1341846321.267939 0.369433314 0.021225441 0.109653845 0.111001551 -0.116246596 0.011343996 0.986932993
1341846321.299948 0.389599293 0.020225776 0.127357483 0.110458933 -0.114164740 0.005902640 0.987284362
1341846321.331858 0.388039559 0.019442137 0.138037086 0.111389995 -0.110815853 0.002142441 0.987576604
1341846321.367913 0.418241382 0.014773405 0.154256374 0.113226533 -0.111292429 -0.002842683 0.987312317
1341846321.399897 0.426418722 0.017897252 0.143451661 0.115152992 -0.106387585 -0.004657257 0.987623334
1341846321.435994 0.426433384 0.015726643 0.158218980 0.117150061 -0.102935538 -0.005167830 0.987751722
1341846321.467946 0.453710347 0.018930139 0.169067830 0.119588681 -0.103105947 -0.003759130 0.987448037
1341846321.499882 0.468903333 0.023222417 0.177672207 0.121720083 -0.101182245 -0.003646267 0.987387002
1341846321.536109 0.523736119 0.027474590 0.162272394 0.121917494 -0.101595409 -0.007289371 0.987300038
1341846321.568960 0.475327790 0.054219514 0.184359431 0.122841567 -0.088598333 -0.010167615 0.988411307
1341846321.603938 0.487142056 0.039491002 0.191317514 0.118012227 -0.087664343 -0.010994935 0.989073932
1341846321.637163 0.538343191 0.037369955 0.172088221 0.114989549 -0.087493323 -0.012431049 0.989428043
1341846321.668306 0.490146786 0.061711047 0.202029452 0.114880055 -0.072971858 -0.010688385 0.990637898
1341846321.704411 0.480864167 0.046130273 0.203637585 0.108659111 -0.071694873 -0.002677575 0.991486728
1341846321.736861 0.494294524 0.048655145 0.213580832 0.107188590 -0.075161248 0.004855470 0.991381764
1341846321.771881 0.496481657 0.072871491 0.209966213 0.106550500 -0.073583610 0.009573074 0.991534591
1341846321.804114 0.526849210 0.068577588 0.213096157 0.102019385 -0.075310223 0.011808944 0.991857409
1341846321.836152 0.506312251 0.076248318 0.219597146 0.100175783 -0.069375493 0.010318288 0.992494524
1341846321.871882 0.520010412 0.082826920 0.224435449 0.095591791 -0.069668926 0.007636708 0.992950201
1341846321.904074 0.534172952 0.073252402 0.221137837 0.088303909 -0.070098564 0.004037722 0.993615806
1341846321.939847 0.521666110 0.069309607 0.223265022 0.084457748 -0.064399667 0.000357823 0.994343817
1341846322.004094 0.506393492 0.061117813 0.227688089 0.076842993 -0.064497322 -0.001091082 0.994954288
1341846322.066178 0.532917142 0.046960052 0.227104977 0.071269535 -0.061596647 -0.005053520 0.995540619
1341846322.107979 0.523211241 0.026229221 0.230181426 0.067512020 -0.058570009 -0.006964889 0.995973527
1341846322.166164 0.534980237 -0.007944128 0.229926214 0.067906655 -0.061199117 -0.005706732 0.995796621
1341846322.202932 0.534338117 -0.008003124 0.231196135 0.069779724 -0.063290700 -0.005932319 0.995535016
1341846322.234093 0.535348594 -0.013736450 0.227342039 0.068368621 -0.064591967 -0.007983070 0.995535016
1341846322.265941 0.539481640 -0.026715040 0.227367729 0.064844690 -0.068397976 -0.006640476 0.995526433
1341846322.301996 0.542228818 -0.049204722 0.228226528 0.061164729 -0.069865443 -0.006341049 0.995659351
1341846322.333949 0.523746431 -0.064209826 0.215766966 0.059080988 -0.069208205 -0.006149915 0.995832264
1341846322.369871 0.563035488 -0.098659575 0.224059314 0.056748994 -0.080028415 -0.009557858 0.995130002
1341846322.402292 0.582533658 -0.121714264 0.228037715 0.057302389 -0.080255769 -0.015890442 0.994998991
1341846322.433955 0.545788884 -0.151817799 0.221837774 0.060250774 -0.074669220 -0.018939318 0.995206356
1341846322.470030 0.543256760 -0.154394224 0.227778673 0.068794273 -0.079013370 -0.014818279 0.994386554
1341846322.502433 0.581869066 -0.181432605 0.231004715 0.072235778 -0.087396905 -0.010961831 0.993490636
1341846322.534002 0.594349027 -0.195948288 0.227646396 0.080241524 -0.088973276 -0.009083183 0.992755055
1341846322.570196 0.595685244 -0.225322857 0.227063864 0.086171158 -0.089850284 -0.004283329 0.992211223
1341846322.601920 0.587290585 -0.219493315 0.220498800 0.093579739 -0.092075266 -0.000165544 0.991345048
1341846322.638119 0.610629678 -0.245164886 0.224344835 0.095911115 -0.097480774 -0.000139119 0.990605175
1341846322.669947 0.628954172 -0.261283696 0.231002554 0.099017411 -0.097051330 -0.000334884 0.990341604
1341846322.702026 0.607650459 -0.284551948 0.232566297 0.099248506 -0.092827030 0.003064694 0.990718663
1341846322.738006 0.612210691 -0.281717271 0.229231149 0.101370007 -0.096089296 0.003834214 0.990190029
1341846322.770087 0.629952669 -0.325696528 0.234186172 0.096763268 -0.097614914 0.003645803 0.990502357
1341846322.806047 0.607151926 -0.338200331 0.236072809 0.099712275 -0.094828293 0.006653519 0.990464926
1341846322.838063 0.613517761 -0.333248228 0.243305191 0.102678038 -0.100911595 0.010380640 0.989528358
1341846322.870081 0.623646855 -0.372841328 0.238512963 0.099680826 -0.106864087 0.011661170 0.989195526
1341846322.906018 0.632949293 -0.377570450 0.241316423 0.104482949 -0.109122209 0.010638477 0.988464773
1341846322.938349 0.622061312 -0.325608075 0.249913782 0.112621717 -0.107156515 0.011831372 0.987772167
1341846322.970069 0.633964896 -0.336021900 0.249911189 0.106804907 -0.108999513 0.013604953 0.988193691
1341846323.011820 0.633282661 -0.356872976 0.255685538 0.102591641 -0.108124927 0.014765099 0.988719404
1341846323.073951 0.637454093 -0.359911978 0.255072117 0.098843329 -0.108760789 0.019303860 0.988953233
1341846323.105962 0.649593115 -0.407787591 0.266349226 0.090901479 -0.111180425 0.017005352 0.989488065
1341846323.138158 0.659524083 -0.396653533 0.263005376 0.093711428 -0.112180889 0.015638283 0.989135504
1341846323.174092 0.644051552 -0.403649122 0.258405060 0.090831123 -0.110549316 0.014257414 0.989608645
1341846323.206059 0.668611467 -0.417942822 0.265099287 0.086666510 -0.114014871 0.011336939 0.989626706
1341846323.238053 0.662784696 -0.412225515 0.263392001 0.085973814 -0.109615326 0.009160042 0.990206599
1341846323.273997 0.617078781 -0.411387950 0.249241561 0.082093738 -0.103513144 0.009092269 0.991192758
1341846323.305946 0.654607117 -0.424057811 0.262687176 0.076099537 -0.113018647 0.010015021 0.990623713
1341846323.342027 0.693799734 -0.473815024 0.263589829 0.068699867 -0.115326278 0.007679740 0.990919411
1341846323.374048 0.657710850 -0.480075926 0.273788512 0.068967126 -0.108913414 0.007983355 0.991623759
1341846323.405987 0.638074934 -0.498607755 0.259894371 0.066677816 -0.110891946 0.013334408 0.991503596
1341846323.441956 0.652180791 -0.491295248 0.271344870 0.070782237 -0.115866959 0.015000566 0.990625918
1341846323.473878 0.658290505 -0.515801370 0.273368239 0.072812013 -0.115313165 0.013077031 0.990570664
1341846323.506129 0.651539922 -0.513330638 0.270469338 0.075167589 -0.114917547 0.010776723 0.990468383
1341846323.541972 0.669311166 -0.510162115 0.271471888 0.074692808 -0.116735227 0.009326343 0.990306497
1341846323.573913 0.703698158 -0.528892875 0.269998729 0.074006118 -0.116177663 0.003209530 0.990462303
1341846323.609927 0.666016757 -0.527817428 0.268745035 0.075292498 -0.105316095 0.000484916 0.991584301
1341846323.642014 0.650232375 -0.533669233 0.269652277 0.074413471 -0.102792814 0.000408106 0.991915405
1341846323.674081 0.657099783 -0.547718942 0.272001207 0.073307268 -0.105451792 0.004419290 0.991708875
1341846323.710069 0.662496805 -0.567201495 0.272673279 0.073767915 -0.107423790 0.008886489 0.991433024
1341846323.742111 0.673590660 -0.573393524 0.272037894 0.079010583 -0.111352883 0.008467373 0.990598857
1341846323.774928 0.665962934 -0.564827561 0.265760332 0.083516397 -0.111824587 0.007216827 0.990185916
1341846323.810012 0.655437231 -0.582336783 0.263779223 0.083699055 -0.111600883 0.000919846 0.990221620
1341846323.842207 0.670515418 -0.578573167 0.265376627 0.086560346 -0.113556311 -0.001010590 0.989753127
1341846323.878019 0.669631064 -0.585732162 0.263308257 0.087471336 -0.114618212 -0.003663535 0.989544392
1341846323.909826 0.679329336 -0.608712375 0.261026680 0.089361586 -0.117185503 -0.006218263 0.989061892
1341846323.942459 0.672100127 -0.589106977 0.255543411 0.095852941 -0.116340823 -0.004630504 0.988562405
1341846323.978055 0.662308156 -0.602417588 0.262366325 0.096661307 -0.118848741 -0.003445974 0.988190174
1341846324.015934 0.674629092 -0.618100643 0.266695559 0.097995907 -0.122033082 -0.002129002 0.987674177
1341846324.047722 0.684931636 -0.603666186 0.257620811 0.102813892 -0.121203311 -0.002935598 0.987284422
1341846324.083904 0.681967318 -0.588522017 0.259600520 0.103690080 -0.119550787 -0.002922230 0.987394273
1341846324.115968 0.678050756 -0.594285488 0.259011000 0.100915015 -0.117004149 -0.006827906 0.987967372
1341846324.151967 0.682775021 -0.590336084 0.252229780 0.100633167 -0.114428110 -0.011685804 0.988252342
1341846324.183941 0.683523118 -0.566933811 0.253612012 0.100586168 -0.110861823 -0.014692167 0.988623440
1341846324.219984 0.671133220 -0.560083091 0.263845295 0.096624412 -0.108241625 -0.014709432 0.989308417
1341846324.251968 0.662098646 -0.565147102 0.266932786 0.095359229 -0.107388489 -0.016438644 0.989496946
1341846324.284052 0.657323420 -0.551574588 0.263337523 0.096208073 -0.107667662 -0.016590362 0.989381850
1341846324.319880 0.643103302 -0.547357738 0.252895176 0.094414666 -0.109143980 -0.020595366 0.989317596
1341846324.351917 0.664106727 -0.519829392 0.262707949 0.092643611 -0.115086161 -0.017699765 0.988867640
1341846324.388001 0.678331673 -0.508795083 0.258596182 0.089328781 -0.115681194 -0.022909140 0.988996208
1341846324.419908 0.673161864 -0.495540410 0.261840701 0.085026041 -0.113638103 -0.026222244 0.989529848
1341846324.452027 0.661490262 -0.500380039 0.268161505 0.079758562 -0.112437740 -0.027366389 0.990074456
1341846324.487928 0.658217549 -0.488792866 0.265806735 0.078828901 -0.112284683 -0.024517907 0.990240872
1341846324.519985 0.648927033 -0.478003800 0.258849829 0.077203378 -0.113421872 -0.021026965 0.990319669
1341846324.556001 0.657401383 -0.452244908 0.262329310 0.076401986 -0.119942695 -0.016133806 0.989705145
1341846324.587888 0.646520555 -0.437602133 0.264316350 0.073701546 -0.121128820 -0.015755452 0.989771545
1341846324.620086 0.649877131 -0.442713022 0.265932441 0.069948621 -0.124235824 -0.018826252 0.989605069
1341846324.655955 0.643527269 -0.422430128 0.263985634 0.070218928 -0.123611957 -0.019776063 0.989645541
1341846324.688082 0.641167879 -0.414203942 0.270068258 0.070405520 -0.123682253 -0.018913770 0.989640415
1341846324.755922 0.628597856 -0.349742740 0.260389954 0.076438814 -0.125348985 -0.013662334 0.989069283
1341846324.814016 0.662340999 -0.289821655 0.265414983 0.076899044 -0.134811029 -0.020229317 0.987675786
1341846324.849979 0.616477907 -0.278632134 0.259011120 0.072205402 -0.125133023 -0.021980282 0.989264905
1341846324.881924 0.596952617 -0.279260665 0.259815544 0.068418652 -0.124234840 -0.022999877 0.989624023
1341846324.913902 0.597467303 -0.250626326 0.262550354 0.070400171 -0.125004649 -0.020207079 0.989449024
1341846324.949999 0.588790059 -0.253860593 0.264898837 0.070231639 -0.124252625 -0.018158758 0.989595473
1341846324.981922 0.590514779 -0.252112329 0.270291597 0.073119201 -0.128177568 -0.012938126 0.988967538
1341846325.018013 0.586371005 -0.229618460 0.260657787 0.079186715 -0.132613018 -0.010638947 0.987942338
1341846325.050079 0.571156502 -0.194235250 0.252013743 0.084665984 -0.134631604 -0.010548091 0.987215698
1341846325.081901 0.565200984 -0.168214694 0.249809295 0.085900992 -0.138544589 -0.014282100 0.986520410
1341846325.118531 0.591473103 -0.151466623 0.252600849 0.082634859 -0.143280879 -0.016907942 0.986081243
1341846325.149933 0.589040399 -0.147679463 0.261035502 0.077659309 -0.140900195 -0.018821459 0.986793756
1341846325.181925 0.580753446 -0.139106289 0.258420736 0.074715182 -0.138677597 -0.015725847 0.987389922
1341846325.218055 0.583188891 -0.132862926 0.262661695 0.071547903 -0.139240265 -0.012398152 0.987592697
1341846325.249811 0.569724500 -0.114696249 0.258683771 0.071011968 -0.137401387 -0.009752421 0.987918615
1341846325.285925 0.574949563 -0.102489837 0.262805343 0.068564788 -0.138485059 -0.006924510 0.987964034
1341846325.317988 0.592429340 -0.109420151 0.265537858 0.065570004 -0.137543276 -0.005912932 0.988305330
1341846325.349844 0.599694014 -0.120494217 0.273586333 0.066655934 -0.135043785 -0.003001316 0.988590479
1341846325.387302 0.593285203 -0.102152824 0.275406897 0.072462000 -0.131299302 -0.000968410 0.988690495
1341846325.417931 0.600992441 -0.084178798 0.281804264 0.077058293 -0.127182454 0.001128211 0.988880873
1341846325.450747 0.610328555 -0.094535470 0.283142686 0.079869941 -0.120300338 0.004405888 0.989509583
1341846325.485954 0.596069574 -0.063887231 0.290923387 0.090635039 -0.112580441 0.010471354 0.989444971
1341846325.517875 0.583195448 -0.041003361 0.284109473 0.097242609 -0.107945003 0.010219557 0.989336848
1341846325.553859 0.583376408 -0.031748369 0.278734714 0.100958183 -0.104374491 0.009980156 0.989350200
1341846325.585855 0.571704924 -0.005939128 0.278600931 0.105424091 -0.099835001 0.009243635 0.989360094
1341846325.617990 0.577441871 0.015796121 0.281212568 0.103573583 -0.098981917 0.009277115 0.989640892
1341846325.653982 0.560879707 0.000771652 0.284552425 0.100590505 -0.095008850 0.003150208 0.990376174
1341846325.685819 0.568443000 -0.013443383 0.284547627 0.103070773 -0.095059425 0.005801428 0.990104318
1341846325.717857 0.557185888 0.027493056 0.295390576 0.111767218 -0.092859551 0.014237219 0.989283860
1341846325.754083 0.544344604 0.033171579 0.292356431 0.115087524 -0.091264032 0.015999842 0.989024699
1341846325.786087 0.556340694 0.026365276 0.290531814 0.119075604 -0.092138506 0.018199617 0.988433301
1341846325.821856 0.547741532 0.067139149 0.293108702 0.127753079 -0.089179821 0.019903330 0.987587929
1341846325.853827 0.555134177 0.079548143 0.301682264 0.129025906 -0.090937749 0.025154701 0.987142265
1341846325.885958 0.545508981 0.098194912 0.297206700 0.129621461 -0.093107082 0.032448571 0.986649156
1341846325.921984 0.541736245 0.102355577 0.300080776 0.128523543 -0.096019387 0.035534836 0.986407280
1341846325.953899 0.558750153 0.097152948 0.300057560 0.129793197 -0.097181953 0.036778644 0.986081481
1341846325.985823 0.543149650 0.134138077 0.308658719 0.136765763 -0.092603810 0.040555432 0.985431373
1341846326.021991 0.528117836 0.133077472 0.305107892 0.138340041 -0.090440534 0.045266911 0.985207319
1341846326.054055 0.533583164 0.145406798 0.305473685 0.143191889 -0.091804780 0.049374264 0.984190106
1341846326.089984 0.544609785 0.179993972 0.310133457 0.149345711 -0.091401465 0.049305711 0.983316183
1341846326.121822 0.540406346 0.196435988 0.319185346 0.150267184 -0.086856686 0.047938075 0.983655274
1341846326.154079 0.530824959 0.197610885 0.319804937 0.150946945 -0.083230421 0.045698248 0.983971238
1341846326.190178 0.529558718 0.219977066 0.330822080 0.155299872 -0.084314436 0.049067002 0.983038962
1341846326.222162 0.512490869 0.237598240 0.318939328 0.154575914 -0.083246112 0.055046845 0.982927442
1341846326.259181 0.500756860 0.264384508 0.324897885 0.154358089 -0.084348850 0.057074349 0.982751966
1341846326.322766 0.515668750 0.297283769 0.347247183 0.149230808 -0.087370813 0.055485323 0.983370721
1341846326.359773 0.528683484 0.304643512 0.354235172 0.145882636 -0.087975904 0.053465329 0.983930886
1341846326.392109 0.543510795 0.284230292 0.360047996 0.140874311 -0.088229217 0.055326153 0.984534979
1341846326.423985 0.523144364 0.284306645 0.354848415 0.143776372 -0.084641270 0.060303204 0.984138072
1341846326.459869 0.510122120 0.332636029 0.364402205 0.151600286 -0.086108208 0.064942203 0.982540190
1341846326.526163 0.547957182 0.382307112 0.370030791 0.155094400 -0.089505635 0.066260144 0.981602848
1341846326.560211 0.533291042 0.390428007 0.380866706 0.150631934 -0.083857991 0.066156626 0.982802749
1341846326.591828 0.517278075 0.406557411 0.385383815 0.149011090 -0.079591118 0.066265039 0.983397126
1341846326.627027 0.517833233 0.421678424 0.381543308 0.149528280 -0.077574559 0.065606996 0.983523905
1341846326.658442 0.539835155 0.434901297 0.380124688 0.146745309 -0.076859184 0.065347679 0.984016359
1341846326.694856 0.533033371 0.456854850 0.388037235 0.145447835 -0.073213510 0.066231750 0.984427869
1341846326.726206 0.504161537 0.465510011 0.391706437 0.140046522 -0.067339681 0.061745349 0.985920787
1341846326.762753 0.516605556 0.477163970 0.388640642 0.133690670 -0.065715477 0.059424762 0.987054706
1341846326.826821 0.514622450 0.501746595 0.398066074 0.119260184 -0.060244277 0.053865358 0.989568651
1341846326.858887 0.506979883 0.456163377 0.401402891 0.102513283 -0.057709314 0.051924475 0.991697848
1341846326.895360 0.485345483 0.468207806 0.417827368 0.103116468 -0.055874866 0.051562548 0.991759241
1341846326.926897 0.495322227 0.455246001 0.422186702 0.100982144 -0.061769463 0.054455098 0.991474569
1341846326.958888 0.498015642 0.466275960 0.416836381 0.102659151 -0.063095465 0.057597205 0.991041183
1341846326.994594 0.507372737 0.468703330 0.415554285 0.100985043 -0.063971922 0.059662044 0.991034925
1341846327.026301 0.504494429 0.489662945 0.417816848 0.100764498 -0.062033683 0.058366276 0.991257668
1341846327.063945 0.500772953 0.481968105 0.417489588 0.095860392 -0.058842454 0.054194652 0.992175043
1341846327.094662 0.494552881 0.491558015 0.414638996 0.095873989 -0.055477019 0.052823983 0.992441535
1341846327.128901 0.494682401 0.512554586 0.429380029 0.097349346 -0.056055289 0.051559594 0.992331862
1341846327.161940 0.496311814 0.513915300 0.429191560 0.094423868 -0.057304833 0.051022105 0.992570996
1341846327.193867 0.506091177 0.508887708 0.435629308 0.091488786 -0.056444589 0.048864990 0.993003547
1341846327.229885 0.478615344 0.522581160 0.420360625 0.093392983 -0.047846947 0.045346919 0.993444622
1341846327.262014 0.430153102 0.535457492 0.398113549 0.094099931 -0.033609714 0.039248958 0.994220853
1341846327.294023 0.384776264 0.544306219 0.384246200 0.098802611 -0.013573171 0.032566354 0.994481385
1341846327.330015 0.345282704 0.555393517 0.371957392 0.100284658 0.003532210 0.031073269 0.994467199
1341846327.361939 0.323088557 0.557517946 0.363354862 0.096073441 0.011201660 0.024943486 0.994998634
1341846327.393887 0.310122758 0.564710855 0.362541735 0.096264511 0.016118551 0.024266159 0.994929433
1341846327.429966 0.287562340 0.582517087 0.338046581 0.094777592 0.019015044 0.021495083 0.995084763
1341846327.461965 0.266248345 0.587992728 0.320967525 0.085658483 0.017939700 0.019488372 0.995972395
1341846327.497931 0.231827348 0.572115541 0.312325776 0.076595403 0.022881852 0.011338927 0.996735156
1341846327.530068 0.187553495 0.576273024 0.305899709 0.073770173 0.030757030 0.012799363 0.996718705
1341846327.561895 0.164255291 0.586920142 0.318344951 0.072192244 0.031623952 0.017687779 0.996732354
1341846327.598010 0.114380904 0.579184294 0.326310426 0.070972249 0.037392959 0.019833256 0.996579885
1341846327.629945 0.073403157 0.585459232 0.332738787 0.068646722 0.039608989 0.018127058 0.996689618
1341846327.662003 0.041767027 0.572713792 0.329178125 0.066295378 0.042255618 0.014755311 0.996795714
1341846327.697919 0.014443941 0.583889544 0.317754358 0.067859434 0.046377994 0.015104851 0.996501982
1341846327.730075 0.030409062 0.597987115 0.312333107 0.063313670 0.042720284 0.018015506 0.996916115
1341846327.766017 0.016069824 0.607595742 0.316114932 0.059761472 0.045071948 0.018177105 0.997028947
1341846327.797917 0.017978104 0.624976337 0.317468554 0.054536588 0.044028100 0.020212982 0.997335851
1341846327.830054 0.012793569 0.628049791 0.321465343 0.047319263 0.044656012 0.019287808 0.997694731
1341846327.865944 0.005468793 0.630959630 0.321096569 0.043259460 0.048148524 0.020881522 0.997684479
1341846327.898010 -0.005230281 0.643099129 0.325235397 0.040843837 0.050690077 0.021595599 0.997645199
1341846327.929991 0.001651982 0.648220479 0.324010968 0.035104323 0.047804080 0.019455398 0.998050094
1341846327.966065 -0.001574291 0.657306910 0.324627101 0.030522190 0.049175717 0.014279254 0.998221517
1341846327.998073 -0.004289608 0.661525249 0.321752965 0.023040114 0.050904356 0.011844145 0.998367488
1341846328.034045 -0.002318709 0.667947233 0.323871940 0.017544053 0.051681668 0.010087774 0.998458564
1341846328.065993 -0.004451487 0.659100056 0.323907226 0.010302258 0.052853685 0.010751490 0.998491287
1341846328.098045 -0.007187563 0.648138642 0.330684572 0.009023497 0.053528268 0.011808937 0.998455763
1341846328.133967 -0.030447364 0.647023916 0.330832601 0.011807718 0.056034513 0.015559445 0.998237848
1341846328.166023 -0.015995014 0.638877213 0.324089020 0.010043021 0.050166637 0.016608177 0.998552263
1341846328.198018 -0.011018747 0.623563588 0.320746422 0.008803501 0.046671830 0.014112301 0.998771846
1341846328.234044 -0.012132768 0.623596072 0.316665709 0.013349248 0.045314319 0.013489008 0.998792529
1341846328.265899 -0.034183625 0.617117822 0.319939315 0.016581021 0.047578685 0.012845647 0.998647332
1341846328.302051 -0.023938265 0.606771827 0.316817373 0.020181699 0.045478862 0.014286565 0.998659253
1341846328.333917 -0.011628936 0.580278158 0.311789066 0.021163767 0.042626787 0.018093750 0.998703063
1341846328.366008 -0.009907972 0.586032510 0.325455666 0.030722484 0.040979348 0.016550234 0.998550415
1341846328.402010 -0.048164919 0.556631923 0.338164359 0.041238572 0.049482778 0.016239850 0.997791111
1341846328.433920 -0.013546161 0.523078144 0.316594243 0.039190542 0.040382195 0.020866435 0.998197377
1341846328.470003 -0.008932252 0.521456897 0.331076592 0.042342383 0.038243901 0.014591092 0.998264372
1341846328.502194 -0.007329400 0.516729236 0.327566952 0.047988113 0.040753964 0.006960953 0.997991920
1341846328.534033 0.002387931 0.474605083 0.320201069 0.044998929 0.041761186 0.002291799 0.998111188
1341846328.570125 -0.025294960 0.455797821 0.324495226 0.047652330 0.046861276 0.004628834 0.997753441
1341846328.602804 -0.030858189 0.382624000 0.302020669 0.043960806 0.042390704 0.005920838 0.998115957
1341846328.672663 -0.036860134 0.370781124 0.303903103 0.058170080 0.030955719 0.001617015 0.997825384
1341846328.702975 -0.007883568 0.361277521 0.300246179 0.061562210 0.022380725 0.004340362 0.997842848
1341846328.770129 -0.011487910 0.351998836 0.297434330 0.073108420 0.020106120 0.002432502 0.997118354
1341846328.802331 -0.000129969 0.343050241 0.307791352 0.075437538 0.014834102 0.003720115 0.997033298
1341846328.838051 0.004621173 0.349785626 0.306623548 0.083387338 0.012383884 0.000516908 0.996440113
1341846328.869939 -0.005449127 0.353588283 0.303388089 0.084329985 0.013152480 -0.000433432 0.996351004
1341846328.904486 -0.017787050 0.322413534 0.300403446 0.077021286 0.012259827 -0.001171633 0.996953368
1341846328.939814 -0.008771726 0.325148016 0.301307708 0.084839821 0.008392966 -0.000777114 0.996358991
1341846328.970217 0.004588372 0.283947080 0.286115229 0.081502020 0.004306805 0.003394947 0.996658146
1341846329.006232 -0.009543227 0.272069752 0.288873404 0.082314208 0.004743815 0.007441950 0.996567369
1341846329.038243 0.002410381 0.248864055 0.287308484 0.085509889 0.002642362 0.008596103 0.996296763
1341846329.106125 -0.004414809 0.268186688 0.279458165 0.092788085 0.003839294 0.006334180 0.995658338
1341846329.138340 -0.000838728 0.263366312 0.280506790 0.095986098 0.002516453 0.004879421 0.995367587
1341846329.169991 0.006231281 0.248407766 0.272814304 0.095228583 -0.000054287 0.004195729 0.995446622
1341846329.208656 0.008954381 0.244137570 0.273332208 0.096385397 -0.001184666 0.003660728 0.995336711
1341846329.238169 0.014571188 0.239147171 0.269117475 0.095335878 -0.002741579 0.004454311 0.995431483
1341846329.273827 0.015238388 0.226273477 0.262128353 0.093591928 -0.003766051 0.005125123 0.995590329
1341846329.306052 0.005852427 0.234378099 0.259478360 0.096205369 -0.004620791 0.002857834 0.995346725
1341846329.338104 0.013906262 0.219434857 0.255805820 0.089837670 -0.007065491 0.000611677 0.995931208
1341846329.373907 0.023210827 0.203105643 0.255653828 0.086987980 -0.009524949 0.000711713 0.996163607
1341846329.405985 0.022988196 0.197953880 0.251336128 0.088825695 -0.010703820 -0.003032548 0.995985091
1341846329.442057 0.023618948 0.209940329 0.250391096 0.090981781 -0.011092193 -0.007325663 0.995763838
1341846329.473950 0.017737098 0.198373958 0.247898847 0.090479024 -0.011392751 -0.013320467 0.995744109
1341846329.506147 0.005807059 0.201318204 0.243808448 0.092188656 -0.011223029 -0.015642930 0.995555520
1341846329.542121 0.003878541 0.180710495 0.238650948 0.088445649 -0.014411300 -0.015945168 0.995849133
1341846329.574086 0.015499257 0.158160582 0.237887949 0.089442603 -0.018235674 -0.017393908 0.995673120
1341846329.606387 0.009223467 0.159851953 0.230691269 0.092236720 -0.017357020 -0.018684508 0.995410502
1341846329.641955 0.005324405 0.155310988 0.229483366 0.092389792 -0.018176766 -0.017999919 0.995394289
1341846329.681570 -0.004519628 0.135882810 0.231037110 0.089850977 -0.019812509 -0.018879404 0.995579183
1341846329.748113 0.007881874 0.128353342 0.226017609 0.091814831 -0.021408698 -0.020834282 0.995327890
1341846329.810175 0.001535647 0.089903243 0.226122618 0.086586162 -0.017172014 -0.016397610 0.995961368
1341846329.842255 -0.009107837 0.079280734 0.224352628 0.087454848 -0.015789464 -0.013312333 0.995954394
1341846329.874044 -0.002589918 0.077809148 0.224130690 0.089999847 -0.017235799 -0.009503501 0.995747328
1341846329.910073 -0.009544123 0.085373238 0.225408778 0.091497518 -0.016121112 -0.006529451 0.995653391
1341846329.942009 -0.017319901 0.092506908 0.227407694 0.088904642 -0.015658947 -0.001553159 0.995915830
1341846329.978087 -0.005760491 0.069417253 0.220290452 0.086512841 -0.017735034 -0.001578308 0.996091664
1341846330.016305 0.003693861 0.086510412 0.212921426 0.090742283 -0.018190101 -0.003635098 0.995701671
1341846330.048192 -0.007536002 0.103693143 0.214877769 0.089324251 -0.015456992 -0.001168566 0.995881975
1341846330.080418 -0.000520570 0.076084837 0.213760912 0.082665555 -0.016608244 0.001047793 0.996438384
1341846330.115886 0.003121683 0.060484014 0.209579825 0.085167684 -0.015846847 0.001364741 0.996239722
1341846330.147839 -0.003476809 0.081350133 0.207045659 0.089242779 -0.015230894 0.003482948 0.995887339
1341846330.181257 0.005723347 0.073557600 0.201370418 0.081479236 -0.017177425 0.006792821 0.996503890
1341846330.215852 0.019934114 0.069214270 0.203717723 0.076159507 -0.018544912 0.005899422 0.996905744
1341846330.247833 0.017312676 0.073721878 0.202054143 0.076031879 -0.018029803 0.004872366 0.996930540
1341846330.283913 0.003747984 0.081271119 0.195930660 0.072501019 -0.016012533 0.006415549 0.997219205
1341846330.316011 0.002616335 0.047692955 0.198688418 0.062168930 -0.017066630 0.003793085 0.997912526
1341846330.347868 0.000708906 0.044555407 0.196355000 0.060588624 -0.018677501 0.002898269 0.997983873
1341846330.383835 0.020327456 0.047993656 0.197386697 0.059648696 -0.021939576 0.004428919 0.997968495
1341846330.415934 -0.000310112 0.041247010 0.199082419 0.060323767 -0.017687509 0.001412289 0.998021126
1341846330.452561 -0.001992435 0.042579163 0.198046893 0.063442461 -0.018495323 0.001176373 0.997813404
1341846330.483903 -0.000841957 0.044499915 0.194790989 0.063136511 -0.020986421 0.003878493 0.997776687
1341846330.515970 0.001490008 0.012746069 0.193962917 0.057064611 -0.023735357 0.007822826 0.998057663
1341846330.552099 0.002251930 0.024133256 0.190227717 0.060945626 -0.024978686 0.009805883 0.997780323
1341846330.583876 0.004517629 0.043938186 0.189988151 0.062586345 -0.026035177 0.009944242 0.997650385
1341846330.619992 0.004209348 0.045085777 0.180854619 0.057963204 -0.027327726 0.010741518 0.997886896
1341846330.652136 0.021965869 0.045704734 0.183843210 0.052200392 -0.031999175 0.007575625 0.998095095
1341846330.683796 0.022431694 0.047030095 0.177407175 0.048197351 -0.032120712 0.006758768 0.998298347
1341846330.719991 0.005238919 0.041352525 0.171036094 0.046362653 -0.032280874 0.008369698 0.998367906
1341846330.752103 -0.000718153 0.036840059 0.169650331 0.047740482 -0.035823047 0.011889758 0.998146355
1341846330.787952 0.013948319 0.037672430 0.160324365 0.047651589 -0.043775298 0.016898392 0.997761250
1341846330.819823 0.006794350 0.029919434 0.162351668 0.045897998 -0.046513803 0.016299708 0.997729540
1341846330.852208 -0.000566956 0.019366568 0.158262879 0.042217188 -0.046770237 0.017924160 0.997852206
1341846330.914111 0.001362321 0.041499991 0.139000595 0.035596170 -0.050825287 0.015986046 0.997945011
1341846330.949903 -0.005441126 0.054275673 0.140963912 0.036480337 -0.051714111 0.015199677 0.997879684
1341846330.981986 -0.006719722 0.065463372 0.134794176 0.039416973 -0.056718528 0.014667165 0.997504056
1341846331.014111 -0.035609923 0.050974783 0.138639674 0.035084896 -0.055110913 0.017472751 0.997710645
1341846331.082139 -0.030794734 0.061042957 0.132235438 0.039071474 -0.058922775 0.014333272 0.997394621
1341846331.114334 -0.027828770 0.057178758 0.129705653 0.037724413 -0.062038209 0.013542152 0.997268736
1341846331.149989 -0.028372096 0.033973373 0.130882412 0.034699108 -0.062593117 0.011210206 0.997372806
1341846331.181954 -0.043953158 0.037948277 0.124392450 0.038624305 -0.060696654 0.010082293 0.997357786
1341846331.218151 -0.030361388 0.047537595 0.112942867 0.038148385 -0.066830851 0.011003979 0.996974051
1341846331.249914 -0.041845176 0.058558200 0.110118598 0.039537571 -0.065321729 0.008001390 0.997048557
1341846331.318141 -0.063887261 0.070555411 0.107568167 0.052259643 -0.051223487 0.004508938 0.997308731
1341846331.349926 -0.082235679 0.055180691 0.098015539 0.047989108 -0.045045730 0.002613599 0.997828186
1341846331.382003 -0.087362379 0.052342668 0.088908583 0.051664077 -0.036487453 -0.000437347 0.997997642
1341846331.418008 -0.083394736 0.063136123 0.084779650 0.060292013 -0.027542086 -0.000313530 0.997800708
1341846331.450327 -0.099961936 0.067295730 0.081589580 0.062363099 -0.020112755 0.001971288 0.997848928
1341846331.486219 -0.078822911 0.090657137 0.073501177 0.066237934 -0.022257959 0.005617708 0.997539759
1341846331.518344 -0.070800908 0.099192314 0.067330129 0.066151075 -0.022054128 0.003868857 0.997558355
1341846331.550202 -0.089742556 0.063835576 0.088233948 0.063543238 -0.013221489 0.000295128 0.997891426
1341846331.586139 -0.082419656 0.071543843 0.091719441 0.065764457 -0.014441059 0.002548465 0.997727394
1341846331.617931 -0.086873338 0.079827033 0.094997153 0.066115133 -0.012946695 0.003482650 0.997721970
1341846331.654027 -0.092152499 0.069381967 0.117991462 0.065407746 -0.007949389 0.002786049 0.997823119
1341846331.686123 -0.097747825 0.088234909 0.123494647 0.070507154 -0.005134602 0.005552389 0.997482657
1341846331.717954 -0.084748499 0.091342762 0.120605856 0.066318773 -0.008910698 0.006476873 0.997737706
1341846331.754076 -0.122004651 0.073247589 0.138832629 0.062545054 -0.001017657 0.003004224 0.998037159
1341846331.785920 -0.096480891 0.057382047 0.145551518 0.062503032 -0.002220665 0.002121448 0.998040080
1341846331.818053 -0.102829441 0.066407219 0.148451552 0.063512772 -0.000243762 0.003358864 0.997975349
1341846331.853849 -0.116798587 0.057871472 0.161458716 0.061436977 0.002732798 0.001605348 0.998106003
1341846331.885987 -0.129003093 0.056837402 0.163781539 0.064607546 0.008300849 -0.001499336 0.997875154
1341846331.922014 -0.124479048 0.062651604 0.187585622 0.067122288 0.010593129 -0.001223323 0.997687757
1341846331.954037 -0.144132614 0.063780718 0.192861468 0.067278020 0.017285844 -0.001200487 0.997583807
1341846331.986135 -0.173542991 0.077692203 0.201398149 0.074235357 0.028486514 0.000304426 0.996833801
1341846332.022364 -0.191552743 0.079434328 0.214655131 0.081815302 0.035572592 -0.000510319 0.996012330
1341846332.054175 -0.198478252 0.079291359 0.210352182 0.087561205 0.037105784 -0.001449936 0.995466769
1341846332.086502 -0.130162239 0.070426799 0.242009386 0.088019267 0.025106899 0.002133657 0.995800018
1341846332.122051 -0.146875501 0.075366169 0.250139713 0.090226561 0.028980339 0.000333091 0.995499492
1341846332.153983 -0.171634346 0.063855574 0.263384879 0.085299425 0.032156046 -0.000482884 0.995836198
1341846332.190165 -0.146752626 0.076478563 0.279099047 0.080332011 0.026491219 -0.003022905 0.996411502
1341846332.254145 -0.208006442 0.068768889 0.295671791 0.082197979 0.037991598 -0.008301754 0.995857000
1341846332.289948 -0.151898995 0.077295475 0.316510886 0.084840171 0.027520182 -0.002977611 0.996010005
1341846332.322172 -0.148171917 0.075166091 0.334832668 0.085339516 0.026383149 -0.000961875 0.996002138
1341846332.354003 -0.131097853 0.048874244 0.335154057 0.083732203 0.026091967 -0.003219671 0.996141434
1341846332.390180 -0.154498830 0.048566069 0.326829970 0.083491720 0.034991559 -0.007614946 0.995864868
1341846332.422055 -0.133135915 0.054301497 0.346794814 0.082163408 0.033036646 -0.010691327 0.996013820
1341846332.458114 -0.116445944 0.050903462 0.366625905 0.081661992 0.032752763 -0.012233905 0.996046722
1341846332.489993 -0.123706460 0.067322619 0.384208322 0.085148118 0.034953173 -0.009291103 0.995711684
1341846332.522130 -0.121736512 0.062183365 0.395304948 0.083004311 0.030395171 -0.003043074 0.996080935
1341846332.558114 -0.133250251 0.063986741 0.389626145 0.083689056 0.027832774 0.001416639 0.996102154
1341846332.589874 -0.135016218 0.070560001 0.397923619 0.083396599 0.025661178 0.006965631 0.996161699
1341846332.621889 -0.141911417 0.077280164 0.402555764 0.079680853 0.027240992 0.006986836 0.996423662
1341846332.658202 -0.142304420 0.071159415 0.406465113 0.074976988 0.028080333 0.005224308 0.996776164
1341846332.690001 -0.152258009 0.074035212 0.413543940 0.073592886 0.030974085 0.005197796 0.996793747
1341846332.726000 -0.160752580 0.074007340 0.426208258 0.072993785 0.031041976 0.007180932 0.996823311
1341846332.758386 -0.154046759 0.069800660 0.421778649 0.072463647 0.027663976 0.005941789 0.996969640
1341846332.789937 -0.151951388 0.072378986 0.416649938 0.071288809 0.029161615 0.005872805 0.997012079
1341846332.825925 -0.176354289 0.071320564 0.430037439 0.069452234 0.036786851 0.004439824 0.996896863
1341846332.857898 -0.196463436 0.067817107 0.439004332 0.069623396 0.041994821 0.001555914 0.996687829
1341846332.894069 -0.212086037 0.067316011 0.436429292 0.067572229 0.044912152 0.001138739 0.996702433
1341846332.926029 -0.238856032 0.066877522 0.441653311 0.063225098 0.051392931 -0.001812938 0.996673524
1341846332.958015 -0.263493210 0.058791813 0.444220722 0.057831563 0.058935545 -0.006144982 0.996566355
1341846332.994073 -0.290245205 0.052426897 0.448819339 0.053044595 0.065322690 -0.009234136 0.996410549
1341846333.026545 -0.315124214 0.042927746 0.451347888 0.048494808 0.072036862 -0.012926472 0.996138513
1341846333.057998 -0.342791438 0.036645576 0.448364258 0.046020910 0.079785727 -0.012905537 0.995665491
1341846333.094024 -0.371064216 0.027182698 0.450300455 0.044239126 0.086660452 -0.010691569 0.995197773
1341846333.126095 -0.420901626 0.015070852 0.459429711 0.041918822 0.099996895 -0.008911419 0.994064391
1341846333.161973 -0.459493905 0.009865883 0.463800281 0.038160149 0.110478915 -0.009468733 0.993100464
1341846333.195660 -0.493540078 0.002740905 0.467929214 0.034329213 0.119636826 -0.008736092 0.992185593
1341846333.226331 -0.544907629 0.000987815 0.474990219 0.032304592 0.130998775 -0.009471203 0.990810812
1341846333.262056 -0.582841516 -0.001918236 0.477210283 0.027100440 0.139047474 -0.012641748 0.989834189
1341846333.294147 -0.618129015 0.004133340 0.484177172 0.025862070 0.146193713 -0.011791386 0.988847554
1341846333.326100 -0.655188978 0.006129402 0.485747933 0.024029976 0.152190298 -0.013688202 0.987964272
1341846333.362100 -0.676948309 0.012726704 0.482688934 0.021359541 0.156181350 -0.014886726 0.987385213
1341846333.394119 -0.693611562 0.002325202 0.490006238 0.016743848 0.158643723 -0.015644265 0.987069964
1341846333.429974 -0.679035485 0.002111776 0.487734795 0.016098287 0.154405460 -0.014600485 0.987768531
1341846333.462115 -0.699463010 0.000636129 0.491803378 0.015618442 0.158802196 -0.016700257 0.987045646
1341846333.494040 -0.686669886 0.013189619 0.495301306 0.018664427 0.157477736 -0.017709142 0.987187326
1341846333.529953 -0.712790728 0.010839188 0.495418847 0.019078365 0.163689956 -0.018542716 0.986153066
1341846333.562063 -0.738032639 0.016710188 0.509647369 0.021384781 0.170532376 -0.017098764 0.984971642
1341846333.594090 -0.761477470 0.016858701 0.519219041 0.019796535 0.173912212 -0.015403470 0.984441638
1341846333.629994 -0.788014412 0.020417769 0.529301405 0.016598197 0.176709250 -0.016197817 0.983989835
1341846333.662127 -0.808067143 0.018167825 0.532150745 0.012636950 0.178859994 -0.014924223 0.983680189
1341846333.697964 -0.832443416 0.010945703 0.536672771 0.009770507 0.182825655 -0.011844739 0.983025491
1341846333.730092 -0.859958053 0.007850941 0.539935410 0.011576069 0.187875718 -0.011774349 0.982054055
1341846333.762089 -0.884015799 0.002609988 0.551393509 0.012051733 0.192383662 -0.008475515 0.981209219
1341846333.798006 -0.906159639 -0.003358066 0.558629453 0.012490819 0.196688354 -0.008841069 0.980346680
1341846333.830055 -0.877774358 0.000545120 0.541126311 0.015704751 0.191819951 -0.010563055 0.981247663
1341846333.866045 -0.881882846 -0.003481952 0.538538575 0.015533946 0.193398476 -0.011970589 0.980924308
1341846333.897987 -0.899069428 -0.001798927 0.541242421 0.017805988 0.196266949 -0.014384670 0.980283320
1341846333.930099 -0.889782608 -0.005955128 0.531229436 0.020111326 0.194661751 -0.014802332 0.980552614
1341846333.965889 -0.884394765 -0.012815133 0.525661886 0.020509033 0.193594798 -0.014212095 0.980764270
1341846333.997985 -0.880719244 -0.020387720 0.519670963 0.021887844 0.193167910 -0.014107279 0.980820179
1341846334.030076 -0.884270549 -0.016881494 0.515863478 0.025782088 0.194146454 -0.013720818 0.980537713
1341846334.066000 -0.898571134 -0.013769760 0.512611091 0.028425217 0.195591658 -0.012899613 0.980188489
1341846334.097932 -0.916068554 -0.008639934 0.515466809 0.031471137 0.198433697 -0.014475752 0.979502022
1341846334.133884 -0.921886981 -0.007740003 0.507372260 0.033438895 0.199658379 -0.014942087 0.979180872
1341846334.166115 -0.904026687 -0.028796675 0.492689013 0.028748771 0.193556562 -0.011432000 0.980601251
1341846334.198072 -0.910543323 -0.023019118 0.488724798 0.030596284 0.192541316 -0.013318690 0.980721414
1341846334.234097 -0.904739141 -0.019501919 0.483194262 0.031370647 0.191537604 -0.014093937 0.980882585
1341846334.266045 -0.918444395 -0.021778814 0.477053195 0.031326577 0.194503605 -0.013170692 0.980313003
1341846334.297946 -0.933239937 -0.029756974 0.476794094 0.030916337 0.194542319 -0.011129265 0.980343640
1341846334.334036 -0.931093216 -0.014960780 0.469855636 0.034067359 0.191923708 -0.010815504 0.980758786
1341846334.365871 -0.942753553 -0.015296527 0.472184956 0.032956246 0.193634123 -0.013131226 0.980432272
1341846334.401845 -0.956527352 -0.014796074 0.471993983 0.031673361 0.196429104 -0.014536127 0.979898572
1341846334.433864 -0.965706170 -0.014985449 0.467944920 0.032450680 0.195846215 -0.013741009 0.980001271
1341846334.466105 -0.970952153 0.000801369 0.462258309 0.036202062 0.194585294 -0.013852417 0.980119467
1341846334.502142 -0.979076743 0.000764546 0.461952507 0.034661364 0.193952143 -0.012613735 0.980317295
1341846334.540153 -0.993717670 0.011487877 0.452038139 0.036884040 0.194725007 -0.015799861 0.980036795
1341846334.602351 -1.009904623 0.014008198 0.442284614 0.030167960 0.192078978 -0.024653520 0.980605841
1341846334.670161 -1.019160986 0.018025842 0.429110467 0.025766648 0.189999104 -0.029505504 0.981002510
1341846334.702085 -1.021053314 0.016229983 0.423402548 0.024799172 0.186808959 -0.027987704 0.981684327
1341846334.734751 -1.026523352 0.013423268 0.413563877 0.024495158 0.184372813 -0.025720436 0.982214451
1341846334.770889 -1.025670290 0.009625188 0.407478839 0.024080116 0.181682572 -0.020943547 0.982839227
1341846334.802194 -1.035189867 -0.005341488 0.400552809 0.020526420 0.179711640 -0.019741626 0.983307064
1341846334.833908 -1.036852121 0.002828890 0.386468470 0.021294363 0.177804098 -0.022148732 0.983586133
1341846334.869874 -1.034187555 0.000710228 0.370361179 0.019232495 0.175875396 -0.020989982 0.984000742
1341846334.902006 -1.026162624 -0.004332411 0.355947882 0.016960671 0.171053633 -0.018574296 0.984940648
1341846334.938010 -1.028116226 -0.007836001 0.345642835 0.015601864 0.167438030 -0.019791998 0.985560477
1341846334.970032 -1.040475130 -0.006321424 0.350865901 0.015733013 0.168800890 -0.021640640 0.985287011
1341846335.002203 -1.057191610 -0.006609299 0.343807608 0.017894492 0.171072051 -0.021365656 0.984864295
1341846335.037880 -1.077985287 -0.020574976 0.338765681 0.017920244 0.170552015 -0.017098011 0.985037386
1341846335.069990 -1.071606755 -0.005102040 0.329053670 0.020855369 0.165889412 -0.019333607 0.985734284
1341846335.106038 -1.077317595 0.000151058 0.320392847 0.022283414 0.167674586 -0.021620542 0.985353351
1341846335.138045 -1.074094176 -0.003277536 0.308076501 0.023280900 0.166695565 -0.021244479 0.985504627
1341846335.169900 -1.080910206 0.001805053 0.290836632 0.023664279 0.163671941 -0.020110520 0.986025929
1341846335.206091 -1.082278013 0.000252781 0.287258208 0.021989070 0.161977753 -0.022800444 0.986285985
1341846335.239365 -1.091466904 -0.011106887 0.281637967 0.020340437 0.164321497 -0.025911592 0.985856652
1341846335.269948 -1.099460125 -0.012811270 0.272224993 0.021628184 0.165626705 -0.026473965 0.985595822
1341846335.305972 -1.107793212 -0.021359781 0.262693763 0.021877617 0.164199039 -0.025473492 0.985855639
1341846335.338012 -1.110649347 -0.017687917 0.261100471 0.024172945 0.163119674 -0.025772773 0.985973358
1341846335.374005 -1.114060760 -0.024126535 0.254946083 0.028417982 0.165246069 -0.026458398 0.985487759
1341846335.406025 -1.121076465 -0.027173735 0.247655869 0.035025820 0.167824596 -0.024867995 0.984880626
1341846335.438079 -1.125199914 -0.015985919 0.235339016 0.041986994 0.168178469 -0.022098657 0.984614015
1341846335.473998 -1.125410080 -0.012784294 0.227860689 0.044223171 0.169402853 -0.021662470 0.984315932
1341846335.507038 -1.132002115 -0.007266169 0.220497325 0.045319863 0.172325030 -0.024374006 0.983695149
1341846335.538040 -1.135970473 -0.002324478 0.213440076 0.044689648 0.174325868 -0.025977053 0.983330369
1341846335.574119 -1.147601962 -0.000803265 0.206867039 0.042130306 0.175012261 -0.025193749 0.983341813
1341846335.605970 -1.149252653 -0.001582417 0.199840501 0.041039251 0.174187914 -0.025959862 0.983514369
1341846335.641978 -1.149438500 -0.001195986 0.187194258 0.041816212 0.174832225 -0.028995611 0.983282447
1341846335.673993 -1.162548423 -0.003548765 0.180882066 0.040593315 0.176563963 -0.029054729 0.983022511
1341846335.706178 -1.167733788 -0.004233088 0.170295641 0.040142536 0.175146446 -0.027875476 0.983328700
1341846335.741982 -1.163416147 -0.003728027 0.160673410 0.040857110 0.173742607 -0.028873928 0.983519495
1341846335.773960 -1.178805590 0.001489627 0.156389639 0.041208420 0.175934717 -0.029885519 0.983084798
1341846335.806271 -1.175857425 0.001880633 0.140196815 0.038822263 0.174021497 -0.028184857 0.983572543
1341846335.842031 -1.186811090 -0.009646641 0.139616728 0.035643771 0.176218763 -0.028544093 0.983291268
1341846335.873966 -1.184059381 -0.006498124 0.121206351 0.037118405 0.176537842 -0.028825523 0.983171284
1341846335.910005 -1.201594830 -0.004736956 0.118481100 0.036857806 0.177949354 -0.027708197 0.982958734
1341846335.941936 -1.201875806 0.001156840 0.106017321 0.036661401 0.175188541 -0.026360953 0.983498871
1341846335.974198 -1.206929445 0.001103234 0.099224940 0.036003444 0.174613774 -0.028774327 0.983557761
1341846336.010032 -1.214935541 0.004291352 0.092644513 0.035842407 0.174982071 -0.030039260 0.983460367
1341846336.042129 -1.224726319 0.004321292 0.081008300 0.035103898 0.173794642 -0.028553883 0.983741760
1341846336.078076 -1.230526805 0.001772484 0.078308508 0.034782704 0.172501773 -0.029325843 0.983958006
1341846336.110739 -1.229538321 0.005845524 0.063322932 0.035538942 0.171561196 -0.031484354 0.984028697
1341846336.142002 -1.239829779 0.000287166 0.053874724 0.034627732 0.171917558 -0.030022224 0.984044731
1341846336.183953 -1.244109988 0.000767081 0.046474107 0.034075730 0.169209525 -0.027951669 0.984594166
1341846336.241891 -1.249073148 0.006576324 0.040109210 0.033002127 0.168733135 -0.029723983 0.984660566
1341846336.277946 -1.253268480 -0.000536527 0.035470992 0.033046409 0.168534040 -0.025412861 0.984813929
1341846336.309977 -1.244623423 0.002279235 -0.004908210 0.036672950 0.163400456 -0.019561252 0.985683918
1341846336.346143 -1.184177279 0.007701476 -0.036618799 0.038939364 0.151111946 -0.017309232 0.987597764
1341846336.377975 -1.125076890 0.015233695 -0.062976569 0.041017272 0.140416041 -0.018015435 0.989078581
1341846336.410032 -1.081536770 0.013459525 -0.088685192 0.041719649 0.132799760 -0.015339276 0.990145683
1341846336.446041 -1.027009964 0.018159173 -0.109949194 0.041630540 0.122289903 -0.015215115 0.991504192
1341846336.477990 -0.983213663 0.016735844 -0.127577826 0.040565331 0.115547523 -0.011985738 0.992400944
1341846336.510056 -0.921232224 0.011059994 -0.131158963 0.040343154 0.105227478 -0.009736229 0.993581891
1341846336.546024 -0.895614088 0.008850664 -0.160361007 0.041889511 0.100263111 -0.006416509 0.994058073
1341846336.578003 -0.856781423 0.010400549 -0.191812396 0.041083936 0.093691632 -0.004152003 0.994744599
1341846336.614020 -0.820898890 0.022785153 -0.215481162 0.042899527 0.089566328 -0.007225121 0.995030344
1341846336.645982 -0.796204925 0.032035753 -0.229986891 0.042417280 0.086257324 -0.006221883 0.995350063
1341846336.678036 -0.746103227 0.026405703 -0.244809151 0.039738510 0.077297740 -0.006128296 0.996196926
1341846336.714024 -0.698467731 0.022527562 -0.263198555 0.041397899 0.068256304 -0.004571716 0.996798098
1341846336.746016 -0.644042075 0.017356107 -0.277124912 0.045133755 0.056521419 -0.001739480 0.997379184
1341846336.778014 -0.595589459 0.010085096 -0.301599830 0.045068778 0.044725787 0.004528852 0.997971892
1341846336.820006 -0.538263023 0.002055313 -0.325072229 0.043478109 0.033070870 0.006501991 0.998485744
1341846336.882056 -0.413837105 -0.005941019 -0.292016327 0.044839665 0.010275404 0.008896802 0.998901784
1341846336.914273 -0.347900629 0.024338258 -0.271603882 0.053026397 -0.006994736 0.005864517 0.998551428
1341846336.945998 -0.276737094 0.036677688 -0.268784374 0.061736844 -0.025520682 0.006275411 0.997746468
1341846336.981980 -0.218278363 0.046333183 -0.271031439 0.063895173 -0.038178548 0.004938077 0.997213840
1341846337.014238 -0.140130773 0.061134525 -0.264425278 0.063067339 -0.056003179 0.001490302 0.996435702
1341846337.046017 -0.068750568 0.082019188 -0.256018043 0.067090064 -0.070721000 0.003660453 0.995230675
1341846337.082104 -0.016516175 0.091723368 -0.252096415 0.068360470 -0.079594240 0.003744841 0.994473517
1341846337.114317 0.019890521 0.084223747 -0.224160954 0.065093488 -0.087417729 0.012427764 0.993965089
1341846337.150037 0.051029712 0.086611651 -0.197106794 0.064042941 -0.093157053 0.013293248 0.993500650
1341846337.181873 0.085607827 0.086049125 -0.172514930 0.063242175 -0.097801402 0.012827985 0.993111670
1341846337.214073 0.117036447 0.094832987 -0.162814796 0.061161075 -0.099892825 0.012077793 0.993043244
1341846337.250087 0.136465594 0.088805743 -0.139616460 0.058046345 -0.104991965 0.013558217 0.992685020
1341846337.282028 0.158688441 0.083863884 -0.137054265 0.057460696 -0.110505410 0.017725717 0.992054760
1341846337.317920 0.176155344 0.087690704 -0.129136667 0.057524204 -0.113716610 0.019110736 0.991662443
1341846337.350018 0.195501998 0.077039428 -0.121075712 0.053429402 -0.115594059 0.022077372 0.991612792
1341846337.382159 0.204443216 0.072404422 -0.113351718 0.050419979 -0.116164662 0.019674418 0.991754293
1341846337.417941 0.212057218 0.074837804 -0.107072428 0.052847847 -0.116617665 0.019185862 0.991584241
1341846337.450137 0.223596722 0.067959286 -0.116441973 0.051239688 -0.119854175 0.019751320 0.991271675
1341846337.482096 0.226730689 0.069196679 -0.116155595 0.050531141 -0.120771103 0.019597121 0.991199732
1341846337.518008 0.232352942 0.072716393 -0.110939860 0.052583065 -0.122232914 0.018330855 0.990938008
1341846337.549978 0.234847739 0.070167415 -0.123505659 0.051060040 -0.122843981 0.018503115 0.990938902
1341846337.585971 0.238588974 0.073602878 -0.116036497 0.049641997 -0.123952813 0.017651765 0.990888417
1341846337.617903 0.231768876 0.073246188 -0.108253375 0.052421801 -0.123056397 0.016060404 0.990884066
1341846337.650141 0.240837470 0.073737830 -0.108000420 0.053343643 -0.124731131 0.016801530 0.990613103
1341846337.686352 0.249495104 0.075556383 -0.108855486 0.050908219 -0.125931725 0.018637404 0.990556538
1341846337.718002 0.257650316 0.080182672 -0.095892347 0.050500076 -0.127006978 0.017992539 0.990452111
1341846337.749920 0.270226955 0.080919847 -0.088762835 0.049623877 -0.126946121 0.018440153 0.990495920
1341846337.786157 0.293581367 0.092213519 -0.078094743 0.047972262 -0.128941506 0.020473313 0.990279615
1341846337.817945 0.281885147 0.074583270 -0.065407619 0.042383615 -0.123926647 0.022223169 0.991136730
1341846337.854071 0.297949255 0.074031204 -0.050977476 0.040516090 -0.123403013 0.022481501 0.991274357
1341846337.885951 0.287219107 0.090104714 -0.047379714 0.040626541 -0.118787222 0.019876361 0.991889119
1341846337.918223 0.299718916 0.095207073 -0.030597033 0.037579212 -0.119575903 0.019024167 0.991931260
1341846337.954120 0.279757887 0.086286150 -0.028058652 0.033765510 -0.115198255 0.015635975 0.992645323
1341846337.985994 0.284805715 0.091014974 -0.023783613 0.031088814 -0.114811532 0.017385952 0.992748499
1341846338.018107 0.292183071 0.085604474 -0.011645498 0.026924059 -0.114600740 0.017322818 0.992895603
1341846338.054055 0.316063315 0.087288603 0.009477695 0.023926346 -0.116945297 0.018888947 0.992670417
1341846338.085986 0.307613939 0.092991605 0.011405283 0.022008037 -0.112014115 0.016870392 0.993319631
1341846338.121875 0.317363113 0.088055149 0.029882494 0.019267187 -0.111967415 0.020026516 0.993323207
1341846338.154089 0.316578805 0.080728211 0.035040427 0.016725184 -0.111841284 0.023502354 0.993307352
1341846338.186029 0.330712169 0.077783644 0.053835008 0.014476410 -0.114430659 0.026360109 0.992976010
1341846338.222071 0.323325396 0.091664888 0.053677958 0.015562793 -0.111528002 0.024547610 0.993336201
1341846338.254107 0.346129328 0.096162364 0.077594928 0.015113793 -0.114713579 0.026725020 0.992924094
1341846338.290130 0.338533849 0.091793455 0.082182884 0.014501449 -0.113457076 0.026739312 0.993077159
1341846338.321952 0.346480995 0.091660395 0.092422493 0.013726100 -0.114003927 0.029350078 0.992951870
1341846338.354022 0.343866020 0.092867278 0.102434427 0.013731446 -0.113091908 0.028993923 0.993066490
1341846338.389969 0.347797900 0.089414157 0.113523729 0.011517758 -0.112992823 0.030111717 0.993072629
1341846338.422377 0.346364051 0.093726151 0.125909582 0.011289044 -0.112686612 0.030096233 0.993110538
1341846338.454010 0.341123760 0.092362292 0.132885888 0.009858971 -0.112138525 0.029509077 0.993205428
1341846338.489894 0.337259561 0.091412164 0.143431455 0.008128187 -0.112036005 0.029162351 0.993242919
1341846338.522066 0.334238887 0.090979598 0.150385946 0.009327911 -0.111197315 0.028671591 0.993340850
1341846338.558058 0.333630890 0.088923484 0.150904357 0.007562587 -0.111232378 0.028397957 0.993359864
1341846338.589842 0.334845006 0.095150106 0.159050956 0.007066664 -0.111986883 0.026352489 0.993335068
1341846338.622019 0.325106710 0.091646835 0.163899630 0.007566460 -0.108954303 0.027635647 0.993633747
1341846338.657984 0.317265540 0.083538704 0.164653674 0.005583249 -0.107635215 0.030948395 0.993692994
1341846338.690198 0.312929511 0.083585523 0.166410178 0.003621057 -0.106969729 0.029810077 0.993808687
1341846338.722454 0.304901332 0.081854507 0.175974727 0.003630750 -0.104171768 0.029020149 0.994129241
1341846338.757945 0.313870192 0.078267641 0.181120709 0.002007415 -0.106579021 0.031874821 0.993791223
1341846338.790039 0.310798734 0.087136500 0.189644352 0.001571192 -0.108586490 0.031338640 0.993591666
1341846338.826048 0.307392716 0.085625455 0.193034455 0.002250785 -0.106456205 0.027805828 0.993926048
1341846338.858027 0.309264332 0.083820939 0.199989423 0.001055421 -0.105835862 0.028131872 0.993985116
1341846338.889902 0.300736070 0.081541508 0.210317045 -0.002113839 -0.105141677 0.026913676 0.994090796
1341846338.925948 0.296156615 0.078763239 0.218601763 -0.002684953 -0.103056714 0.023922624 0.994384170
1341846338.958108 0.294519871 0.078152031 0.229248822 -0.002629318 -0.100797780 0.023510328 0.994625688
1341846338.990057 0.293006837 0.076831996 0.241212413 -0.002467576 -0.100716747 0.025007373 0.994597733
1341846339.025928 0.286844164 0.084667549 0.251802146 0.001570643 -0.097788125 0.025690278 0.994874418
1341846339.057939 0.292194694 0.081443176 0.260221243 0.002735698 -0.096761920 0.026217498 0.994958520
1341846339.093927 0.293697208 0.086467482 0.268597990 0.001896865 -0.097990505 0.028882219 0.994766355
1341846339.126562 0.271226019 0.102394611 0.275960684 0.001337760 -0.093726777 0.023683002 0.995315373
1341846339.157969 0.270637035 0.101542264 0.290993392 -0.001069912 -0.090601735 0.021820232 0.995647550
1341846339.194113 0.277004063 0.103562109 0.295231313 -0.003055769 -0.091735542 0.024703529 0.995472312
1341846339.228165 0.284590125 0.101382412 0.314444393 -0.008151908 -0.095178783 0.027042031 0.995059490
1341846339.257998 0.287387758 0.106524982 0.338326365 -0.009289746 -0.093781456 0.025438145 0.995224416
1341846339.294132 0.293785125 0.103558883 0.345228344 -0.010466199 -0.092749588 0.026995309 0.995268404
1341846339.326577 0.304635108 0.090657979 0.355515599 -0.019347068 -0.097733080 0.031127799 0.994537592
1341846339.362269 0.306573927 0.094242625 0.359014153 -0.021074079 -0.099146523 0.028998453 0.994426966
1341846339.394725 0.298666716 0.124751776 0.374440014 -0.015734231 -0.095360607 0.025850328 0.994982719
1341846339.462186 0.306607813 0.111099355 0.397244602 -0.022109902 -0.097753592 0.025279835 0.994643867
1341846339.496743 0.303285331 0.099561304 0.402414292 -0.021249704 -0.091419555 0.025357369 0.995262742
1341846339.562052 0.305826962 0.108108625 0.418225765 -0.018030142 -0.089903519 0.026802685 0.995426476
1341846339.595122 0.307398349 0.102490246 0.425071061 -0.017519597 -0.088765658 0.025613938 0.995569050
1341846339.632085 0.312895417 0.115545131 0.447569966 -0.013796280 -0.085962795 0.023091976 0.995935142
1341846339.664568 0.320839345 0.117070414 0.457871765 -0.013040463 -0.084726177 0.021801012 0.996080399
1341846339.698896 0.323530048 0.109417059 0.464426666 -0.014429581 -0.084247567 0.021665223 0.996104777
1341846339.731977 0.325937629 0.112291083 0.476025850 -0.013260321 -0.084171802 0.019705815 0.996168196
1341846339.762241 0.328008771 0.114026695 0.485830247 -0.012235620 -0.082776248 0.019374903 0.996304691
1341846339.797873 0.325812072 0.108237766 0.490049183 -0.013402234 -0.081990518 0.020799952 0.996325970
1341846339.830245 0.324803114 0.109625705 0.498068124 -0.013243067 -0.081969813 0.020952832 0.996326625
1341846339.862015 0.324650526 0.114415258 0.503737092 -0.012770750 -0.081552282 0.019582625 0.996394873
1341846339.897797 0.327762991 0.113759585 0.513734579 -0.013859737 -0.080622785 0.018947875 0.996468246
1341846339.929916 0.330670059 0.104324259 0.527176559 -0.015881596 -0.080565512 0.021325849 0.996394575
1341846339.961960 0.331640631 0.103095509 0.534719884 -0.014686783 -0.081057303 0.022263780 0.996352553
1341846339.997845 0.335164309 0.107339516 0.543190241 -0.012763982 -0.080316991 0.020779917 0.996470988
1341846340.029925 0.332363129 0.109037541 0.551140308 -0.011320204 -0.077137172 0.022478396 0.996702850
1341846340.066044 0.322683990 0.105962798 0.554717541 -0.009828613 -0.073354565 0.023184797 0.996987998
1341846340.098009 0.322721064 0.114402287 0.564008415 -0.007426683 -0.072713926 0.023147250 0.997056603
1341846340.130102 0.318997622 0.116780296 0.569592118 -0.007424739 -0.071682841 0.021508856 0.997167885
1341846340.166041 0.318711430 0.117299877 0.575811505 -0.005857655 -0.069034800 0.019313419 0.997410119
1341846340.197867 0.319489151 0.109838188 0.581589103 -0.006712705 -0.066833273 0.020624010 0.997528434
1341846340.229904 0.325278640 0.115560018 0.591106117 -0.007141035 -0.067955576 0.021165008 0.997438312
1341846340.265859 0.334642977 0.120492145 0.607481003 -0.005948202 -0.068484075 0.019606650 0.997441828
1341846340.298061 0.324302912 0.119854696 0.607277334 -0.004041964 -0.063581049 0.019710761 0.997773826
1341846340.334063 0.321772188 0.111496367 0.609106898 -0.007690115 -0.064549863 0.022763293 0.997625172
1341846340.366064 0.327281028 0.111988954 0.621491551 -0.008512544 -0.067250632 0.021134187 0.997475982
1341846340.397995 0.333248317 0.114250243 0.631301522 -0.006032552 -0.067329839 0.020652719 0.997498751
1341846340.433895 0.330597132 0.110046379 0.630017996 -0.006673087 -0.067120671 0.022815146 0.997461736
1341846340.465959 0.330749810 0.108248308 0.629412115 -0.006310803 -0.069495045 0.024402799 0.997263789
1341846340.501858 0.337356806 0.111124240 0.637083709 -0.004923039 -0.073553964 0.023928393 0.996991992
1341846340.534329 0.345302254 0.116286598 0.644913971 -0.003577817 -0.075800836 0.023508174 0.996839464
1341846340.566041 0.349792749 0.113345698 0.644166648 -0.002472322 -0.077208042 0.024262881 0.996716678
1341846340.601909 0.350688159 0.113135770 0.640782893 -0.000143764 -0.077317782 0.024778850 0.996698558
1341846340.634005 0.352844864 0.111051664 0.629225254 -0.000048105 -0.077160321 0.023964366 0.996730685
1341846340.666028 0.359607190 0.112798870 0.634456813 0.000633587 -0.077627234 0.021884643 0.996742070
1341846340.701946 0.367316604 0.111169867 0.636861742 0.002400109 -0.077183247 0.020383077 0.996805668
1341846340.733954 0.364319265 0.111180052 0.625714540 0.003063304 -0.074341811 0.018860839 0.997049749
1341846340.770081 0.364762038 0.112838998 0.624995291 0.002737207 -0.074061528 0.016184201 0.997118592
1341846340.801980 0.371650666 0.112692937 0.627261460 0.003295188 -0.073912852 0.010942637 0.997199237
1341846340.833999 0.369962215 0.118133284 0.624790370 0.004282022 -0.070989795 0.007102653 0.997442603
1341846340.870013 0.366961807 0.115053490 0.624080777 0.002607019 -0.070769943 0.005574550 0.997473717
1341846340.901955 0.372303993 0.112547003 0.620863259 0.003310196 -0.071770556 0.005834348 0.997398615
1341846340.933918 0.372418493 0.110459834 0.619870245 0.004440775 -0.072554946 0.009837747 0.997305989
1341846340.970122 0.371563852 0.110587224 0.615234733 0.004987965 -0.075143784 0.014956742 0.997048080
1341846341.001922 0.374927372 0.107411616 0.615087032 0.005528240 -0.079776585 0.020444412 0.996587813
1341846341.037923 0.371176600 0.109808005 0.609832525 0.007124390 -0.080870740 0.021657057 0.996463835
1341846341.070300 0.366744906 0.106856026 0.601184964 0.007021529 -0.080575407 0.022066079 0.996479511
1341846341.102028 0.365128577 0.108303525 0.599951267 0.007240955 -0.081839055 0.022381652 0.996367931
1341846341.137982 0.370185912 0.108193636 0.599710703 0.007459834 -0.084630094 0.022398055 0.996132731
1341846341.170048 0.368630737 0.107010543 0.596987545 0.007811096 -0.084531985 0.023811001 0.996105611
1341846341.202110 0.369969934 0.105167329 0.594965875 0.009010680 -0.085102379 0.025445187 0.996006548
1341846341.237996 0.374266744 0.105904855 0.593444765 0.010773634 -0.085407108 0.026044650 0.995947421
1341846341.269883 0.375867277 0.108610004 0.592216253 0.012269540 -0.085449062 0.026697790 0.995909214
1341846341.306107 0.374987662 0.105393559 0.588366866 0.012262914 -0.085975699 0.025555311 0.995893955
1341846341.338109 0.368587852 0.111635327 0.583528399 0.014872166 -0.083954997 0.022319771 0.996108592
1341846341.370120 0.368723541 0.108466305 0.583849669 0.014895983 -0.082915269 0.021070378 0.996222496
1341846341.406074 0.363294423 0.103825793 0.582330406 0.013948350 -0.081831597 0.020846076 0.996330559
1341846341.438113 0.364248872 0.104533374 0.581820726 0.015730865 -0.083861090 0.021246383 0.996126771
1341846341.470024 0.366753161 0.103609368 0.582734287 0.018473808 -0.084084488 0.018694269 0.996112049
1341846341.506077 0.362157792 0.108042784 0.577226043 0.018589517 -0.082519300 0.017592674 0.996260762
1341846341.538156 0.357944518 0.105170213 0.578033745 0.017397687 -0.084018618 0.018387500 0.996142626
1341846341.574016 0.357817739 0.112897523 0.576221287 0.019975480 -0.085786432 0.018866820 0.995934665
1341846341.612466 0.362853855 0.112417571 0.575731218 0.019975940 -0.087514356 0.018895512 0.995783746
1341846341.643972 0.362165898 0.110264309 0.577026367 0.018601209 -0.089282870 0.017564930 0.995677710
1341846341.679982 0.363149524 0.113337606 0.578714311 0.019056089 -0.091177009 0.018914659 0.995472670
1341846341.712332 0.363141686 0.114993237 0.575596511 0.019841602 -0.093449302 0.021953296 0.995184183
1341846341.744185 0.365624905 0.116654426 0.575215578 0.020788932 -0.095744938 0.023406554 0.994913518
1341846341.780061 0.364303529 0.114277676 0.573936403 0.020160079 -0.096213646 0.025186367 0.994837761
1341846341.842595 0.366725087 0.113008432 0.568450689 0.022421286 -0.096676081 0.030101324 0.994607925
1341846341.906227 0.373089552 0.117291361 0.566786826 0.027020110 -0.098353110 0.034609880 0.994182467
1341846341.942069 0.368119687 0.112919375 0.558802187 0.029594677 -0.096967541 0.037125815 0.994154513
1341846341.974775 0.373668581 0.109519996 0.555659711 0.031757366 -0.097864754 0.039340749 0.993914664
1341846342.010161 0.376014978 0.108672261 0.554281473 0.032016341 -0.099716507 0.041736938 0.993624568
1341846342.042024 0.386736065 0.107160136 0.557043433 0.033982262 -0.101876684 0.041689750 0.993341982
1341846342.080032 0.393979460 0.102539636 0.552547932 0.034769125 -0.100445285 0.041500732 0.993468463
1341846342.112265 0.400518626 0.096973807 0.552452743 0.034127135 -0.101344794 0.044151001 0.993285120
1341846342.147954 0.407769084 0.096145868 0.554798484 0.036616854 -0.103767142 0.046490401 0.992839515
1341846342.179852 0.413491488 0.101539798 0.552653313 0.040322118 -0.103887610 0.047785010 0.992621899
1341846342.211848 0.415065676 0.101620093 0.549477756 0.040730316 -0.103228711 0.047186714 0.992702544
1341846342.247920 0.421773136 0.099554472 0.549001038 0.041919805 -0.104132980 0.046059716 0.992611468
1341846342.279870 0.424001932 0.096900478 0.549322009 0.042891145 -0.104138732 0.046595119 0.992544413
1341846342.316068 0.426702857 0.096269511 0.549380779 0.043859348 -0.104387924 0.047575947 0.992429376
1341846342.347894 0.426075011 0.098818108 0.550327122 0.044465266 -0.104042977 0.047709223 0.992432237
1341846342.379953 0.420959294 0.096103407 0.546921313 0.044058416 -0.102002911 0.047850266 0.992655396
1341846342.416195 0.421895951 0.094299518 0.549897671 0.044075556 -0.102336571 0.049994200 0.992514551
