1341846313.592026 0.000000000 0.000000000 0.000000000 -0.000000000 -0.000000000 -0.000000000 1.000000000
1341846313.654184 0.011576294 -0.005301346 -0.003231270 -0.001923101 -0.003998727 0.005678277 0.999974072
1341846313.686156 0.015939398 -0.001672239 -0.003065328 -0.000304026 -0.005657732 0.004966779 0.999971628
1341846313.721918 0.017117269 -0.000248104 -0.004692500 -0.000360856 -0.005902932 0.005475489 0.999967515
1341846313.753994 0.021501744 0.002505028 -0.002309902 -0.000145891 -0.006367369 0.006573017 0.999958158
1341846313.789969 0.020911992 0.005848276 -0.000710231 0.001606607 -0.005924176 0.004668100 0.999970257
1341846313.822075 0.011043427 0.005692942 -0.003702000 0.001052871 -0.001818931 0.003364060 0.999992132
1341846313.853928 0.005849183 0.008748910 0.000693264 0.001040738 0.002342903 0.001780405 0.999995172
1341846313.890011 -0.012522684 0.010092317 -0.008578705 0.001151972 0.008373781 0.001378826 0.999963343
1341846313.922055 -0.028448710 0.010124271 -0.009829943 -0.001247180 0.012373337 0.001984380 0.999920726
1341846313.957927 -0.054057978 0.017776033 -0.010284553 -0.001938103 0.022985980 0.000692588 0.999733686
1341846313.990058 -0.072077125 0.013246200 -0.007676856 -0.004013882 0.032651782 0.002503853 0.999455631
1341846314.022042 -0.090090826 0.005388310 -0.006850119 -0.008059907 0.037632670 0.006250237 0.999239624
1341846314.057816 -0.103058033 0.013261168 0.003341570 -0.009630411 0.043511122 0.006958661 0.998982370
1341846314.089801 -0.122222424 0.013940294 0.010579715 -0.008648797 0.053784307 0.005669841 0.998499036
1341846314.122037 -0.145472497 0.009155424 0.007960105 -0.011352791 0.062095378 0.008119940 0.997972608
1341846314.157989 -0.158020735 0.013500979 0.015282735 -0.012032933 0.068604350 0.010014501 0.997521102
1341846314.190094 -0.174425840 0.016251530 0.013849045 -0.011422015 0.076043382 0.010575624 0.996982992
1341846314.225969 -0.192970678 0.013598454 0.010230577 -0.014625682 0.082016841 0.015412720 0.996404469
1341846314.257923 -0.190922379 0.021250524 0.019377440 -0.014559339 0.084366508 0.015650401 0.996205509
1341846314.290052 -0.199266165 0.026943646 0.019238090 -0.012378193 0.087966576 0.013939438 0.995949030
1341846314.325981 -0.210353673 0.023709645 0.018926552 -0.014385086 0.092065349 0.011808219 0.995579064
1341846314.357905 -0.207963258 0.033785380 0.025234390 -0.012964759 0.095756203 0.010138412 0.995268762
1341846314.389899 -0.205229804 0.034965906 0.028046666 -0.011253265 0.098651767 0.010033528 0.995007873
1341846314.427905 -0.227215365 0.038249493 0.020192934 -0.011479218 0.105308101 0.007979236 0.994341373
1341846314.493987 -0.233318567 0.045137882 0.014827077 -0.008717438 0.117608398 -0.000321512 0.993021786
1341846314.526085 -0.241159946 0.049774453 0.009722403 -0.008374450 0.121967107 -0.003255176 0.992493510
1341846314.558292 -0.247050628 0.047747556 0.018148724 -0.009615705 0.126801223 -0.003167029 0.991876483
1341846314.594085 -0.252139658 0.044870175 0.015330930 -0.008243407 0.133111253 -0.002283838 0.991064250
1341846314.626096 -0.253426731 0.040804155 0.012994412 -0.009077267 0.138039231 -0.000543184 0.990385056
1341846314.658455 -0.240589157 0.046420947 0.014413125 -0.010163870 0.138756111 -0.002639580 0.990270913
1341846314.694004 -0.279321581 0.053649642 0.021753795 -0.008540023 0.150459498 -0.005221184 0.988565505
1341846314.725910 -0.280512393 0.052367847 0.013517050 -0.003503605 0.152926549 -0.000298536 0.988231361
1341846314.761942 -0.282043546 0.056032620 0.010248414 0.001046870 0.154018134 0.004320647 0.988058090
1341846314.794030 -0.302503735 0.060683127 0.023734545 0.004931745 0.161967054 0.003505235 0.986777663
1341846314.826092 -0.311933368 0.061819825 0.012653369 0.007122674 0.167902201 0.004259643 0.985768795
1341846314.862145 -0.302616656 0.063572377 0.011572639 0.007408550 0.171039239 0.005742391 0.985219657
1341846314.894072 -0.326840162 0.072797284 0.009825605 0.009095199 0.180121005 0.006379787 0.983581722
1341846314.925969 -0.336945534 0.075953677 -0.000117840 0.010115761 0.184252024 0.009089307 0.982785046
1341846314.961937 -0.361369431 0.066086493 -0.008247456 0.004767550 0.189355433 0.015438657 0.981775701
1341846314.994564 -0.357382417 0.066436112 0.003066213 0.001901186 0.190985903 0.015638990 0.981466353
1341846315.029900 -0.374236852 0.073614821 0.002643624 0.003304066 0.198933259 0.012771847 0.979924262
1341846315.061965 -0.367465883 0.070682913 -0.003904087 0.002641341 0.199814722 0.015891656 0.979701281
1341846315.094388 -0.380651236 0.080895051 0.004280855 0.004711072 0.201797023 0.017833058 0.979253709
1341846315.129851 -0.396279097 0.090016656 0.004131866 0.008041972 0.205833912 0.016961338 0.978406966
1341846315.161941 -0.403321773 0.070867315 -0.005561512 0.001072928 0.206738338 0.021980545 0.978148758
1341846315.197984 -0.401431262 0.090051726 -0.003138223 -0.001806722 0.204483613 0.017885474 0.978704929
1341846315.230076 -0.409646422 0.097222172 -0.004216297 -0.003953792 0.205774426 0.014536596 0.978483498
1341846315.262069 -0.414981902 0.090583287 -0.005615054 -0.007849446 0.204831526 0.017375864 0.978611529
1341846315.298000 -0.427646846 0.105509266 -0.002881035 -0.006270518 0.204301611 0.019691389 0.978689849
1341846315.329931 -0.438592255 0.124965698 -0.002158552 0.001537832 0.205552980 0.019970190 0.978441000
1341846315.361981 -0.448203236 0.125983998 -0.003464745 0.006849787 0.206916451 0.021955300 0.978088319
1341846315.397962 -0.449787527 0.136297226 0.000963949 0.011947493 0.207874015 0.024033267 0.977787375
1341846315.429923 -0.463904768 0.145274416 0.003704138 0.016099261 0.212664470 0.024822922 0.976677299
1341846315.466047 -0.494954944 0.143845230 0.006755870 0.016882977 0.222825214 0.027995560 0.974310100
1341846315.497883 -0.477267206 0.135687560 0.004305925 0.014738974 0.222382620 0.031074043 0.974352658
1341846315.530008 -0.477293521 0.137223870 0.011161436 0.015462469 0.224899411 0.031209208 0.973759353
1341846315.566108 -0.499129027 0.140466884 0.017656147 0.015493474 0.230618745 0.032657858 0.972372651
1341846315.597986 -0.509069562 0.154735729 0.024219129 0.017898086 0.234005138 0.030354364 0.971596599
1341846315.630109 -0.496218026 0.150150150 0.024086507 0.016856119 0.233270377 0.028758086 0.971840441
1341846315.666042 -0.492869169 0.138960406 0.010127557 0.013526155 0.233638436 0.029618951 0.971778214
1341846315.698114 -0.533736169 0.140620723 0.027115934 0.008096100 0.245104045 0.029433277 0.969016135
1341846315.733985 -0.545300424 0.154146835 0.034487549 0.009175888 0.249291450 0.029581955 0.967933118
1341846315.766041 -0.503658354 0.122488819 0.021479324 0.003870700 0.239429265 0.032919526 0.970347941
1341846315.798188 -0.476285934 0.130137712 0.016460432 0.004260767 0.234211668 0.031505816 0.971665680
1341846315.834140 -0.498339355 0.135646582 0.034802333 0.006384422 0.240892872 0.029707858 0.970075965
1341846315.866751 -0.499295294 0.135353908 0.038575195 0.008573626 0.242009193 0.027967023 0.969832897
1341846315.898492 -0.475424767 0.137363046 0.023398923 0.010451623 0.237494022 0.029591478 0.970881999
1341846315.936901 -0.464517832 0.133342057 0.014458672 0.012468833 0.236511841 0.026663695 0.971182704
1341846315.966572 -0.475432664 0.133201689 0.025202267 0.015843404 0.239560306 0.025209861 0.970424831
1341846316.034204 -0.465926051 0.142123789 0.011637647 0.020977711 0.235506818 0.024600396 0.971334815
1341846316.066113 -0.452867419 0.137463674 0.005910661 0.022670500 0.232005373 0.024131462 0.972150862
1341846316.101867 -0.414116263 0.102448784 0.011313155 0.016856140 0.223660722 0.027101139 0.974144399
1341846316.134066 -0.408062309 0.101110160 0.013313237 0.015222658 0.218611300 0.025662644 0.975355744
1341846316.202049 -0.389289051 0.096407980 0.010619504 0.014698592 0.209002718 0.021673817 0.977564394
1341846316.233979 -0.379807770 0.093233459 0.009435392 0.013960085 0.205689281 0.018819731 0.978336811
1341846316.270052 -0.364864826 0.089412428 0.011522770 0.011886267 0.203675538 0.016543096 0.978826523
1341846316.301915 -0.364983112 0.091310181 0.014665393 0.012375292 0.204135209 0.013476409 0.978771746
1341846316.334208 -0.357445151 0.086118631 0.014016513 0.013061102 0.200570315 0.016315274 0.979456425
1341846316.370006 -0.357278824 0.086478055 0.013160031 0.015423564 0.198768348 0.016435325 0.979787290
1341846316.401994 -0.349500000 0.081483983 0.008173110 0.016328255 0.195531562 0.019157805 0.980374336
1341846316.438069 -0.339396626 0.079712331 0.012254585 0.019009039 0.192741305 0.020997090 0.980840802
1341846316.470076 -0.349026531 0.085654438 0.002172833 0.025598545 0.192137793 0.024933385 0.980717182
1341846316.502034 -0.319180012 0.075658076 -0.005593450 0.024165044 0.182775453 0.025161183 0.982535601
1341846316.537975 -0.291352093 0.062193453 0.004835107 0.018718196 0.174986511 0.022139339 0.984143913
1341846316.570121 -0.266633034 0.063617714 0.016732581 0.019123146 0.170012891 0.019678606 0.985059738
1341846316.601885 -0.268851191 0.059658892 0.021763587 0.020475285 0.168773025 0.017975733 0.985278308
1341846316.638009 -0.240703270 0.046209123 0.028363183 0.020195980 0.161845312 0.017928973 0.986446559
1341846316.669925 -0.244099259 0.044840496 0.029682724 0.022678545 0.160571888 0.018948399 0.986581624
1341846316.705941 -0.254741013 0.050942630 0.024317458 0.028823402 0.161094442 0.021324370 0.986287534
1341846316.738062 -0.252257556 0.064498074 0.001006210 0.033104703 0.157916769 0.024177132 0.986601174
1341846316.770433 -0.233392507 0.060697515 0.004543496 0.030764187 0.152668938 0.023836859 0.987510860
1341846316.805932 -0.214928150 0.061472446 0.008645625 0.032204162 0.148772284 0.022122560 0.988099396
1341846316.838029 -0.204528242 0.054844055 0.010538411 0.032495804 0.144267932 0.024554972 0.988700151
1341846316.870034 -0.190980285 0.052365117 0.016650837 0.033340223 0.137335390 0.026594818 0.989606082
1341846316.906344 -0.193756789 0.045621682 0.012118335 0.032615073 0.133963168 0.024981953 0.990134358
1341846316.937940 -0.186129406 0.038715113 0.012259553 0.030613234 0.130343527 0.021766482 0.990757167
1341846316.973994 -0.174320102 0.030843196 0.015101886 0.028539374 0.125221804 0.022832535 0.991455376
1341846317.005913 -0.172600850 0.026580157 0.014930273 0.026654676 0.121454947 0.025981830 0.991898835
1341846317.037936 -0.163737848 0.027060619 0.017553642 0.028062426 0.116467483 0.026366437 0.992447853
1341846317.073972 -0.160274982 0.044604592 0.010611081 0.032145780 0.113010734 0.024595218 0.992769003
1341846317.106113 -0.163759887 0.046146598 0.007068361 0.035548937 0.110126682 0.029439563 0.992845297
1341846317.137887 -0.130986065 0.026751352 0.013173952 0.034580812 0.097209401 0.033194926 0.994108975
1341846317.173970 -0.131261617 0.026674477 0.009397130 0.035213083 0.089513332 0.035061877 0.994745255
1341846317.205887 -0.138111457 0.032689832 0.004311310 0.036472026 0.087027110 0.037562292 0.994829237
1341846317.248131 -0.123856254 0.022824651 0.007195713 0.036720209 0.080401190 0.040512823 0.995261788
1341846317.306289 -0.143315822 0.028543653 -0.001863013 0.039428838 0.074718811 0.044112753 0.995447874
1341846317.348137 -0.114489645 0.025061289 0.007092528 0.039979722 0.071148552 0.045313999 0.995633543
1341846317.410120 -0.125783816 0.029687604 -0.006189489 0.042535257 0.069280833 0.050745837 0.995397329
1341846317.442569 -0.125576973 0.034625132 -0.009952464 0.047149457 0.068482891 0.053563580 0.995097041
1341846317.474010 -0.117889136 0.031638093 -0.009934662 0.052395515 0.066159561 0.057194173 0.994789720
1341846317.509927 -0.073468022 0.000363884 0.007565617 0.047478739 0.056785136 0.061588351 0.995353281
1341846317.542282 -0.067558251 0.002331191 0.003567229 0.046797488 0.051784597 0.062801689 0.995582461
1341846317.573943 -0.074144192 0.007945545 0.008084374 0.048742458 0.053220674 0.062824927 0.995411932
1341846317.610159 -0.073814452 0.007943889 -0.001155616 0.051280227 0.053538308 0.064263493 0.995175481
1341846317.643553 -0.064320408 0.006718468 -0.009388632 0.052536037 0.049173281 0.066608533 0.995181024
1341846317.677993 -0.061121698 0.012929113 -0.013382180 0.055007648 0.043847665 0.068480305 0.995169342
1341846317.709996 -0.052414440 0.002642143 -0.007451016 0.055228885 0.039442286 0.070200779 0.995221555
1341846317.741834 -0.032848530 -0.000603706 -0.013121771 0.053225286 0.033348043 0.068981372 0.995638788
1341846317.777923 -0.021167547 -0.002521898 -0.008455794 0.051141370 0.028364452 0.067295186 0.996017814
1341846317.810021 -0.030055428 -0.005741379 -0.009347405 0.051010426 0.027752260 0.068248220 0.995976865
1341846317.841886 -0.013721433 -0.019649696 -0.005671096 0.045883626 0.023304628 0.064719141 0.996575654
1341846317.878017 -0.007455857 -0.010797709 -0.006281324 0.046156097 0.020805338 0.060632996 0.996875346
1341846317.909910 0.008367329 -0.012096411 0.003129252 0.045383573 0.018370418 0.056110960 0.997223377
1341846317.946031 0.012635594 -0.010633160 0.000660521 0.046756495 0.016688593 0.056236204 0.997182429
1341846317.978041 0.040889628 -0.023086961 0.020736050 0.046321906 0.009555121 0.056360889 0.997289598
1341846318.009897 0.023444796 -0.011788785 0.002923307 0.051005747 0.011861777 0.055022519 0.997110963
1341846318.045949 0.042240527 -0.020766545 0.006684044 0.048753332 0.008146609 0.054158926 0.997308195
1341846318.078074 0.049152568 -0.022208320 0.006262695 0.047731277 0.003747792 0.053700648 0.997408628
1341846318.109894 0.080964044 -0.031409748 0.017936531 0.045338038 -0.007305528 0.048849840 0.997749925
1341846318.145957 0.059167814 -0.023743013 0.006899477 0.046477787 -0.006184715 0.048593987 0.997717500
1341846318.178001 0.061843794 -0.017916532 0.010882553 0.047252495 -0.007394206 0.046260335 0.997783899
1341846318.214074 0.086181507 -0.020763671 0.011479924 0.047472887 -0.016336942 0.044694256 0.997738361
1341846318.245970 0.084999867 -0.011454802 0.016198820 0.053108446 -0.022410154 0.045646597 0.997293174
1341846318.278018 0.105183981 -0.019586291 0.014405970 0.054520432 -0.032336663 0.045327336 0.996959031
1341846318.313937 0.122940682 -0.030267278 0.020320062 0.053551745 -0.043737192 0.044267941 0.996624112
1341846318.345989 0.117147006 -0.018811019 0.024960713 0.057936776 -0.052831307 0.045234770 0.995894611
1341846318.382046 0.122163780 -0.025719117 0.029120158 0.058438744 -0.062051896 0.045061495 0.995341182
1341846318.414072 0.145501137 -0.009683319 0.008790794 0.063208677 -0.073953591 0.042999219 0.994327188
1341846318.446035 0.164695084 -0.000233235 0.004148284 0.067192495 -0.084145524 0.043718684 0.993223727
1341846318.482196 0.153337970 -0.020531394 0.013992533 0.064075842 -0.085510060 0.041915037 0.993390858
1341846318.514144 0.160118461 -0.024337828 0.017297352 0.063343354 -0.089052573 0.042283300 0.993111014
1341846318.546259 0.166916281 -0.022971986 0.020909010 0.065443240 -0.092447147 0.042599604 0.992650986
1341846318.582042 0.168109626 -0.021584269 0.014274407 0.066533521 -0.093584284 0.042802557 0.992463231
1341846318.614115 0.174702793 -0.024905683 0.013178973 0.065685667 -0.096427388 0.045122735 0.992144704
1341846318.650038 0.177120373 -0.027457288 0.009354773 0.065132618 -0.098798007 0.043240011 0.992031813
1341846318.682350 0.193733066 -0.022490602 0.006444671 0.065328129 -0.103912666 0.039629657 0.991647124
1341846318.714063 0.188286662 -0.020924553 0.001501927 0.065769702 -0.105034776 0.042890560 0.991363943
1341846318.749905 0.186376631 -0.013911076 -0.011924054 0.068547316 -0.105873428 0.046511956 0.990923226
1341846318.782036 0.204290107 -0.011443834 -0.014032830 0.070279390 -0.111521736 0.049613871 0.990031421
1341846318.814121 0.212025195 -0.008560379 -0.014129191 0.070543960 -0.120036498 0.046159245 0.989183545
1341846318.850072 0.203670159 -0.005892589 -0.020509578 0.072321221 -0.125438780 0.045177229 0.988429964
1341846318.883516 0.197500840 0.015484242 -0.043617837 0.080080807 -0.132541701 0.048003729 0.986770213
1341846318.918047 0.184433952 0.018073447 -0.051614292 0.083265841 -0.143740982 0.047040064 0.984983623
1341846318.950044 0.198923349 0.027202807 -0.058928061 0.087527379 -0.157263234 0.045772091 0.982604802
1341846318.982028 0.200028837 0.029962026 -0.065394804 0.089560695 -0.161941007 0.043995019 0.981742620
1341846319.018123 0.208756968 0.033388022 -0.070076838 0.089898758 -0.171597153 0.044290345 0.980056643
1341846319.050745 0.202701390 0.031114459 -0.063389279 0.091813177 -0.176490873 0.042621255 0.979083657
1341846319.081905 0.195595875 0.031213846 -0.059070081 0.097128272 -0.175120965 0.042604316 0.978817463
1341846319.117976 0.185989365 0.044043474 -0.084134772 0.101333819 -0.175033212 0.053414274 0.977876186
1341846319.150093 0.202647373 0.037755959 -0.080661453 0.101380125 -0.182946265 0.058361754 0.976138651
1341846319.186069 0.182485789 0.037046310 -0.090840906 0.101405233 -0.180106431 0.058136899 0.976677418
1341846319.218149 0.150156617 0.034248196 -0.105163559 0.096271873 -0.170876414 0.053503335 0.979117155
1341846319.250034 0.101558946 0.027403269 -0.097807854 0.090340607 -0.158608586 0.053482581 0.981744170
1341846319.286594 0.060455330 0.022591922 -0.089639463 0.088645786 -0.151052251 0.053961959 0.983063221
1341846319.318034 0.021853317 0.019436490 -0.091930129 0.089457564 -0.145507380 0.058324803 0.983576715
1341846319.350268 -0.013755588 0.014550321 -0.094160601 0.089380115 -0.140849203 0.065159865 0.983832777
1341846319.386163 -0.043322220 0.014126252 -0.100624889 0.091278590 -0.141935065 0.073488630 0.982915103
1341846319.418386 -0.048107609 0.024793047 -0.108200289 0.093636155 -0.146588027 0.075197861 0.981880605
1341846319.453961 -0.043044262 0.030025890 -0.108332142 0.094893150 -0.149961755 0.072452515 0.981456757
1341846319.486271 -0.062859185 0.030408664 -0.111140303 0.094182119 -0.148502871 0.072239138 0.981762767
1341846319.554083 -0.072235562 0.022641551 -0.112768590 0.087780550 -0.155085444 0.073106900 0.981273949
1341846319.586296 -0.098558098 0.019491585 -0.123282656 0.088007234 -0.151298195 0.069944605 0.982075036
1341846319.622031 -0.114394709 0.015457073 -0.137666300 0.085827835 -0.153033122 0.069429040 0.982035697
1341846319.653962 -0.115522809 0.011157825 -0.120839059 0.085183576 -0.159079939 0.067459509 0.981267869
1341846319.686352 -0.131242335 0.006041530 -0.127994820 0.086355954 -0.161146641 0.069277361 0.980701327
1341846319.721992 -0.141403362 0.011926498 -0.131572157 0.087939262 -0.164130703 0.070809759 0.979956031
1341846319.754063 -0.150794506 0.030153699 -0.142562285 0.087028354 -0.165764987 0.070894532 0.979756117
1341846319.786397 -0.160417512 0.028424794 -0.136922836 0.082309082 -0.165080056 0.073567741 0.980082452
1341846319.822008 -0.164900824 0.029882548 -0.137730196 0.079047479 -0.165906489 0.078436479 0.979833782
1341846319.853917 -0.168720484 0.031978719 -0.137927756 0.074136771 -0.166980475 0.081822850 0.979758322
1341846319.889942 -0.188460305 0.017354710 -0.126400635 0.069785185 -0.165275246 0.086285427 0.979984164
1341846319.922039 -0.210241526 0.010909934 -0.125417277 0.069130570 -0.166980371 0.088276193 0.979564130
1341846319.953946 -0.188856214 0.003895216 -0.120186485 0.069016024 -0.176200077 0.085053854 0.978241444
1341846319.990054 -0.191147357 0.010747453 -0.116069302 0.073141448 -0.178846836 0.078195512 0.978033602
1341846320.028122 -0.207585111 0.009225601 -0.123724960 0.075262427 -0.179934680 0.076410890 0.977814138
1341846320.090047 -0.164636105 0.024538627 -0.115214147 0.081871770 -0.192904934 0.077342920 0.974732161
1341846320.122011 -0.156813115 0.025516048 -0.117388040 0.082322314 -0.191487521 0.077387296 0.974970222
1341846320.157952 -0.152122587 0.027586941 -0.115471356 0.082827762 -0.188717410 0.077264667 0.975477099
1341846320.190003 -0.121087581 0.009200436 -0.108177073 0.083034180 -0.188657328 0.075022973 0.975646138
1341846320.221941 -0.112190478 0.012984704 -0.104648732 0.087334856 -0.186070651 0.076140016 0.975680828
1341846320.258015 -0.101243228 0.006496956 -0.109152988 0.090382531 -0.185707092 0.078326605 0.975299358
1341846320.289887 -0.088388316 0.006313441 -0.106850639 0.095773011 -0.187705472 0.078232750 0.974409521
1341846320.321954 -0.035493568 -0.001604883 -0.101494953 0.102204718 -0.195126593 0.079852439 0.972164333
1341846320.357890 -0.019675463 0.010501172 -0.095156461 0.109170832 -0.195665136 0.079309046 0.971342862
1341846320.390064 0.013340220 0.006006053 -0.098060802 0.109433971 -0.195280746 0.078777663 0.971433818
1341846320.426544 0.061533809 0.004213139 -0.087314829 0.111551747 -0.193499118 0.074031964 0.971922636
1341846320.458122 0.116210915 0.000340894 -0.095118389 0.111071900 -0.191984013 0.071626864 0.972458124
1341846320.490186 0.182067722 0.004456044 -0.081662901 0.114105426 -0.192542270 0.068643399 0.972211659
1341846320.525911 0.233826414 0.013128475 -0.070736691 0.118322417 -0.190436244 0.066376984 0.972279787
1341846320.558091 0.280857265 0.023213739 -0.069712996 0.120590985 -0.190215409 0.060060326 0.972455025
1341846320.594093 0.342245877 0.032361373 -0.046483230 0.123134516 -0.191455126 0.052386478 0.972336650
1341846320.631955 0.384700626 0.045072667 -0.015486153 0.128312886 -0.188718438 0.050166409 0.972319126
1341846320.664916 0.435177803 0.057207912 0.013666483 0.130252555 -0.193098828 0.049642868 0.971227407
1341846320.699927 0.481681734 0.061776828 0.035917222 0.131215334 -0.195259869 0.046346098 0.970828593
1341846320.731822 0.523663342 0.065963686 0.052436490 0.133837640 -0.193435252 0.044408195 0.970926523
1341846320.763877 0.551166296 0.078926712 0.079405941 0.133345038 -0.195997953 0.046552643 0.970379710
1341846320.799999 0.589798868 0.078736179 0.092574432 0.127945393 -0.201855451 0.039204378 0.970230579
1341846320.831871 0.617489159 0.074253574 0.111193627 0.129605740 -0.195372626 0.032405064 0.971587300
1341846320.863887 0.642130017 0.094283663 0.098040059 0.131212905 -0.187464684 0.032274704 0.972932935
1341846320.900014 0.674530923 0.081142023 0.128809258 0.123288676 -0.197339833 0.035859190 0.971890450
1341846320.931889 0.706546545 0.067960538 0.146875590 0.123184912 -0.198463902 0.030626893 0.971853673
1341846320.967866 0.727547765 0.087149031 0.123441890 0.123668261 -0.195825905 0.030486165 0.972331703
1341846321.000017 0.756228387 0.092208236 0.148201540 0.119626895 -0.199981257 0.030268781 0.971998334
1341846321.031860 0.776054382 0.080099612 0.169234574 0.116774753 -0.200449467 0.023781400 0.972429037
1341846321.068047 0.817571223 0.085707083 0.180491939 0.117760710 -0.202729777 0.022412175 0.971869707
1341846321.099840 0.857960045 0.095774688 0.201272070 0.117085941 -0.207525089 0.025483286 0.970862925
1341846321.131821 0.903670013 0.087614641 0.222887218 0.116939105 -0.211518601 0.025717206 0.970012248
1341846321.167887 0.938976347 0.094781630 0.241626307 0.120619565 -0.212289184 0.026460078 0.969373047
1341846321.200042 0.978551686 0.105955452 0.271689564 0.122470364 -0.216061920 0.028838929 0.968238890
1341846321.231950 1.015275598 0.114071041 0.289125472 0.124137990 -0.220182851 0.027369626 0.967140257
1341846321.267939 1.054879069 0.117904052 0.295747906 0.125519872 -0.222173139 0.021584852 0.966652989
1341846321.299948 1.043883562 0.116271824 0.303163499 0.125840038 -0.215550914 0.014666675 0.968239129
1341846321.331858 1.062498450 0.122888729 0.320941478 0.128437459 -0.215729818 0.012206500 0.967892289
1341846321.367913 1.095493913 0.108748071 0.336238444 0.129136309 -0.216843292 0.006639379 0.967604637
1341846321.399897 1.128994107 0.126553461 0.358294070 0.133747980 -0.216337308 0.007411913 0.967085719
1341846321.435994 1.096135139 0.120179236 0.351767123 0.135017216 -0.207289740 0.006079264 0.968898535
1341846321.467946 1.119410157 0.127129734 0.367620945 0.137847871 -0.207786486 0.007754446 0.968381464
1341846321.499882 1.119546175 0.118619852 0.357933462 0.138172075 -0.203529045 0.005134507 0.969256461
1341846321.536109 1.167923212 0.119497590 0.367813438 0.138320252 -0.203692392 0.001398357 0.969213605
1341846321.568960 1.155012965 0.147141486 0.386370391 0.139878824 -0.196187243 -0.000507862 0.970538139
1341846321.603938 1.153607011 0.140104234 0.392625660 0.136734381 -0.193448216 -0.002001402 0.971533656
1341846321.637163 1.178868771 0.125378877 0.403134584 0.132674947 -0.191653267 -0.003921709 0.972445905
1341846321.668306 1.120096087 0.150796235 0.421207994 0.132346362 -0.175746366 -0.002145535 0.975496352
1341846321.704411 1.115309000 0.152088434 0.427805871 0.128512383 -0.175780490 0.005632283 0.975988746
1341846321.736861 1.115637541 0.159601212 0.424319535 0.127018496 -0.176706955 0.012286263 0.975955963
1341846321.771881 1.140967846 0.164678156 0.436657101 0.122856230 -0.179513335 0.017076235 0.975904644
1341846321.804114 1.146553755 0.167249858 0.447248250 0.119672976 -0.177625880 0.018370923 0.976621747
1341846321.836152 1.132104874 0.179525375 0.445188731 0.118405588 -0.172720209 0.016328216 0.977691829
1341846321.871882 1.130061865 0.194894522 0.449391127 0.115390666 -0.170907676 0.011647393 0.978437483
1341846321.904074 1.135395169 0.185909539 0.452124953 0.109050512 -0.169645876 0.007173108 0.979426801
1341846321.939847 1.146156311 0.182925746 0.461670488 0.106046259 -0.168179139 0.004257448 0.980026484
1341846322.004094 1.140059590 0.177029774 0.460159808 0.098819636 -0.169577852 0.003215845 0.980544686
1341846322.066178 1.157940865 0.163606703 0.473546505 0.093350433 -0.166538760 -0.000215235 0.981606126
1341846322.107979 1.155424356 0.146214306 0.472121388 0.090163842 -0.164443716 -0.001822672 0.982255340
1341846322.166164 1.163242817 0.112242058 0.473106474 0.090117276 -0.166261092 -0.000134457 0.981955290
1341846322.202932 1.175246358 0.111620307 0.470407814 0.091311239 -0.170073986 0.000623950 0.981191456
1341846322.234093 1.175513148 0.098458707 0.467211515 0.088957526 -0.171060130 -0.001233559 0.981235743
1341846322.265941 1.168471098 0.088811867 0.464274377 0.086320356 -0.172845796 -0.001442868 0.981158078
1341846322.301996 1.179688334 0.067922711 0.469018519 0.082158700 -0.176043093 -0.000846438 0.980947554
1341846322.333949 1.188045502 0.043059669 0.454852939 0.078019969 -0.178953215 0.000196460 0.980759203
1341846322.369871 1.202762961 0.024883348 0.471132159 0.078045353 -0.186335698 -0.001499196 0.979380310
1341846322.402292 1.223996758 0.008765131 0.479510814 0.080482185 -0.187517554 -0.007899505 0.978926659
1341846322.433955 1.196314812 -0.037017599 0.463245839 0.080572620 -0.182420194 -0.010422213 0.979858339
1341846322.470030 1.192772150 -0.036584985 0.466258079 0.088878341 -0.186350733 -0.004602740 0.978444159
1341846322.502433 1.204677582 -0.056416005 0.466934144 0.092808314 -0.190809295 -0.000424266 0.977229893
1341846322.534002 1.207568169 -0.095840335 0.470631421 0.095676370 -0.191233367 0.001984440 0.976868451
1341846322.570196 1.215098143 -0.097598538 0.466317087 0.105520427 -0.192884147 0.007308845 0.975503862
1341846322.601920 1.210784078 -0.101630196 0.464716792 0.110710606 -0.195629269 0.013176195 0.974319637
1341846322.638119 1.224354625 -0.147444040 0.461745173 0.110523418 -0.199611217 0.012558346 0.973541141
1341846322.669947 1.237410426 -0.184616119 0.459124893 0.109922610 -0.197438821 0.011250598 0.974067986
1341846322.702026 1.234563708 -0.167039186 0.456334084 0.116841234 -0.195987761 0.015747169 0.973493218
1341846322.738006 1.228943825 -0.161334351 0.465045542 0.118759140 -0.197895303 0.016694434 0.972859263
1341846322.770087 1.227434158 -0.226321474 0.454679072 0.111060478 -0.195912138 0.015350046 0.974191129
1341846322.806047 1.221431732 -0.228893235 0.455740511 0.115521491 -0.195975691 0.018296981 0.973608553
1341846322.838063 1.229316831 -0.223562241 0.459927946 0.118194751 -0.202068344 0.021011088 0.971986115
1341846322.870081 1.247266650 -0.242512196 0.470672220 0.118867546 -0.209515840 0.023275021 0.970274150
1341846322.906018 1.258098602 -0.266116023 0.476683885 0.120694503 -0.212012768 0.023404785 0.969502807
1341846322.938349 1.243420839 -0.230566114 0.476029277 0.125326619 -0.209299386 0.025111921 0.969461918
1341846322.970069 1.230225086 -0.253557324 0.471743762 0.117520526 -0.207476214 0.024636390 0.970842779
1341846323.011820 1.246767402 -0.258775711 0.482494533 0.115881786 -0.209459618 0.026020743 0.970577657
1341846323.073951 1.242320657 -0.259505302 0.485558301 0.112401120 -0.209450424 0.029850693 0.970878720
1341846323.105962 1.236901283 -0.284553707 0.484545559 0.108048551 -0.208506763 0.028763376 0.971608579
1341846323.138158 1.237690449 -0.286025226 0.485461384 0.109630540 -0.208650127 0.024605408 0.971514761
1341846323.174092 1.241394043 -0.285652131 0.484935254 0.107803628 -0.209721074 0.023990126 0.971504033
1341846323.206059 1.245157838 -0.309664518 0.489648670 0.102757417 -0.210367501 0.020457195 0.971991777
1341846323.238053 1.256200194 -0.318421483 0.493515074 0.099261656 -0.208607271 0.019046078 0.972762764
1341846323.273997 1.243853807 -0.302926242 0.487159759 0.098225959 -0.207871661 0.018861834 0.973028958
1341846323.305946 1.244409680 -0.328988463 0.493499577 0.089759871 -0.211805075 0.018120475 0.973012567
1341846323.342027 1.289588690 -0.366709828 0.516531527 0.083945818 -0.215359718 0.016167205 0.972785652
1341846323.374048 1.239599466 -0.369405419 0.496517211 0.084708855 -0.205832019 0.018558044 0.974737525
1341846323.405987 1.211028934 -0.377041340 0.475636870 0.083931841 -0.205993369 0.023461107 0.974664927
1341846323.441956 1.238669157 -0.397754043 0.490600139 0.083108373 -0.213306755 0.024336044 0.973139822
1341846323.473878 1.251776338 -0.435874641 0.488692939 0.082490534 -0.213395551 0.023277592 0.973198831
1341846323.506129 1.256809115 -0.409040779 0.496181875 0.089143910 -0.215097398 0.022164963 0.972262979
1341846323.541972 1.263759017 -0.411048472 0.503785253 0.087712653 -0.215885684 0.019826042 0.972268939
1341846323.573913 1.317000985 -0.456974745 0.526370108 0.082306065 -0.218386233 0.015098804 0.972268105
1341846323.609927 1.269162059 -0.452586770 0.507719636 0.085075989 -0.206003547 0.010433314 0.974790156
1341846323.642014 1.253983617 -0.475629300 0.505784452 0.081062526 -0.203691930 0.011119183 0.975610018
1341846323.674081 1.260475516 -0.483452201 0.507780135 0.080759093 -0.206753299 0.014218215 0.974950731
1341846323.710069 1.270442963 -0.522653222 0.499684900 0.077572070 -0.208647743 0.018507507 0.974733949
1341846323.742111 1.274543643 -0.513925672 0.498844057 0.085195601 -0.211162403 0.020354180 0.973518252
1341846323.774928 1.271402478 -0.504212499 0.497214288 0.090821490 -0.212745488 0.017608372 0.972718298
1341846323.810012 1.253798604 -0.526970148 0.489622951 0.090229355 -0.210866690 0.013273840 0.973251104
1341846323.842207 1.259828568 -0.510132611 0.484129846 0.095322944 -0.210899353 0.010255565 0.972794890
1341846323.878019 1.251930118 -0.551496148 0.483841419 0.091739886 -0.211338654 0.005423981 0.973082900
1341846323.909826 1.275248408 -0.574575186 0.492684364 0.093573578 -0.216625422 0.002817710 0.971755862
1341846323.942459 1.286582232 -0.547705412 0.495199025 0.101116076 -0.218376219 0.006291102 0.970591486
1341846323.978055 1.265175819 -0.572938144 0.497855008 0.099883199 -0.219509497 0.006589518 0.970461488
1341846324.015934 1.255788684 -0.575164139 0.484520197 0.103186503 -0.218195021 0.007626652 0.970404685
1341846324.047722 1.258117676 -0.557931185 0.482217938 0.108493604 -0.216216207 0.007561808 0.970269263
1341846324.083904 1.257037997 -0.542620480 0.485123098 0.109592758 -0.215220228 0.007837643 0.970365047
1341846324.115968 1.272075772 -0.544391453 0.492863953 0.107129827 -0.215828404 0.005470218 0.970521212
1341846324.151967 1.278957844 -0.556599140 0.487789661 0.105230957 -0.213093013 -0.000674047 0.971348226
1341846324.183941 1.268084884 -0.550372958 0.500848413 0.101582035 -0.209360361 -0.004776909 0.972536147
1341846324.219984 1.263956547 -0.566044629 0.500363111 0.094394267 -0.207485750 -0.004958373 0.973660529
1341846324.251968 1.255236387 -0.537886143 0.490015507 0.098977491 -0.205635384 -0.005743663 0.973593652
1341846324.284052 1.239735603 -0.503185630 0.489521503 0.103868961 -0.204648376 -0.006293048 0.973288596
1341846324.319880 1.256863594 -0.499158293 0.488570303 0.101245731 -0.210676074 -0.007102445 0.972272873
1341846324.351917 1.259386182 -0.484353721 0.490126103 0.098630607 -0.214092493 -0.010493815 0.971764505
1341846324.388001 1.269692421 -0.466030598 0.495039672 0.097238556 -0.214706764 -0.014658863 0.971715391
1341846324.419908 1.277068853 -0.460009545 0.494332403 0.092470787 -0.214027211 -0.016976269 0.972292840
1341846324.452027 1.264603615 -0.445059836 0.496183902 0.089973353 -0.212597162 -0.018381258 0.972815216
1341846324.487928 1.258999467 -0.429282129 0.496595740 0.089496568 -0.212279812 -0.016101709 0.972968876
1341846324.519985 1.243665695 -0.424424678 0.486767024 0.086454049 -0.212340876 -0.012529180 0.973283231
1341846324.556001 1.231805921 -0.387462497 0.486048758 0.087402858 -0.215643972 -0.008805414 0.972512662
1341846324.587888 1.236294627 -0.346404672 0.491744578 0.088876955 -0.219260260 -0.007612218 0.971580148
1341846324.620086 1.234191418 -0.324767113 0.488725513 0.089850068 -0.221102282 -0.010181826 0.971049547
1341846324.655955 1.232134700 -0.330552995 0.492377818 0.086059101 -0.221827269 -0.011784030 0.971209347
1341846324.688082 1.238884807 -0.328309834 0.499918044 0.084832557 -0.223255679 -0.009578237 0.971014261
1341846324.755922 1.212739110 -0.265216470 0.490157455 0.089981847 -0.223048136 -0.005559988 0.970629692
1341846324.814016 1.223881125 -0.191891819 0.489478081 0.093919747 -0.228074387 -0.014864297 0.968989313
1341846324.849979 1.220021605 -0.172056913 0.495937824 0.090798959 -0.225724146 -0.017086297 0.969800115
1341846324.881924 1.213220119 -0.159942403 0.497357249 0.089255854 -0.226631805 -0.015020206 0.969765902
1341846324.913902 1.217965603 -0.148417085 0.499263853 0.087904193 -0.228722826 -0.011528364 0.969446182
1341846324.949999 1.210970402 -0.145695955 0.502656758 0.088054433 -0.228071019 -0.008712051 0.969615519
1341846324.981922 1.211293101 -0.135165632 0.500045240 0.091998421 -0.231170014 -0.003533498 0.968547523
1341846325.018013 1.217619061 -0.110879302 0.504045963 0.097828612 -0.237521663 -0.000278063 0.966443479
1341846325.050079 1.204460621 -0.081099711 0.490724057 0.102679349 -0.239539742 -0.001646273 0.965440333
1341846325.081901 1.195947409 -0.050775863 0.491273046 0.105668411 -0.242999226 -0.006123654 0.964234471
1341846325.118531 1.209319115 -0.041733187 0.495201945 0.101677231 -0.245552242 -0.010418540 0.963980019
1341846325.149933 1.204043627 -0.041247055 0.492198586 0.095957570 -0.242483035 -0.012092626 0.965322673
1341846325.181925 1.191728592 -0.035259284 0.493135065 0.092411630 -0.240067929 -0.010077669 0.966295004
1341846325.218055 1.188539743 -0.016174112 0.492267758 0.091030970 -0.239525735 -0.006370975 0.966592133
1341846325.249811 1.196727395 0.012600735 0.498482496 0.092569083 -0.241262600 -0.004007815 0.966026545
1341846325.285925 1.199014068 0.021729462 0.502229512 0.089375183 -0.242119879 -0.000969878 0.966120660
1341846325.317988 1.214744449 0.007004604 0.513900161 0.083917648 -0.241910055 -0.000018372 0.966663003
1341846325.349844 1.197524548 0.009849314 0.512913525 0.088461079 -0.235464141 0.002120854 0.967846513
1341846325.387302 1.201044321 0.015363209 0.513626754 0.091485851 -0.233556077 0.005808296 0.968012512
1341846325.417931 1.233067751 0.025218263 0.516726911 0.095233634 -0.232268006 0.008562630 0.967940509
1341846325.450747 1.200834751 0.011141412 0.515758157 0.097973287 -0.219648406 0.009340531 0.970602214
1341846325.485954 1.181107640 0.033511110 0.512296736 0.107375309 -0.211152062 0.013338397 0.971446097
1341846325.517875 1.182650328 0.061164476 0.511002123 0.114093699 -0.208891094 0.017057991 0.971110821
1341846325.553859 1.181278944 0.077922769 0.517318308 0.119229019 -0.205215976 0.016605211 0.971285284
1341846325.585855 1.173563719 0.123879962 0.521476805 0.126936674 -0.201683149 0.016184019 0.971055686
1341846325.617990 1.158806801 0.149640962 0.511383295 0.125960842 -0.197451219 0.012064922 0.972111821
1341846325.653982 1.158841133 0.132736385 0.514850259 0.122422598 -0.196054235 0.009998403 0.972869754
1341846325.685819 1.152613401 0.121204719 0.514604449 0.125601560 -0.194071606 0.011884972 0.972840846
1341846325.717857 1.143217921 0.159106150 0.513591409 0.133482397 -0.192411482 0.019188045 0.972004175
1341846325.754083 1.140558720 0.160086691 0.511709213 0.135409936 -0.191954449 0.024535773 0.971707582
1341846325.786087 1.142466307 0.166285336 0.516852140 0.141810909 -0.191744328 0.026644913 0.970780015
1341846325.821856 1.152292609 0.201498657 0.518823326 0.148802012 -0.191803992 0.028877381 0.969657362
1341846325.853827 1.130235076 0.209287226 0.513694882 0.149538845 -0.188472658 0.031751357 0.970107257
1341846325.885958 1.128603935 0.218821466 0.500238419 0.148570716 -0.190855905 0.036882922 0.969608426
1341846325.921984 1.132053137 0.229885831 0.511331975 0.148058653 -0.196017295 0.041264527 0.968479872
1341846325.953899 1.145231247 0.230019376 0.530461311 0.150077358 -0.197410122 0.043794688 0.967774808
1341846325.985823 1.133383989 0.255623758 0.533325613 0.154750824 -0.193374068 0.048629977 0.967622757
1341846326.021991 1.120264173 0.256136030 0.530238271 0.156177044 -0.191618040 0.054121498 0.967451394
1341846326.054055 1.130987763 0.287279069 0.547548890 0.163995415 -0.194603100 0.058955524 0.965276897
1341846326.089984 1.140120149 0.316969901 0.555786192 0.169448376 -0.194002464 0.058516189 0.964482307
1341846326.121822 1.140524507 0.332884073 0.561059594 0.170491025 -0.190205559 0.058314741 0.965066850
1341846326.154079 1.128747582 0.326822728 0.560247242 0.170267016 -0.186375245 0.056167785 0.965980649
1341846326.190178 1.113256454 0.352236032 0.560709596 0.174571499 -0.184755728 0.060050763 0.965289652
1341846326.222162 1.118025422 0.400002718 0.568092704 0.177530035 -0.188043237 0.068316408 0.963564038
1341846326.259181 1.112333536 0.413678229 0.567635119 0.174647078 -0.189988196 0.070392683 0.963559985
1341846326.322766 1.122810960 0.464131296 0.593825877 0.173389286 -0.192964152 0.069223359 0.963280439
1341846326.359773 1.126294971 0.469246686 0.597996294 0.169822454 -0.192036375 0.066124968 0.964318335
1341846326.392109 1.124850988 0.463180602 0.603495181 0.167867765 -0.189984158 0.066624373 0.965032458
1341846326.423985 1.104109287 0.479876906 0.603873849 0.173271522 -0.186883315 0.072593406 0.964251935
1341846326.459869 1.111052752 0.490848094 0.604447722 0.173482448 -0.191015720 0.078683034 0.962925673
1341846326.526163 1.132491827 0.560238242 0.634402633 0.180938154 -0.193488285 0.079832911 0.960963249
1341846326.560211 1.132974386 0.568423092 0.642790973 0.175714821 -0.190185323 0.080601290 0.962526560
1341846326.591828 1.125156403 0.547073245 0.642505825 0.167703688 -0.187242582 0.080502138 0.964538813
1341846326.627027 1.129472971 0.560501337 0.647697151 0.168374345 -0.186254933 0.077578284 0.964852750
1341846326.658442 1.118283272 0.569829464 0.642416656 0.166211039 -0.179737106 0.076039858 0.966584921
1341846326.694856 1.113820910 0.594681561 0.648989141 0.164870471 -0.177222669 0.077404268 0.967170358
1341846326.726206 1.095357776 0.609315038 0.646614194 0.160698578 -0.172825933 0.071772985 0.969100535
1341846326.762753 1.100605607 0.599752247 0.637403429 0.150634587 -0.169480875 0.068381831 0.971549988
1341846326.826821 1.089972138 0.614021242 0.649386644 0.134738490 -0.163042068 0.061924417 0.975411892
1341846326.858887 1.088683605 0.598145127 0.657094300 0.124407887 -0.162129909 0.059174746 0.977105379
1341846326.895360 1.079929948 0.643771648 0.672396541 0.130809605 -0.163020000 0.060501922 0.976039410
1341846326.926897 1.080152035 0.644738913 0.671158016 0.131133109 -0.167028680 0.062264677 0.975206971
1341846326.958888 1.079440713 0.656796753 0.671601772 0.132940382 -0.168230295 0.066200532 0.974496245
1341846326.994594 1.098216534 0.654472470 0.676362157 0.129850432 -0.170760959 0.068024345 0.974347115
1341846327.026301 1.083554626 0.647452891 0.674987435 0.125039056 -0.166481882 0.064938188 0.975926280
1341846327.063945 1.071775079 0.669680595 0.665371776 0.126259059 -0.161707073 0.061423898 0.976799190
1341846327.094662 1.086017966 0.669088244 0.686054826 0.124452703 -0.162628576 0.059167940 0.977017224
1341846327.128901 1.083470464 0.677116752 0.690765500 0.123744212 -0.162664592 0.058675691 0.977130890
1341846327.161940 1.080706120 0.687603235 0.692472219 0.122509629 -0.163122892 0.057665788 0.977270246
1341846327.193867 1.082887888 0.677202165 0.696786165 0.118945099 -0.161194563 0.055064220 0.978180110
1341846327.229885 1.053247452 0.689080894 0.678180337 0.120385215 -0.151801825 0.052562125 0.979643226
1341846327.262014 0.991622567 0.701397896 0.650418699 0.122115873 -0.133934245 0.047682934 0.982280850
1341846327.294023 0.944352210 0.711005926 0.627567887 0.126889035 -0.112731405 0.043245412 0.984540880
1341846327.330015 0.916830838 0.719980180 0.609689593 0.128756225 -0.097673520 0.040272027 0.986032426
1341846327.361939 0.878687263 0.746814907 0.591623783 0.129432410 -0.084592886 0.035765555 0.987325728
1341846327.393887 0.842422783 0.749358833 0.579576731 0.127818912 -0.075697109 0.028198335 0.988502502
1341846327.429966 0.834811032 0.769070864 0.545807660 0.125607654 -0.074578375 0.023945510 0.988983035
1341846327.461965 0.813390791 0.761641324 0.529141366 0.114675723 -0.074917935 0.018651472 0.990398347
1341846327.497931 0.779166639 0.745748580 0.525153279 0.105718352 -0.070485801 0.018374665 0.991724670
1341846327.530068 0.737998843 0.749734819 0.507780015 0.102776468 -0.062365718 0.019112356 0.992563486
1341846327.561895 0.681104124 0.756707072 0.493472099 0.100398682 -0.055998940 0.024332402 0.993072093
1341846327.598010 0.627525806 0.750874639 0.487007052 0.099115811 -0.049319241 0.026808020 0.993491352
1341846327.629945 0.667710960 0.781925440 0.483265907 0.102883995 -0.062458128 0.026308222 0.992381871
1341846327.662003 0.639395237 0.763499260 0.472283661 0.098855540 -0.060343489 0.022439739 0.993017018
1341846327.697919 0.637145936 0.795022964 0.467530698 0.104350708 -0.060309365 0.020196311 0.992504835
1341846327.730075 0.595155716 0.798364758 0.450079888 0.097743139 -0.053252928 0.019127907 0.993601859
1341846327.766017 0.550160766 0.799875617 0.441926658 0.092411540 -0.046800528 0.019823223 0.994422913
1341846327.797917 0.534177542 0.819709539 0.438905865 0.088506162 -0.044696428 0.022621898 0.994815171
1341846327.830054 0.528442085 0.820383251 0.440434098 0.081704684 -0.043189507 0.018900322 0.995540977
1341846327.865944 0.524633646 0.823095083 0.442363530 0.077809632 -0.040649801 0.017505374 0.995985389
1341846327.898010 0.507923245 0.832015216 0.438141793 0.075389728 -0.036226343 0.016163744 0.996364832
1341846327.929991 0.507131040 0.848971069 0.441729367 0.073277712 -0.037317120 0.013347439 0.996523798
1341846327.966065 0.504513383 0.859469533 0.439981729 0.069419034 -0.036036465 0.010485988 0.996881366
1341846327.998073 0.503976882 0.869178653 0.441028357 0.063219309 -0.034628700 0.008327241 0.997363925
1341846328.034045 0.509649694 0.875680149 0.445646793 0.057354581 -0.034572218 0.006234745 0.997735679
1341846328.065993 0.511858821 0.860750616 0.442072392 0.048874907 -0.034191426 0.006235776 0.998200059
1341846328.098045 0.506017506 0.843016446 0.445252597 0.046078667 -0.032875195 0.007613237 0.998367667
1341846328.133967 0.505477607 0.845516682 0.441627890 0.049032774 -0.034740552 0.011292173 0.998128951
1341846328.166023 0.496717691 0.844893992 0.440029502 0.049212620 -0.036027092 0.011543735 0.998071611
1341846328.198018 0.505641639 0.818025887 0.430583954 0.045645088 -0.040708099 0.008976067 0.998087585
1341846328.234044 0.501598954 0.802297652 0.425860822 0.047175921 -0.041547433 0.007837094 0.997991443
1341846328.265899 0.511745870 0.801608384 0.430939078 0.050320543 -0.045446336 0.009822735 0.997650266
1341846328.302051 0.498576134 0.792051375 0.430374533 0.054049708 -0.043250717 0.010260126 0.997548401
1341846328.333917 0.506253242 0.773095906 0.424658746 0.055976566 -0.045166135 0.014103087 0.997310281
1341846328.366008 0.502358615 0.775533080 0.431120515 0.064837024 -0.045631655 0.013193339 0.996764719
1341846328.402010 0.517624736 0.770457029 0.438426256 0.079792604 -0.047982864 0.019809877 0.995458901
1341846328.433920 0.495366305 0.758133769 0.425151825 0.082336299 -0.045567144 0.019599384 0.995369375
1341846328.470003 0.516544402 0.749156177 0.424872518 0.085803069 -0.049738035 0.011961779 0.994997919
1341846328.502194 0.544360220 0.710640192 0.425707191 0.085217603 -0.052174740 0.004533751 0.994985044
1341846328.534033 0.533053756 0.696545303 0.424793690 0.088172987 -0.047222644 -0.000164446 0.994985163
1341846328.570125 0.505329609 0.666880846 0.400714427 0.087197058 -0.041212611 0.003539366 0.995331943
1341846328.602804 0.479561239 0.643077672 0.402510822 0.092215508 -0.042975370 0.005273458 0.994797349
1341846328.672663 0.494058698 0.602949321 0.380620718 0.100117125 -0.057477809 0.003888401 0.993306458
1341846328.702975 0.524968863 0.586222529 0.382105589 0.102197021 -0.065648764 0.002665775 0.992592037
1341846328.770129 0.527480662 0.549096167 0.357759804 0.109339215 -0.067468785 -0.001576256 0.991710901
1341846328.802331 0.513712823 0.546640575 0.363059491 0.112973660 -0.068222106 -0.002777423 0.991249263
1341846328.838051 0.529250503 0.542071998 0.356075168 0.118617751 -0.072480112 -0.003462371 0.990285099
1341846328.869939 0.517568290 0.547811091 0.346560627 0.119616270 -0.070865795 -0.004382593 0.990278125
1341846328.904486 0.523689091 0.516648173 0.356138170 0.113928169 -0.075821221 -0.006422834 0.990570664
1341846328.939814 0.532032371 0.485606849 0.346055597 0.115367971 -0.079141788 -0.007042437 0.990140021
1341846328.970217 0.523798108 0.483003378 0.339598030 0.118203022 -0.079701066 -0.002548113 0.989782512
1341846329.006232 0.532677889 0.473890513 0.338370085 0.119183607 -0.083472610 0.002137241 0.989354908
1341846329.038243 0.546209157 0.487234890 0.346262693 0.128982902 -0.086475551 0.001361586 0.987868190
1341846329.106125 0.546867669 0.482481331 0.339649290 0.131561324 -0.086793393 0.000564976 0.987501025
1341846329.138340 0.549480498 0.463417292 0.336779475 0.132668108 -0.087650530 -0.001251510 0.987276554
1341846329.169991 0.548263669 0.463909149 0.332066387 0.134907857 -0.088304237 -0.002175374 0.986913204
1341846329.208656 0.556847811 0.452575326 0.329732507 0.134729385 -0.090772294 -0.001770437 0.986714363
1341846329.238169 0.556857049 0.452018470 0.327297211 0.134638727 -0.091350280 -0.000828121 0.986674666
1341846329.273827 0.548453391 0.445431739 0.323584199 0.133817255 -0.090731546 -0.000972799 0.986843348
1341846329.306052 0.552554727 0.462299436 0.324127883 0.138080716 -0.093640283 -0.002424479 0.985981405
1341846329.338104 0.556985915 0.451148927 0.319478214 0.132904649 -0.095121287 -0.006077647 0.986535072
1341846329.373907 0.553405941 0.441579998 0.317380339 0.131236911 -0.095315017 -0.006065328 0.986739695
1341846329.405985 0.553926408 0.440673947 0.318111002 0.134267777 -0.096653886 -0.009537354 0.986174047
1341846329.442057 0.556857169 0.436214358 0.313231736 0.133676037 -0.097083420 -0.014019250 0.986158729
1341846329.473950 0.553305030 0.425115019 0.307694435 0.133414224 -0.097357951 -0.019326627 0.986077368
1341846329.506147 0.549380243 0.430654734 0.303328097 0.135412306 -0.098399803 -0.020470170 0.985678434
1341846329.542121 0.558329165 0.419245362 0.300000966 0.133398250 -0.103201240 -0.021215113 0.985446274
1341846329.574086 0.561990917 0.407514334 0.299562782 0.136291578 -0.105636843 -0.023054466 0.984750748
1341846329.606387 0.557351589 0.409277081 0.291021377 0.139319107 -0.105064064 -0.023924386 0.984367490
1341846329.641955 0.546502650 0.394852370 0.286480606 0.137205303 -0.104684249 -0.023746315 0.984709084
1341846329.681570 0.546934545 0.382899433 0.284886748 0.135863245 -0.107852444 -0.024062926 0.984545648
1341846329.748113 0.563661039 0.383322239 0.286775440 0.139488608 -0.110069983 -0.024628926 0.983778954
1341846329.810175 0.551602185 0.357124269 0.280521959 0.136091471 -0.105493404 -0.022345580 0.984810114
1341846329.842255 0.542251766 0.343055815 0.276354522 0.136145294 -0.104018599 -0.018159606 0.985045612
1341846329.874044 0.541051984 0.345280200 0.275516927 0.139399886 -0.104181230 -0.015792264 0.984613895
1341846329.910073 0.534448683 0.342004746 0.276273400 0.138400510 -0.104028627 -0.012783521 0.984814703
1341846329.942009 0.528986633 0.330693513 0.272055477 0.131742537 -0.103635825 -0.007525251 0.985822976
1341846329.978087 0.529123306 0.304066539 0.268166661 0.128476560 -0.104337089 -0.008068148 0.986175656
1341846330.016305 0.534068823 0.330528200 0.268237174 0.134657368 -0.103281625 -0.010097904 0.985443234
1341846330.048192 0.535855293 0.330766618 0.268484414 0.130040973 -0.103094116 -0.007673350 0.986104488
1341846330.080418 0.534673691 0.313099802 0.264817715 0.125103980 -0.102726623 -0.005926833 0.986793339
1341846330.115886 0.531099498 0.314694792 0.260863662 0.130581826 -0.100518689 -0.004585868 0.986318111
1341846330.147839 0.529115617 0.309942901 0.255580276 0.130093232 -0.100896932 -0.003231118 0.986349404
1341846330.181257 0.539711952 0.322308034 0.258513480 0.125352189 -0.103289165 0.000370423 0.986720860
1341846330.215852 0.540341616 0.301790833 0.257099539 0.117650427 -0.102170900 -0.001660076 0.987783730
1341846330.247833 0.544219136 0.301091909 0.255066663 0.116511650 -0.102825478 -0.002468042 0.987849116
1341846330.283913 0.546434522 0.304089189 0.255792379 0.112160042 -0.103921495 -0.001107626 0.988240540
1341846330.316011 0.538915455 0.315454602 0.255589962 0.109387144 -0.103581913 -0.003587561 0.988581002
1341846330.347868 0.521055996 0.298805952 0.250736773 0.105887741 -0.102129124 -0.004742374 0.989108205
1341846330.383835 0.537894011 0.286538541 0.249592870 0.102247253 -0.105085924 -0.004731812 0.989181519
1341846330.415934 0.531517744 0.281342149 0.248783782 0.103347465 -0.103167854 -0.007141493 0.989254653
1341846330.452561 0.519991457 0.290279895 0.246891379 0.107957542 -0.102240197 -0.007572769 0.988855362
1341846330.483903 0.513662398 0.287056893 0.242479980 0.106277630 -0.103508785 -0.004993688 0.988921702
1341846330.515970 0.510514557 0.275368810 0.242126912 0.103581131 -0.105433285 -0.001745775 0.989015520
1341846330.552099 0.535327494 0.280173659 0.242809400 0.105328225 -0.110882044 0.000164666 0.988236368
1341846330.583876 0.527937710 0.290318102 0.237367928 0.106045514 -0.110008247 0.001096452 0.988256693
1341846330.619992 0.536950290 0.305077612 0.234310672 0.103586331 -0.113060787 0.000360557 0.988173544
1341846330.652136 0.538661003 0.289269447 0.232853100 0.094628230 -0.114445649 -0.002633058 0.988908947
1341846330.683796 0.525396347 0.294660360 0.229320139 0.091720514 -0.112178549 -0.004082139 0.989437580
1341846330.719991 0.517306387 0.265934229 0.216074020 0.085094430 -0.113379173 -0.003324021 0.989895523
1341846330.752103 0.508027613 0.242628723 0.207616463 0.082859263 -0.116431065 0.000085623 0.989736497
1341846330.787952 0.519741535 0.252919406 0.202221200 0.084115274 -0.123797655 0.003886263 0.988728285
1341846330.819823 0.510813475 0.269556731 0.206724495 0.086736351 -0.126609057 0.005249193 0.988139391
1341846330.852208 0.513168514 0.297247767 0.208088487 0.090582319 -0.128566071 0.006065505 0.987536728
1341846330.914111 0.520031035 0.312324166 0.206352234 0.082482785 -0.133100435 0.004341518 0.987654865
1341846330.949903 0.523635626 0.273609191 0.201981336 0.073294647 -0.135097861 0.004093188 0.988109171
1341846330.981986 0.503295422 0.274945289 0.183616623 0.074150220 -0.136250034 0.002571901 0.987892330
1341846331.014111 0.503319383 0.287898839 0.189556152 0.075348139 -0.140286043 0.003966541 0.987231910
1341846331.082139 0.499086022 0.284818053 0.182740405 0.076914877 -0.142383859 0.000113922 0.986818671
1341846331.114334 0.505162001 0.290131897 0.181887537 0.077379271 -0.145818070 -0.000321796 0.986280620
1341846331.149989 0.490952551 0.284144104 0.175154760 0.077867009 -0.143986270 -0.003414420 0.986505508
1341846331.181954 0.487252355 0.288786948 0.168046966 0.081921674 -0.143812895 -0.004499443 0.986198008
1341846331.218151 0.484929830 0.295664400 0.162819043 0.080488577 -0.147209778 -0.003184760 0.985819817
1341846331.249914 0.467745811 0.281208575 0.157191485 0.077400059 -0.144175321 -0.006936235 0.986496210
1341846331.318141 0.394545317 0.293534309 0.119497627 0.089921281 -0.121412449 -0.008137726 0.988487184
1341846331.349926 0.378564477 0.278329372 0.106507771 0.085897423 -0.115425169 -0.010319916 0.989541411
1341846331.382003 0.376536548 0.319694519 0.108129919 0.098759688 -0.107199050 -0.007945915 0.989288509
1341846331.418008 0.363659590 0.314074546 0.103153311 0.102855623 -0.096731588 -0.007414424 0.989953935
1341846331.450327 0.306319445 0.274470598 0.094840847 0.097203560 -0.082652517 -0.007313707 0.991799712
1341846331.486219 0.281397700 0.258917421 0.093974143 0.093616016 -0.077272609 -0.005931662 0.992587447
1341846331.518344 0.279883802 0.240592286 0.077018261 0.089126348 -0.074487492 -0.008431168 0.993195415
1341846331.550202 0.231378973 0.237682924 0.084001519 0.092884801 -0.061468173 -0.008940336 0.993737459
1341846331.586139 0.214300171 0.244175822 0.095798463 0.094611391 -0.058952831 -0.005659887 0.993751109
1341846331.617931 0.184973627 0.236545399 0.097759716 0.092488252 -0.053608257 -0.006975212 0.994245172
1341846331.654027 0.149126753 0.241220102 0.106537193 0.094632290 -0.044262748 -0.007222693 0.994501591
1341846331.686123 0.127113670 0.245354161 0.111795545 0.096465431 -0.038482111 -0.004935642 0.994579911
1341846331.717954 0.130458012 0.255303025 0.118303843 0.093413971 -0.040969547 -0.003787549 0.994776845
1341846331.754076 0.094731756 0.267943203 0.135791004 0.096621230 -0.034222465 -0.004647860 0.994721949
1341846331.785920 0.127793133 0.265629262 0.140174150 0.098896399 -0.035693627 -0.004867755 0.994445443
1341846331.818053 0.118124403 0.267120749 0.143588439 0.098438233 -0.033028323 -0.004463905 0.994584978
1341846331.853849 0.101783015 0.275202423 0.150060877 0.099584736 -0.029291818 -0.004605981 0.994587243
1341846331.885987 0.092983358 0.243722841 0.174471736 0.097968712 -0.025060160 -0.008112413 0.994840860
1341846331.922014 0.076496057 0.247781217 0.176429629 0.099784367 -0.019162757 -0.008129954 0.994791329
1341846331.954037 0.074502394 0.227820680 0.178583726 0.095162086 -0.015395644 -0.010009520 0.995292425
1341846331.986135 0.048321929 0.239986032 0.186434731 0.101473868 -0.004897616 -0.007858982 0.994795144
1341846332.022364 0.019743400 0.249236181 0.202852249 0.110248618 0.003961545 -0.006196226 0.993876874
1341846332.054175 0.013605690 0.247347385 0.205126137 0.115355365 0.004429933 -0.004125511 0.993305862
1341846332.086502 0.019817071 0.254208833 0.214631125 0.119795434 0.003308577 -0.000969082 0.992792606
1341846332.122051 0.002335051 0.253210634 0.213687673 0.121080413 0.007833866 -0.003838486 0.992604375
1341846332.153983 0.000750576 0.238119677 0.219732270 0.113670856 0.006869304 -0.006989856 0.993470132
1341846332.190165 -0.009607614 0.239815474 0.232056499 0.107839301 0.007054102 -0.008651235 0.994105697
1341846332.254145 -0.065194525 0.218050674 0.260092467 0.107440546 0.017878922 -0.013187887 0.993963301
1341846332.289948 -0.080256991 0.215916589 0.267959893 0.108431585 0.020007800 -0.011789884 0.993832707
1341846332.322172 -0.075628057 0.217014998 0.282367826 0.109559461 0.018641103 -0.008731225 0.993767083
1341846332.354003 -0.049000796 0.221321240 0.292191923 0.113897189 0.016977027 -0.012666877 0.993266702
1341846332.390180 -0.069873400 0.223888054 0.283778906 0.114623472 0.025613850 -0.017467653 0.992925107
1341846332.422055 -0.081629045 0.200359777 0.293664336 0.107948057 0.029257886 -0.018415894 0.993555248
1341846332.458114 -0.092162229 0.194582820 0.302733123 0.106882483 0.034451064 -0.022567954 0.993418336
1341846332.489993 -0.105428465 0.202909216 0.315425307 0.108937480 0.037982397 -0.019781332 0.993125737
1341846332.522130 -0.111619502 0.210002154 0.333443552 0.109357975 0.034304246 -0.014705300 0.993301511
1341846332.558114 -0.128433347 0.221073911 0.335609466 0.111708388 0.032026872 -0.006510464 0.993203461
1341846332.589874 -0.130373150 0.211341828 0.336094648 0.108702846 0.030581459 -0.004047273 0.993595541
1341846332.621889 -0.126084968 0.204586074 0.334161520 0.102051757 0.030110799 -0.003399943 0.994317472
1341846332.658202 -0.135300457 0.205001429 0.346480519 0.099410720 0.033226676 -0.005915747 0.994473994
1341846332.690001 -0.149039567 0.208195090 0.353233218 0.097839519 0.036739867 -0.005199283 0.994510293
1341846332.726000 -0.170266166 0.210259154 0.375829041 0.097537041 0.039681800 0.000512154 0.994440377
1341846332.758386 -0.165858030 0.209604859 0.372041941 0.097798377 0.036333561 -0.001031007 0.994542301
1341846332.789937 -0.152364105 0.197585598 0.373248458 0.093231149 0.035082225 -0.002617704 0.995022774
1341846332.825925 -0.168084621 0.197247833 0.379587531 0.091588311 0.040845968 -0.004495235 0.994948745
1341846332.857898 -0.184450999 0.196721658 0.388719380 0.092280485 0.045187932 -0.004901553 0.994695127
1341846332.894069 -0.196428806 0.195249408 0.382320136 0.089696608 0.047258761 -0.007465487 0.994819343
1341846332.926029 -0.229140565 0.191538930 0.392952859 0.084623657 0.055261675 -0.009941502 0.994829774
1341846332.958015 -0.248800710 0.181872874 0.394202769 0.078602478 0.061219145 -0.014194788 0.994923413
1341846332.994073 -0.276154131 0.188145176 0.398360848 0.077500895 0.067862146 -0.013236450 0.994591951
1341846333.026545 -0.300819546 0.179244280 0.399552435 0.072930910 0.074152470 -0.016070860 0.994446754
1341846333.057998 -0.343721569 0.174555168 0.412011862 0.071110137 0.085388243 -0.015747281 0.993682146
1341846333.094024 -0.383645147 0.166494161 0.422293574 0.070047967 0.094647355 -0.011962099 0.992971361
1341846333.126095 -0.419899195 0.157633573 0.427553535 0.068415917 0.103910454 -0.011031064 0.992169440
1341846333.161973 -0.461085618 0.151229799 0.435959220 0.064692199 0.114627734 -0.009726834 0.991252124
1341846333.195660 -0.491328388 0.151237577 0.441954017 0.062689885 0.122100018 -0.008308236 0.990501165
1341846333.226331 -0.531139135 0.145429119 0.442263752 0.059216443 0.130076185 -0.010353976 0.989679992
1341846333.262056 -0.561657250 0.140886888 0.440973967 0.053984541 0.136954308 -0.012937541 0.989020705
1341846333.294147 -0.589331627 0.144654796 0.451206535 0.052155174 0.141289577 -0.013024208 0.988507688
1341846333.326100 -0.607453346 0.137390345 0.453750283 0.048275653 0.143817395 -0.014996789 0.988312244
1341846333.362100 -0.629923701 0.135796309 0.453802168 0.043367915 0.147742003 -0.015832627 0.987947881
1341846333.394119 -0.642274141 0.155648574 0.461203933 0.044880353 0.148634419 -0.016367802 0.987737656
1341846333.429974 -0.665638268 0.153861776 0.459183455 0.043728597 0.151666939 -0.017416188 0.987310290
1341846333.462115 -0.693576038 0.157071277 0.459531069 0.044390365 0.157387197 -0.019513141 0.986345768
1341846333.494040 -0.713893533 0.155899778 0.464243114 0.045465030 0.161433116 -0.020686943 0.985618770
1341846333.529953 -0.739392042 0.153216779 0.465665162 0.046083342 0.167647809 -0.022429226 0.984513879
1341846333.562063 -0.758172095 0.153846592 0.476521254 0.046959657 0.172814161 -0.018633846 0.983657897
1341846333.594090 -0.787636280 0.158357680 0.483845115 0.045932218 0.177360579 -0.017395725 0.982919574
1341846333.629994 -0.808811426 0.160185307 0.491403639 0.042434610 0.178788096 -0.017247410 0.982820809
1341846333.662127 -0.819322467 0.165110946 0.489399821 0.039969761 0.179521903 -0.017854732 0.982779503
1341846333.697964 -0.840568066 0.163180813 0.495559126 0.039135121 0.183655322 -0.017611429 0.982053518
1341846333.730092 -0.862652361 0.160208315 0.497751653 0.040686134 0.187351823 -0.015822025 0.981322408
1341846333.762089 -0.831639230 0.142372414 0.483863384 0.038295526 0.181921229 -0.013366622 0.982476175
1341846333.798006 -0.816939533 0.145834222 0.478276372 0.041159067 0.179207101 -0.014919906 0.982836843
1341846333.830055 -0.830451250 0.147805765 0.477853000 0.043759234 0.182780996 -0.018116780 0.982012272
1341846333.866045 -0.824582100 0.149982303 0.470705450 0.044987679 0.182255119 -0.018641157 0.982044697
1341846333.897987 -0.825706899 0.143977672 0.466622472 0.045524009 0.181805745 -0.019466491 0.982087255
1341846333.930099 -0.824643135 0.139727101 0.461808503 0.047597170 0.181919798 -0.020884009 0.981938720
1341846333.965889 -0.824387550 0.140665710 0.456075311 0.049792942 0.182016194 -0.020904450 0.981811583
1341846333.997985 -0.822261930 0.135802254 0.450927466 0.051828023 0.181804359 -0.022065029 0.981720030
1341846334.030076 -0.821414232 0.126031399 0.443179399 0.052309029 0.181885228 -0.018593507 0.981751442
1341846334.066000 -0.835175753 0.142806187 0.439159423 0.057817239 0.183345094 -0.017971681 0.981182337
1341846334.097932 -0.851191759 0.152763873 0.440284014 0.061894055 0.186019629 -0.020384535 0.980382800
1341846334.133884 -0.860519528 0.155286118 0.435397834 0.063870944 0.187805057 -0.020042781 0.979922473
1341846334.166115 -0.852575243 0.144075871 0.425303429 0.061466038 0.183808729 -0.017837826 0.980876207
1341846334.198072 -0.861541510 0.149364918 0.420016795 0.063381717 0.183339387 -0.021042831 0.980778575
1341846334.234097 -0.864530921 0.148026034 0.415722251 0.063643999 0.183923826 -0.024069211 0.980582595
1341846334.266045 -0.876411438 0.151384488 0.408185303 0.064290904 0.186765984 -0.021699220 0.980058312
1341846334.297946 -0.868777215 0.145496681 0.400792927 0.063585721 0.182433888 -0.017551867 0.981002927
1341846334.334036 -0.879254878 0.153575271 0.392422259 0.065766349 0.182133228 -0.019364348 0.980880916
1341846334.365871 -0.866935313 0.151954681 0.386214942 0.064199828 0.179148406 -0.018625580 0.981548488
1341846334.401845 -0.868000686 0.153543726 0.390406758 0.062816203 0.179433540 -0.018096572 0.981595814
1341846334.433864 -0.868276715 0.142152563 0.377884865 0.060868174 0.177125603 -0.016460519 0.982166290
1341846334.466105 -0.868102968 0.156611562 0.375024557 0.064348161 0.174793333 -0.016527032 0.982361197
1341846334.502142 -0.878599524 0.164402679 0.374875814 0.064451784 0.174725845 -0.015781449 0.982378662
1341846334.540153 -0.874999940 0.159201860 0.366857678 0.062819719 0.172092646 -0.016841259 0.982931435
1341846334.602351 -0.897578359 0.181957051 0.359573334 0.060115248 0.170899451 -0.023186410 0.983179569
1341846334.670161 -0.904766321 0.163653091 0.341616899 0.050999969 0.168535516 -0.029712081 0.983926833
1341846334.702085 -0.931975007 0.148699194 0.336711198 0.046801813 0.169928700 -0.029379908 0.983905792
1341846334.734751 -0.934116840 0.152787834 0.327594459 0.047955047 0.167002559 -0.028279278 0.984383464
1341846334.770889 -0.933161974 0.152794421 0.318300694 0.048222687 0.164027408 -0.024818312 0.984963775
1341846334.802194 -0.932839096 0.154541418 0.305779964 0.047921341 0.160246998 -0.024622876 0.985605538
1341846334.833908 -0.933716893 0.158385903 0.290485114 0.047647040 0.158349782 -0.026089069 0.985887706
1341846334.869874 -0.930883706 0.156593680 0.275899589 0.045227863 0.156548902 -0.025006779 0.986317217
1341846334.902006 -0.922343135 0.152048022 0.266485929 0.042914789 0.152058572 -0.023410300 0.987161815
1341846334.938010 -0.960222185 0.147631198 0.275746197 0.041459866 0.155032575 -0.025688477 0.986704648
1341846334.970032 -0.971224904 0.147414654 0.269950002 0.041406054 0.156068146 -0.027105352 0.986505747
1341846335.002203 -0.979415715 0.150091782 0.265733451 0.044138126 0.156811327 -0.026619215 0.986282706
1341846335.037880 -0.985974550 0.144222736 0.257249027 0.045438513 0.153517365 -0.022892281 0.986835241
1341846335.069990 -1.005912781 0.155655041 0.242554992 0.047461178 0.153770849 -0.027896008 0.986571729
1341846335.106038 -0.999830306 0.149424389 0.227188408 0.046686180 0.153152868 -0.029974237 0.986643910
1341846335.138045 -1.021518826 0.149336815 0.226751775 0.048057146 0.156713516 -0.029318547 0.986038506
1341846335.169900 -1.015383244 0.146448791 0.217933685 0.046676181 0.151672512 -0.026288619 0.986978114
1341846335.206091 -1.021769166 0.152856231 0.202904984 0.046685334 0.150556326 -0.029976714 0.987043440
1341846335.239365 -1.018132210 0.153665245 0.198150888 0.047185626 0.150577381 -0.032608733 0.986932933
1341846335.269948 -1.032143712 0.147955656 0.188000292 0.047470231 0.153165102 -0.033465829 0.986492336
1341846335.305972 -1.043314338 0.148794621 0.187089220 0.049302626 0.152424797 -0.031947512 0.986567497
1341846335.338012 -1.036961675 0.150914788 0.171949446 0.051644433 0.149369851 -0.032511957 0.986896396
1341846335.374005 -1.072680473 0.139224917 0.169875309 0.053833280 0.161019251 -0.033074792 0.984926820
1341846335.406025 -1.081122160 0.128283501 0.159634262 0.058959566 0.163304836 -0.030683232 0.984334230
1341846335.438079 -1.079178691 0.146836087 0.142433673 0.067105219 0.162271932 -0.029097732 0.984031558
1341846335.473998 -1.055109262 0.150367424 0.122322977 0.069985174 0.157505259 -0.028741524 0.984615743
1341846335.507038 -1.058829784 0.165361658 0.095761381 0.073194392 0.158424512 -0.033484258 0.984084964
1341846335.538040 -1.048985481 0.174823314 0.090603702 0.073450007 0.158229783 -0.034716204 0.984054446
1341846335.574119 -1.056598902 0.170525596 0.084719807 0.070101537 0.158167705 -0.032420240 0.984386981
1341846335.605970 -1.073854327 0.155412391 0.079680942 0.066551909 0.159978628 -0.032903124 0.984324694
1341846335.641978 -1.070645094 0.162449017 0.066248640 0.068359599 0.160103053 -0.035731949 0.984081924
1341846335.673993 -1.079842806 0.175714985 0.055742294 0.069346711 0.161402836 -0.036966138 0.983754873
1341846335.706178 -1.081108689 0.176407143 0.058870897 0.069482893 0.159314677 -0.034969945 0.984158576
1341846335.741982 -1.084039211 0.180232286 0.050398558 0.070635155 0.159461528 -0.036538631 0.983995795
1341846335.773960 -1.083442450 0.175154760 0.029662875 0.069150388 0.158728719 -0.035718635 0.984249771
1341846335.806271 -1.092704535 0.178840250 0.020660099 0.067266852 0.158826515 -0.035224374 0.984382391
1341846335.842031 -1.090649724 0.177263543 0.014018052 0.065508850 0.159199446 -0.034907974 0.984451950
1341846335.873966 -1.100268602 0.178729668 0.008741288 0.066619419 0.161581695 -0.036266237 0.983940125
1341846335.910005 -1.104333639 0.180555969 -0.008742468 0.065898098 0.160667688 -0.033518698 0.984235704
1341846335.941936 -1.111209512 0.180577964 -0.014965698 0.064759761 0.159072384 -0.033501290 0.984570920
1341846335.974198 -1.110329628 0.184438333 -0.020887012 0.064932086 0.157760084 -0.035332233 0.984706700
1341846336.010032 -1.123457909 0.185161933 -0.030212436 0.064255759 0.158755064 -0.036678657 0.984541893
1341846336.042129 -1.135943770 0.182906896 -0.037587874 0.062796675 0.158259660 -0.035921041 0.984743774
1341846336.078076 -1.136859179 0.185953036 -0.046755858 0.063278556 0.155980036 -0.037115782 0.985032201
1341846336.110739 -1.137233019 0.190244913 -0.046025820 0.063889466 0.155618235 -0.037945900 0.985018373
1341846336.142002 -1.143715143 0.186256915 -0.065665469 0.063087933 0.155190662 -0.036564801 0.985189736
1341846336.183953 -1.156835079 0.194828123 -0.069306388 0.063317925 0.153884456 -0.037408508 0.985348165
1341846336.241891 -1.157457590 0.195263192 -0.086294785 0.061569162 0.152600050 -0.036928959 0.985676825
1341846336.277946 -1.162006021 0.188071832 -0.080896378 0.061982155 0.152592167 -0.032877255 0.985795617
1341846336.309977 -1.113071799 0.199604020 -0.129224539 0.065975226 0.140807629 -0.031733934 0.987326443
1341846336.346143 -1.073187590 0.199587300 -0.134546116 0.068221532 0.132940069 -0.027287284 0.988396764
1341846336.377975 -1.021673203 0.204858989 -0.158883959 0.069967002 0.124582656 -0.027036054 0.989369929
1341846336.410032 -0.982057869 0.205293685 -0.186079279 0.070374042 0.118380293 -0.025556184 0.990141630
1341846336.446041 -0.942731798 0.210782737 -0.208287925 0.070538215 0.111318961 -0.025008004 0.990962684
1341846336.477990 -0.895361960 0.211394250 -0.223985583 0.069348581 0.103546679 -0.023235975 0.991931915
1341846336.510056 -0.849394500 0.211608499 -0.239937440 0.069820777 0.096898220 -0.022025008 0.992597938
1341846336.546024 -0.801729262 0.204877466 -0.252907962 0.069462247 0.089188203 -0.019011119 0.993407786
1341846336.578003 -0.760222673 0.207904071 -0.268202096 0.069349006 0.082116388 -0.017091548 0.994060159
1341846336.614020 -0.716601312 0.212300703 -0.281416416 0.068917997 0.076710664 -0.019442126 0.994478703
1341846336.645982 -0.665759206 0.205688983 -0.295080841 0.066181846 0.069992349 -0.018356979 0.995180428
1341846336.678036 -0.621051908 0.199006349 -0.303707063 0.063388117 0.060996722 -0.017754158 0.995964944
1341846336.714024 -0.575185776 0.194557160 -0.309372514 0.063794605 0.052128021 -0.018289234 0.996432900
1341846336.746016 -0.525791943 0.193593517 -0.307335913 0.067788847 0.042021010 -0.014677702 0.996706307
1341846336.778014 -0.472332716 0.191998452 -0.318845689 0.069339365 0.029504647 -0.011821833 0.997086644
1341846336.820006 -0.417500794 0.189243585 -0.335062653 0.069423370 0.016463557 -0.006190839 0.997432232
1341846336.882056 -0.273407251 0.178709760 -0.318561912 0.069958881 -0.012855032 -0.002723918 0.997463346
1341846336.914273 -0.194428653 0.179659620 -0.313031584 0.072907098 -0.032595426 -0.001205443 0.996805251
1341846336.945998 -0.115652397 0.198114827 -0.316232920 0.083709560 -0.053571958 -0.002637852 0.995045602
1341846336.981980 -0.045016136 0.200902566 -0.339455545 0.083612829 -0.071037494 -0.000337281 0.993963063
1341846337.014238 0.026450178 0.212879568 -0.322093189 0.083013482 -0.087054141 -0.001852775 0.992737114
1341846337.046017 0.087833479 0.220010713 -0.310785919 0.081835516 -0.098703615 -0.001806161 0.991744578
1341846337.082104 0.144525558 0.230146915 -0.305408925 0.083176337 -0.109193653 -0.002920045 0.990530133
1341846337.114317 0.195514277 0.236288413 -0.293557525 0.082461402 -0.121362582 -0.001382536 0.989176095
1341846337.150037 0.259752780 0.233860955 -0.276040703 0.079788752 -0.135298580 -0.002934753 0.987582624
1341846337.181873 0.296775937 0.239659250 -0.266540110 0.080804005 -0.140778467 -0.004440181 0.986728191
1341846337.214073 0.343880922 0.238059521 -0.257135808 0.077043273 -0.147632554 -0.007704036 0.986006916
1341846337.250087 0.379516363 0.245352611 -0.249240339 0.076922730 -0.156459853 -0.005475588 0.984669149
1341846337.282028 0.414709151 0.248595729 -0.234238788 0.079161912 -0.166514874 -0.002582222 0.982852757
1341846337.317920 0.435338736 0.246328816 -0.225531876 0.077798076 -0.170649931 -0.002010022 0.982253551
1341846337.350018 0.465545267 0.235759377 -0.220953614 0.073822387 -0.175577119 -0.003467042 0.981687844
1341846337.382159 0.497538000 0.245383486 -0.218952030 0.074807093 -0.180147022 -0.008711819 0.980752289
1341846337.417941 0.523637891 0.251139969 -0.221214578 0.077860042 -0.184551477 -0.007897995 0.979702115
1341846337.450137 0.543555796 0.246168092 -0.228319630 0.076649092 -0.189837977 -0.009713886 0.978770733
1341846337.482096 0.525887132 0.234512910 -0.219165921 0.072610289 -0.186278015 -0.007728029 0.979779840
1341846337.518008 0.540087283 0.249112725 -0.214128941 0.077741146 -0.189663813 -0.008836931 0.978726685
1341846337.549978 0.539086103 0.243247136 -0.217690796 0.075591236 -0.189534470 -0.009506020 0.978913844
1341846337.585971 0.545079947 0.243893608 -0.210464031 0.073574804 -0.191292450 -0.011416235 0.978705108
1341846337.617903 0.546978414 0.241018891 -0.200313315 0.075149812 -0.192445844 -0.010941096 0.978364646
1341846337.650141 0.558451235 0.245321959 -0.204724669 0.077270895 -0.194484442 -0.010762077 0.977798164
1341846337.686352 0.570181072 0.254147589 -0.202691585 0.077023409 -0.196300119 -0.011041468 0.977451742
1341846337.718002 0.576087475 0.260329127 -0.189037055 0.076950200 -0.197069943 -0.010885659 0.977304280
1341846337.749920 0.592144012 0.264380902 -0.183443934 0.077335633 -0.197779000 -0.011880917 0.977119029
1341846337.786157 0.613661826 0.277392685 -0.174992010 0.076866277 -0.198539838 -0.012781915 0.976990342
1341846337.817945 0.631656289 0.284960061 -0.156015038 0.077051699 -0.200364098 -0.012035483 0.976612806
1341846337.854071 0.633532166 0.290634066 -0.156428903 0.076352775 -0.196953520 -0.013253399 0.977345347
1341846337.885951 0.656705916 0.301729381 -0.142922550 0.075842366 -0.199128285 -0.014073132 0.976932883
1341846337.918223 0.661200166 0.319955587 -0.136058345 0.075591221 -0.198282182 -0.017353769 0.977071643
1341846337.954120 0.686575890 0.322289407 -0.111110181 0.074491754 -0.202351630 -0.016232833 0.976340771
1341846337.985994 0.657157958 0.327025473 -0.132814288 0.071752325 -0.195257127 -0.018701626 0.977945030
1341846338.018107 0.685672462 0.323621929 -0.103149161 0.068639889 -0.199911311 -0.018066203 0.977239788
1341846338.054055 0.659338176 0.333667725 -0.122082189 0.067617379 -0.192382902 -0.020086741 0.978781521
1341846338.085986 0.682866752 0.343598813 -0.096136540 0.067127123 -0.194076166 -0.020751338 0.978467107
1341846338.121875 0.651255012 0.330898494 -0.103774898 0.062762670 -0.186303616 -0.019233264 0.980296850
1341846338.154089 0.694197416 0.332803607 -0.067821607 0.061874524 -0.195570275 -0.014269167 0.978631854
1341846338.186029 0.718620121 0.320099443 -0.032464717 0.057324946 -0.201803967 -0.011707089 0.977676809
1341846338.222071 0.674822271 0.329937875 -0.054707050 0.057973225 -0.190568417 -0.012499356 0.979880869
1341846338.254107 0.695593774 0.329369605 -0.023686374 0.056752220 -0.194135368 -0.010957988 0.979270458
1341846338.290130 0.676881254 0.324883699 -0.027972369 0.056281876 -0.190403581 -0.009179707 0.980048239
1341846338.321952 0.693199754 0.325521380 -0.015590262 0.055877719 -0.193029508 -0.007541128 0.979571581
1341846338.354022 0.686636806 0.328425616 -0.009174148 0.056134954 -0.191669732 -0.008262711 0.979817986
1341846338.389969 0.675997496 0.326766253 -0.005433723 0.054702949 -0.188808143 -0.006895320 0.980464995
1341846338.422377 0.668183684 0.324226856 0.008476884 0.052853849 -0.187775210 -0.008388327 0.980753064
1341846338.454010 0.667177737 0.318936110 0.019070407 0.050900836 -0.188464478 -0.009988924 0.980709195
1341846338.489894 0.662948191 0.326816708 0.026842905 0.051296316 -0.188390896 -0.007942204 0.980721474
1341846338.522066 0.657051086 0.320683062 0.034453504 0.051208179 -0.187091932 -0.009112213 0.980964482
1341846338.558058 0.649284601 0.318303108 0.035255238 0.049396485 -0.186084032 -0.009554533 0.981244862
1341846338.589842 0.646398902 0.322133094 0.044395056 0.048457447 -0.185696185 -0.011499928 0.981344283
1341846338.622019 0.635749519 0.317792147 0.049389623 0.048812848 -0.182951555 -0.010647932 0.981851697
1341846338.657984 0.627366126 0.302365243 0.052017730 0.044880033 -0.182218522 -0.008539774 0.982196212
1341846338.690198 0.617917895 0.293086112 0.056567382 0.041094929 -0.180847704 -0.010012693 0.982601225
1341846338.722454 0.642024040 0.319895238 0.086217970 0.046677500 -0.184646726 -0.009181585 0.981652975
1341846338.757945 0.642273128 0.316724598 0.090365604 0.045214176 -0.185397893 -0.007075183 0.981597364
1341846338.790039 0.635057867 0.316793144 0.102830738 0.043534294 -0.186589614 -0.007033260 0.981447756
1341846338.826048 0.632610440 0.317549229 0.108760625 0.044735011 -0.184869677 -0.009442213 0.981698990
1341846338.858027 0.635931015 0.314394206 0.111705475 0.043524973 -0.184414402 -0.010341839 0.981829941
1341846338.889902 0.627863050 0.314784676 0.120353803 0.041326761 -0.184003145 -0.011043395 0.981994390
1341846338.925948 0.623132229 0.314519405 0.129040346 0.041416060 -0.182283774 -0.013339768 0.982282758
1341846338.958108 0.621500671 0.314106315 0.140880406 0.042089898 -0.180764601 -0.013677583 0.982530177
1341846338.990057 0.619581103 0.317693204 0.152121618 0.043628965 -0.180807218 -0.011713032 0.982480586
1341846339.025928 0.616177678 0.313520432 0.163243964 0.044970643 -0.179317415 -0.011947734 0.982690275
1341846339.057939 0.607550561 0.312368423 0.167617992 0.047062811 -0.175604120 -0.010986058 0.983273983
1341846339.093927 0.609613240 0.318735152 0.178382069 0.046113782 -0.177557066 -0.009879659 0.982979894
1341846339.126562 0.612906873 0.313073426 0.186354607 0.041822750 -0.178870767 -0.012938436 0.982898176
1341846339.157969 0.609407246 0.315531492 0.197247595 0.040584292 -0.175199509 -0.015456118 0.983574748
1341846339.194113 0.612298548 0.324530870 0.212957680 0.039725102 -0.175943479 -0.011942998 0.983525932
1341846339.228165 0.612084389 0.325359493 0.226752982 0.035892505 -0.178136602 -0.011632470 0.983282208
1341846339.257998 0.615291536 0.323587209 0.249853134 0.033458009 -0.177815408 -0.011674362 0.983425617
1341846339.294132 0.621292830 0.319605350 0.257730037 0.032170091 -0.176965818 -0.010414447 0.983635962
1341846339.326577 0.627047360 0.300098419 0.263523966 0.022677008 -0.180186227 -0.009431047 0.983325899
1341846339.362269 0.629280269 0.305417955 0.275065392 0.020683579 -0.182173938 -0.010655414 0.982991040
1341846339.394725 0.617670417 0.327183276 0.275476366 0.024293620 -0.177595213 -0.012108528 0.983729243
1341846339.462186 0.612598658 0.326478720 0.302965134 0.021449117 -0.178240433 -0.013239259 0.983664095
1341846339.496743 0.607932925 0.312685549 0.307282090 0.022185558 -0.172416717 -0.014031123 0.984674335
1341846339.562052 0.611870706 0.313834280 0.329390377 0.023834454 -0.172110885 -0.010849635 0.984729528
1341846339.595122 0.618166387 0.325155795 0.341934144 0.028365789 -0.172042638 -0.012611983 0.984600246
1341846339.632085 0.615760267 0.328854918 0.353225678 0.030887783 -0.168188959 -0.014944431 0.985157430
1341846339.664568 0.619440734 0.321338117 0.361608416 0.030334992 -0.166034535 -0.015904682 0.985524952
1341846339.698896 0.616274595 0.310317189 0.367525190 0.028348204 -0.164513275 -0.016075199 0.985836387
1341846339.731977 0.616732240 0.316280633 0.377878219 0.030509328 -0.164369658 -0.018156521 0.985759735
1341846339.762241 0.614815712 0.309378088 0.386218637 0.029894959 -0.162589505 -0.018267687 0.986071587
1341846339.797873 0.611170650 0.310185164 0.393942028 0.030195264 -0.161822990 -0.016854960 0.986213684
1341846339.830245 0.610004246 0.312984765 0.404298097 0.030883377 -0.162075073 -0.017474521 0.986140251
1341846339.862015 0.608933747 0.309508353 0.406442106 0.029913263 -0.161364257 -0.018446451 0.986268997
1341846339.897797 0.612940311 0.308617294 0.417324215 0.029066045 -0.161135226 -0.018311618 0.986334324
1341846339.929916 0.607927203 0.300190330 0.425884694 0.027706573 -0.159422636 -0.016555127 0.986682713
1341846339.961960 0.617210507 0.301358670 0.440622777 0.029186659 -0.162413672 -0.014891547 0.986178577
1341846339.997845 0.627163172 0.301229089 0.452177435 0.030623866 -0.162745953 -0.014371072 0.986087978
1341846340.029925 0.622398674 0.309117615 0.462694377 0.033574671 -0.159694850 -0.013714331 0.986500025
1341846340.066044 0.629381657 0.303906530 0.469222784 0.034455474 -0.159816757 -0.011446847 0.986478806
1341846340.098009 0.620935917 0.303088248 0.467876434 0.034954060 -0.157680184 -0.010657342 0.986813903
1341846340.130102 0.618811071 0.302273065 0.472278833 0.034398183 -0.157470584 -0.012091841 0.986850381
1341846340.166041 0.623803079 0.303309709 0.483947575 0.036491863 -0.156059727 -0.013907455 0.986975372
1341846340.197867 0.619532049 0.304273635 0.491055489 0.037662175 -0.153279930 -0.013471798 0.987372994
1341846340.229904 0.620190561 0.301730305 0.494354546 0.035800647 -0.153477043 -0.013442664 0.987411976
1341846340.265859 0.619624674 0.295256913 0.502970338 0.034597803 -0.152484059 -0.014694671 0.987590909
1341846340.298061 0.618827760 0.299101293 0.513098001 0.037485007 -0.150176883 -0.014097727 0.987847686
1341846340.334063 0.613047123 0.300261915 0.512835741 0.035974924 -0.150181174 -0.012158754 0.987928927
1341846340.366064 0.616633594 0.296530247 0.523489177 0.034516204 -0.152613714 -0.013711174 0.987587869
1341846340.397995 0.617648482 0.292736143 0.526848912 0.035789043 -0.152202532 -0.013157480 0.987613559
1341846340.433895 0.618387103 0.289991200 0.532343447 0.035611562 -0.152785048 -0.011625248 0.987549186
1341846340.465959 0.614929974 0.287663043 0.531105518 0.035464078 -0.154253602 -0.010241471 0.987341523
1341846340.501858 0.621916592 0.292198122 0.536641717 0.037152454 -0.158685014 -0.010859270 0.986570239
1341846340.534329 0.630035341 0.296533197 0.549842715 0.038569655 -0.161436483 -0.010823802 0.986069739
1341846340.566041 0.636340618 0.296380281 0.559284866 0.040353622 -0.163465232 -0.010588740 0.985666573
1341846340.601909 0.636668861 0.293754578 0.545864165 0.041783672 -0.163210332 -0.009070974 0.985664368
1341846340.634005 0.640310407 0.294221401 0.540890694 0.042631909 -0.163533971 -0.010272111 0.985562623
1341846340.666028 0.640450358 0.292445362 0.540297687 0.042700686 -0.162470952 -0.012949157 0.985703886
1341846340.701946 0.647584200 0.293445855 0.547638476 0.045542814 -0.161989018 -0.014676989 0.985631764
1341846340.733954 0.649653614 0.295771271 0.552838922 0.047433149 -0.160324365 -0.016664706 0.985783219
1341846340.770081 0.647166133 0.294989586 0.538006425 0.046463013 -0.158887789 -0.018449232 0.986030221
1341846340.801980 0.650352776 0.294100612 0.536218107 0.047409192 -0.157703653 -0.023841837 0.986059666
1341846340.833999 0.652066410 0.295510024 0.532875597 0.047831137 -0.155324146 -0.027239634 0.986328900
1341846340.870013 0.650258064 0.293632388 0.529943347 0.046291601 -0.154980093 -0.028709181 0.986414790
1341846340.901955 0.656550288 0.291702211 0.532263041 0.047089584 -0.156315118 -0.028781502 0.986164212
1341846340.933918 0.658377826 0.293551356 0.533603430 0.048909187 -0.157313585 -0.026104191 0.985991418
1341846340.970122 0.655988097 0.296491772 0.531931818 0.049610954 -0.159993947 -0.020879284 0.985649467
1341846341.001922 0.657807052 0.293867201 0.523109555 0.049569357 -0.164120480 -0.015939878 0.985065162
1341846341.037923 0.660632670 0.293434024 0.518166184 0.050047353 -0.166881263 -0.013814667 0.984609127
1341846341.070300 0.662852287 0.295613140 0.521223605 0.051049422 -0.167845353 -0.013942691 0.984391928
1341846341.102028 0.660600126 0.294573188 0.514522851 0.050584868 -0.168690279 -0.013756141 0.984274209
1341846341.137982 0.661732912 0.292450815 0.511224568 0.050207954 -0.170532167 -0.013876355 0.983974338
1341846341.170048 0.663986564 0.290100485 0.512145400 0.050234538 -0.171464399 -0.012443874 0.983830094
1341846341.202110 0.664553344 0.290856749 0.513151765 0.051668946 -0.172025859 -0.010616548 0.983679175
1341846341.237996 0.665802658 0.291785002 0.514066279 0.053529676 -0.172009513 -0.009827442 0.983590782
1341846341.269883 0.664875507 0.291972101 0.508948565 0.054429170 -0.171253949 -0.009161770 0.983679652
1341846341.306107 0.664621830 0.290940076 0.505084634 0.054941326 -0.171677798 -0.010102962 0.983568132
1341846341.338109 0.664905310 0.288304210 0.494652510 0.055458318 -0.170425177 -0.012207364 0.983733058
1341846341.370120 0.667973816 0.290587515 0.500816703 0.056935553 -0.170144200 -0.014318598 0.983668804
1341846341.406074 0.659894764 0.289118797 0.497681499 0.056651674 -0.168513507 -0.014551896 0.983962417
1341846341.438113 0.660885036 0.286468863 0.499082059 0.057746578 -0.170827985 -0.014132365 0.983505726
1341846341.470024 0.666078985 0.286406219 0.498562515 0.060610592 -0.171558008 -0.015655741 0.983183205
1341846341.506077 0.661379099 0.292566687 0.493749827 0.061257001 -0.169813514 -0.016994886 0.983423710
1341846341.538156 0.658128500 0.290396720 0.490876496 0.060165159 -0.171147242 -0.016500514 0.983268261
1341846341.574016 0.662215948 0.293535978 0.492584258 0.061632186 -0.173935637 -0.015546693 0.982703507
1341846341.612466 0.662161291 0.295840204 0.488583207 0.062108818 -0.174335256 -0.015182593 0.982608378
1341846341.643972 0.661541939 0.293268830 0.485587716 0.060699418 -0.175473526 -0.016753104 0.982468307
1341846341.679982 0.660094559 0.291280061 0.483958274 0.060177211 -0.176845908 -0.016055303 0.982266009
1341846341.712332 0.658282220 0.295180321 0.481571198 0.060951654 -0.178892717 -0.013403104 0.981887281
1341846341.744185 0.661554158 0.296129555 0.481946766 0.061353449 -0.181347489 -0.011630806 0.981434464
1341846341.780061 0.663200915 0.296913981 0.479864717 0.061366394 -0.182016194 -0.010337872 0.981324315
1341846341.842595 0.668502212 0.291212559 0.474842429 0.062232129 -0.183509812 -0.004705829 0.981034756
1341846341.906227 0.672470331 0.283649594 0.468750030 0.063596636 -0.184686497 0.000680847 0.980737448
1341846341.942069 0.671252370 0.281462193 0.462708950 0.066445842 -0.184250057 0.002985449 0.980626345
1341846341.974775 0.673569322 0.283153355 0.463459998 0.069650643 -0.185007721 0.005335049 0.980251253
1341846342.010161 0.676477075 0.281450599 0.461466521 0.069447055 -0.186923191 0.007459674 0.979888380
1341846342.042024 0.682089865 0.277285993 0.463630438 0.070974164 -0.188173875 0.007709551 0.979537547
1341846342.080032 0.687533498 0.279000282 0.461038262 0.073043443 -0.186490461 0.008441259 0.979701400
1341846342.112265 0.679925680 0.277944952 0.457709819 0.073052473 -0.184928223 0.010813471 0.979973435
1341846342.147954 0.680300355 0.270170599 0.460725933 0.073854350 -0.186590180 0.013217635 0.979568839
1341846342.179852 0.684099317 0.273046374 0.459466457 0.077375174 -0.186209112 0.014591474 0.979349971
1341846342.211848 0.687160671 0.273550034 0.459919453 0.077900268 -0.186189637 0.014399746 0.979314923
1341846342.247920 0.689538360 0.272662461 0.460968047 0.079487041 -0.186321765 0.013391425 0.979176581
1341846342.279870 0.691496611 0.272848517 0.460025549 0.080810398 -0.186146319 0.014491515 0.979085982
1341846342.316068 0.692288339 0.273789197 0.456209391 0.082084648 -0.185965672 0.015445799 0.978999674
1341846342.347894 0.691750109 0.271502018 0.453370452 0.081596099 -0.185552418 0.015301401 0.979121149
1341846342.379953 0.693075776 0.270650834 0.457387447 0.081635952 -0.185328290 0.015978560 0.979149461
1341846342.416195 0.691786230 0.270439208 0.458435148 0.081837229 -0.185202643 0.017822200 0.979124606
