1341846313.592026 0.000000000 0.000000000 0.000000000 -0.000000000 -0.000000000 -0.000000000 1.000000000
1341846313.654184 0.009260447 -0.000346314 -0.005541990 -0.000778490 -0.003531143 0.005499455 0.999978364
1341846313.686156 0.017815636 0.004499563 -0.002917160 0.001095757 -0.006312546 0.004817304 0.999967873
1341846313.721918 0.018447021 0.006404075 -0.005312440 0.001212917 -0.006382322 0.005228691 0.999965250
1341846313.753994 0.022118056 0.009043120 -0.002784746 0.001293190 -0.006677731 0.006269866 0.999957204
1341846313.789969 0.021905830 0.012483072 -0.002203521 0.003010257 -0.006244902 0.004537240 0.999965727
1341846313.822075 0.014936718 0.014176212 -0.005444967 0.002949018 -0.002605601 0.002849378 0.999988198
1341846313.853928 0.008068732 0.016805412 -0.003179219 0.002915758 0.001896994 0.001859629 0.999992251
1341846313.890011 -0.004070964 0.011784641 -0.004423882 0.001376028 0.006818685 0.002695177 0.999972165
1341846313.922055 -0.023676349 0.013861770 -0.007250617 -0.000490273 0.011870730 0.003140151 0.999924541
1341846313.957927 -0.052208167 0.020739779 -0.013961106 -0.001119004 0.022659333 0.002931200 0.999738336
1341846313.990058 -0.064055666 0.020767864 -0.008564079 -0.002103676 0.030706605 0.003367231 0.999520600
1341846314.022042 -0.093433335 0.017206552 -0.014108167 -0.005710890 0.038638476 0.005390757 0.999222398
1341846314.057816 -0.107908711 0.024518231 -0.004984830 -0.007272047 0.045034271 0.006231512 0.998939574
1341846314.089801 -0.130991176 0.029774297 -0.000508103 -0.005153948 0.055525616 0.005280413 0.998430014
1341846314.122037 -0.151650578 0.024025436 -0.001784028 -0.008095413 0.063553073 0.007489999 0.997917533
1341846314.157989 -0.168107316 0.032030251 0.004881649 -0.008124774 0.070898972 0.008329935 0.997415662
1341846314.190094 -0.180503637 0.034831326 0.003844397 -0.007515413 0.077502310 0.008953831 0.996923625
1341846314.225969 -0.196054131 0.033044919 -0.000299358 -0.010775571 0.083039343 0.012683921 0.996407270
1341846314.257923 -0.194756746 0.040122148 0.007953640 -0.010939846 0.085635997 0.012753898 0.996184826
1341846314.290052 -0.199381962 0.042879846 0.008021849 -0.009242244 0.088450074 0.011352735 0.995973110
1341846314.325981 -0.215051726 0.051866703 0.007207127 -0.008973284 0.093530878 0.008623467 0.995538592
1341846314.357905 -0.213713467 0.057803381 0.015988627 -0.008235119 0.097465143 0.007218613 0.995178699
1341846314.389899 -0.218929827 0.056924492 0.017852006 -0.007122152 0.101633884 0.006416185 0.994775712
1341846314.427905 -0.228426442 0.064131238 0.013172126 -0.006508833 0.105988145 0.003832983 0.994338751
1341846314.493987 -0.249444708 0.073652059 0.011739975 -0.003130952 0.120930441 -0.003939482 0.992648244
1341846314.526085 -0.262637556 0.081270598 0.003119120 -0.002099550 0.125853196 -0.006664952 0.992024302
1341846314.558292 -0.256524533 0.086432233 0.005946035 -0.002475785 0.128961980 -0.007228401 0.991620183
1341846314.594085 -0.293661356 0.081701852 0.008866759 -0.001264682 0.141261637 -0.005806264 0.989954472
1341846314.626096 -0.317650378 0.082976781 -0.005177742 -0.000989409 0.148666561 -0.004065139 0.988878608
1341846314.658455 -0.360226810 0.087301612 -0.016769482 -0.002292584 0.158830523 -0.004938976 0.987290859
1341846314.694004 -0.318978399 0.087954253 0.006171730 -0.001742519 0.158023775 -0.007950399 0.987401783
1341846314.725910 -0.316930711 0.086777665 -0.000799831 0.003300230 0.159868613 -0.002933895 0.987128437
1341846314.761942 -0.311640710 0.082367219 0.000324917 0.006128432 0.160365984 0.002921760 0.987034321
1341846314.794030 -0.333953828 0.108822219 -0.000565773 0.014061856 0.167667046 -0.001063290 0.985742867
1341846314.826092 -0.347648591 0.112424873 -0.009820557 0.016710874 0.174447611 -0.000255065 0.984524667
1341846314.862145 -0.363400459 0.114737913 -0.009412058 0.017080806 0.182142496 0.001399843 0.983122766
1341846314.894072 -0.367426455 0.115081429 -0.012464385 0.017217016 0.187211230 0.003583989 0.982162297
1341846314.925969 -0.389210373 0.117454022 -0.010861576 0.018020561 0.194166228 0.007391477 0.980775237
1341846314.961937 -0.401607692 0.114948265 -0.017921060 0.014489937 0.196843550 0.013106378 0.980240226
1341846314.994564 -0.394583672 0.125876337 -0.013910610 0.013633264 0.197757825 0.011970651 0.980083048
1341846315.029900 -0.429046065 0.136031255 -0.011879325 0.014900479 0.208508343 0.008610297 0.977869153
1341846315.061965 -0.438121378 0.139492571 -0.018268567 0.015516751 0.211920798 0.012632800 0.977082014
1341846315.094388 -0.430556357 0.143510744 -0.021227652 0.016496755 0.209888905 0.012652637 0.977504194
1341846315.129851 -0.457022041 0.144762918 -0.006307846 0.018353727 0.216436848 0.011999635 0.976050377
1341846315.161941 -0.481843650 0.138073727 -0.013943285 0.013481465 0.220800757 0.016290564 0.975089669
1341846315.197984 -0.460651875 0.144843459 -0.013714306 0.007939865 0.215316251 0.011517930 0.976444244
1341846315.230076 -0.481104672 0.148371324 -0.007286312 0.005554038 0.219128430 0.009778786 0.975631237
1341846315.262069 -0.482777894 0.142980471 -0.009574762 0.001898850 0.217226371 0.013069298 0.976031959
1341846315.298000 -0.484674513 0.153216198 -0.006140945 0.002525701 0.214779571 0.014113233 0.976557314
1341846315.329931 -0.492214859 0.180559725 0.001193870 0.011549219 0.215881869 0.011893864 0.976278722
1341846315.361981 -0.507193029 0.183023334 0.000148097 0.016829772 0.218114108 0.014194265 0.975674927
1341846315.397962 -0.509099782 0.198058516 0.000694528 0.022851763 0.219069764 0.016451135 0.975302875
1341846315.429923 -0.535361052 0.196276054 0.006909687 0.025728889 0.226548672 0.018553162 0.973483205
1341846315.466047 -0.556080341 0.195238769 0.009037422 0.026408259 0.234734491 0.021672059 0.971459031
1341846315.497883 -0.551006198 0.193134323 0.007393492 0.025476752 0.236661941 0.024927283 0.970938087
1341846315.530008 -0.552708209 0.193522140 0.010652952 0.026205394 0.238559812 0.025373027 0.970442533
1341846315.566108 -0.571126938 0.190289259 0.015156470 0.024884202 0.243589342 0.027276723 0.969175458
1341846315.597986 -0.562767386 0.194975540 0.017716447 0.025578570 0.243788794 0.025400845 0.969158232
1341846315.630109 -0.547630429 0.193119034 0.017359402 0.025165102 0.242901251 0.023841601 0.969431460
1341846315.666042 -0.568369687 0.206335515 0.022526249 0.025937118 0.248302013 0.021669714 0.968092918
1341846315.698114 -0.569280565 0.206493706 0.021704931 0.019810760 0.251918942 0.020484662 0.967328727
1341846315.733985 -0.546162128 0.189652815 0.017512703 0.016039951 0.250485659 0.024714747 0.967671871
1341846315.766041 -0.567598701 0.197513387 0.021526137 0.017711286 0.251538903 0.024501162 0.967374921
1341846315.798188 -0.553272069 0.196729168 0.015128680 0.016401004 0.248318925 0.024521533 0.968229055
1341846315.834140 -0.542476475 0.195623234 0.015129738 0.017531415 0.248394996 0.023228921 0.968221605
1341846315.866751 -0.559839547 0.195153877 0.026927471 0.019612115 0.252968252 0.021837508 0.967029333
1341846315.898492 -0.552761257 0.200737566 0.020694867 0.021891875 0.251369447 0.021827649 0.967397451
1341846315.936901 -0.535435855 0.195592582 0.012816140 0.023970533 0.249455184 0.020853782 0.967864990
1341846315.966572 -0.538942873 0.195420191 0.014391057 0.027143918 0.250653923 0.019403996 0.967501640
1341846316.034204 -0.548965871 0.194183752 0.017075403 0.030494895 0.250828713 0.017724026 0.967388690
1341846316.066113 -0.498347163 0.178658351 0.003391786 0.029885646 0.240983635 0.019507982 0.969872773
1341846316.101867 -0.493095934 0.178178519 -0.002916094 0.030836463 0.237414181 0.021153340 0.970688522
1341846316.134066 -0.479475379 0.182951719 -0.004150307 0.029994134 0.231077164 0.018275805 0.972301245
1341846316.202049 -0.440959901 0.144704714 -0.002300946 0.023776919 0.218724996 0.015835674 0.975368321
1341846316.233979 -0.428842127 0.143140793 -0.001177896 0.023531552 0.214834899 0.015441420 0.976244807
1341846316.270052 -0.424621075 0.141050532 -0.005131654 0.021423645 0.214422539 0.012468547 0.976426423
1341846316.301915 -0.417460173 0.145861924 0.002152465 0.023087906 0.213873103 0.009811766 0.976539314
1341846316.334208 -0.407833040 0.133131966 -0.003901463 0.022628203 0.210033417 0.011762511 0.977361560
1341846316.370006 -0.400482416 0.130030572 -0.001464560 0.024242975 0.206740662 0.013043035 0.978008449
1341846316.401994 -0.396198750 0.127569869 -0.003951322 0.025847500 0.204265609 0.015373401 0.978453457
1341846316.438069 -0.382055581 0.121363699 -0.005567707 0.027334437 0.200372890 0.016823854 0.979193807
1341846316.470076 -0.366024822 0.118526757 -0.005155551 0.031623412 0.195991859 0.018997867 0.979911327
1341846316.502034 -0.358940929 0.107345112 -0.014974852 0.030673485 0.190465987 0.020026136 0.981010139
1341846316.537975 -0.334100306 0.097987890 -0.005781893 0.025918026 0.183352828 0.018212842 0.982536674
1341846316.570121 -0.300730139 0.093791023 0.002113069 0.025381690 0.175886974 0.014639092 0.983974218
1341846316.601885 -0.312958270 0.097540304 -0.004442125 0.028164910 0.176431373 0.015832892 0.983782530
1341846316.638009 -0.282137722 0.091134034 0.003111498 0.029391233 0.169133335 0.016716644 0.985013068
1341846316.669925 -0.239228159 0.096637487 -0.014998429 0.032891996 0.159223855 0.016786162 0.986551642
1341846316.705941 -0.238128513 0.097394846 -0.001056070 0.037882447 0.158813760 0.016007671 0.986451626
1341846316.738062 -0.227204829 0.101038828 -0.001031803 0.040186953 0.154734671 0.016283324 0.987004101
1341846316.770433 -0.207940057 0.101196125 -0.010614552 0.038974084 0.148869604 0.018021490 0.987924159
1341846316.805932 -0.197576359 0.096931867 -0.002771757 0.039352782 0.146398231 0.016046382 0.988312483
1341846316.838029 -0.180617034 0.091463223 -0.004230936 0.039366838 0.140441164 0.018171847 0.989139199
1341846316.870034 -0.160027683 0.091256037 0.000866490 0.040070254 0.132048011 0.018563982 0.990259171
1341846316.906344 -0.154902786 0.089432269 -0.003929567 0.040550604 0.127076834 0.018276345 0.990895092
1341846316.937940 -0.149927452 0.084304027 -0.005617991 0.038992211 0.123833537 0.014820005 0.991425931
1341846316.973994 -0.145300895 0.086684383 -0.009332246 0.038446322 0.119940363 0.016806947 0.991894007
1341846317.005913 -0.131539926 0.076060943 -0.005442672 0.035888739 0.113877922 0.018149512 0.992680430
1341846317.037936 -0.145353183 0.071464553 0.005486296 0.035613693 0.112745792 0.017175857 0.992836893
1341846317.073972 -0.130199865 0.069846600 -0.004063275 0.036653429 0.107540570 0.020155447 0.993320346
1341846317.106113 -0.112324215 0.070857964 -0.000188460 0.039851539 0.101998299 0.024999753 0.993671596
1341846317.137887 -0.096009649 0.065031879 -0.003911775 0.041653428 0.091531456 0.029134938 0.994503975
1341846317.173970 -0.092765890 0.065543227 -0.011729059 0.042722829 0.082528323 0.031520676 0.995173514
1341846317.205887 -0.085895464 0.067491487 -0.011628464 0.042905457 0.077374630 0.032318756 0.995554030
1341846317.248131 -0.098274671 0.063031241 -0.010631442 0.043649342 0.075547531 0.033373065 0.995627224
1341846317.306289 -0.063643843 0.044768449 -0.004446554 0.041572433 0.062035996 0.040489867 0.996385396
1341846317.348137 -0.071659580 0.045192428 -0.007493855 0.043174490 0.063622810 0.041559312 0.996173203
1341846317.410120 -0.067691393 0.056102190 -0.024336174 0.047076054 0.059132971 0.048472635 0.995960593
1341846317.442569 -0.073843211 0.062639855 -0.026958114 0.051885586 0.059355952 0.050411135 0.995612204
1341846317.474010 -0.070914261 0.062308196 -0.028210623 0.057530679 0.058152713 0.053916357 0.995189190
1341846317.509927 -0.058762163 0.061697848 -0.038724203 0.058884978 0.051588520 0.057092119 0.995294809
1341846317.542282 -0.059195966 0.064269371 -0.047029469 0.058340564 0.047709577 0.058274016 0.995451868
1341846317.573943 -0.065099865 0.061816994 -0.045799185 0.058256671 0.049301419 0.057548195 0.995421410
1341846317.610159 -0.075580031 0.073699087 -0.047442216 0.064075433 0.051785238 0.059126962 0.994845033
1341846317.643553 -0.066499032 0.069816686 -0.054516476 0.064850695 0.047663987 0.062116761 0.994818687
1341846317.677993 -0.068954669 0.078050368 -0.061504640 0.067528673 0.042900659 0.066144846 0.994597554
1341846317.709996 -0.060503703 0.080031127 -0.063663378 0.070826344 0.037879527 0.065451443 0.994617999
1341846317.741834 -0.055061329 0.083175175 -0.073465742 0.069633439 0.034096725 0.062632933 0.995020449
1341846317.777923 -0.041237403 0.083342984 -0.069646768 0.067900464 0.029217238 0.062436063 0.995307863
1341846317.810021 -0.034224823 0.075168215 -0.068736352 0.066177621 0.025273692 0.060628202 0.995643497
1341846317.841886 -0.016707461 0.070762783 -0.069707148 0.063658625 0.020233169 0.057103924 0.996131241
1341846317.878017 0.006210820 0.064602993 -0.066189297 0.059492733 0.014741343 0.052900758 0.996717036
1341846317.909910 0.011572016 0.061655242 -0.058637694 0.058728494 0.014646680 0.048203707 0.997001946
1341846317.946031 0.021803178 0.060934696 -0.052943770 0.059888788 0.012700408 0.049103715 0.996915698
1341846317.978041 0.051794626 0.050910123 -0.041464169 0.059835114 0.005153981 0.048748288 0.997003913
1341846318.009897 0.045225777 0.052502275 -0.044052359 0.062646948 0.006276528 0.047551434 0.996882558
1341846318.045949 0.062101379 0.042203732 -0.042784523 0.060523894 0.003042683 0.046010371 0.997101128
1341846318.078074 0.095713839 0.031801563 -0.027947394 0.057948392 -0.006354007 0.044171266 0.997321725
1341846318.109894 0.153419405 0.024063699 -0.021974407 0.055901136 -0.021859242 0.039852034 0.997401178
1341846318.145957 0.163571954 0.022493443 -0.015045367 0.054852828 -0.026656134 0.037234593 0.997443855
1341846318.178001 0.151275128 0.010003690 -0.004612599 0.051881753 -0.025280923 0.035145469 0.997714341
1341846318.214074 0.174590737 0.003108002 0.006121119 0.052029565 -0.033205934 0.032968480 0.997548699
1341846318.245970 0.183774814 0.003256095 0.012237045 0.055348553 -0.041879959 0.034357674 0.996996582
1341846318.278018 0.186960846 0.007436199 0.013410357 0.059488349 -0.048187483 0.035592191 0.996429801
1341846318.313937 0.206640944 0.011127440 0.011096448 0.061377484 -0.059689052 0.035387561 0.995699644
1341846318.345989 0.216761261 0.019927472 0.013053066 0.064935036 -0.071837775 0.034885976 0.994688749
1341846318.382046 0.235020384 0.020288741 0.015160155 0.067051515 -0.083085284 0.033578239 0.993717015
1341846318.414072 0.229621917 0.021275286 0.016418895 0.068555243 -0.090506934 0.036756217 0.992853284
1341846318.446035 0.228802279 0.019928114 0.016911766 0.070787214 -0.095853448 0.035195671 0.992251277
1341846318.482196 0.235510647 0.012258803 0.016363019 0.070129521 -0.099781245 0.034088928 0.991949379
1341846318.514144 0.250410289 0.009746887 0.019641161 0.069875322 -0.105613381 0.033260267 0.991391480
1341846318.546259 0.246823803 0.005672382 0.025089832 0.071096309 -0.106973469 0.033182319 0.991161406
1341846318.582042 0.256224900 0.000023171 0.016687416 0.070602559 -0.108936012 0.034361724 0.990942776
1341846318.614115 0.257532626 0.001007003 0.006664977 0.070411690 -0.110921785 0.033982877 0.990749121
1341846318.650038 0.247788936 0.007663858 -0.009681853 0.071398951 -0.110650040 0.034280140 0.990698576
1341846318.682350 0.237409174 0.006683429 -0.013157513 0.071076900 -0.110748507 0.032888617 0.990757942
1341846318.714063 0.242738932 0.005006412 -0.028822575 0.070798174 -0.114209503 0.035164308 0.990306675
1341846318.749905 0.237695858 0.013938911 -0.033124045 0.073978469 -0.114565976 0.038432028 0.989911556
1341846318.782036 0.254413247 0.019138020 -0.038742959 0.075974591 -0.120281532 0.040663894 0.988992751
1341846318.814121 0.250677139 0.026761688 -0.051636521 0.077354014 -0.126447499 0.041155837 0.988095999
1341846318.850072 0.224465802 0.022287980 -0.057891551 0.077523023 -0.128509700 0.038922191 0.987907171
1341846318.883516 0.207071245 0.030841768 -0.062585093 0.082941078 -0.135203943 0.039284829 0.986558378
1341846318.918047 0.200440869 0.031546373 -0.067840956 0.085223094 -0.147753298 0.039199408 0.984565616
1341846318.950044 0.191085249 0.018586380 -0.057466023 0.085674010 -0.157593474 0.034361232 0.983180344
1341846318.982028 0.191214412 0.013587493 -0.060627997 0.085903041 -0.162534162 0.030829329 0.982472837
1341846319.018123 0.193318799 0.022329401 -0.069984317 0.087125078 -0.169502541 0.033488967 0.981099725
1341846319.050745 0.183685094 0.016634058 -0.051407605 0.088726960 -0.175154597 0.032288492 0.980002999
1341846319.081905 0.157815099 0.013930957 -0.056026585 0.093303628 -0.170194134 0.030377466 0.980512917
1341846319.117976 0.134083301 0.021397175 -0.069393903 0.096477240 -0.167857915 0.038682327 0.980316103
1341846319.150093 0.099924237 0.018630177 -0.074965812 0.097563624 -0.167759091 0.044840373 0.979963064
1341846319.186069 0.079239219 0.018704973 -0.083724327 0.098446563 -0.165854707 0.043939549 0.980239689
1341846319.218149 0.050938863 0.030200928 -0.101753585 0.096907876 -0.158757657 0.044993315 0.981519461
1341846319.250034 0.006764421 0.023188550 -0.098390296 0.091106743 -0.147435218 0.046126805 0.983785927
1341846319.286594 -0.029314281 0.016715128 -0.094705433 0.088494584 -0.140178755 0.050498933 0.984869778
1341846319.318034 -0.073691621 0.011649052 -0.095249459 0.088971324 -0.133495554 0.053221811 0.985611737
1341846319.350268 -0.109221146 0.006860996 -0.101116076 0.088931993 -0.128326356 0.059881270 0.985919774
1341846319.386163 -0.153972015 0.001077803 -0.111515641 0.090023562 -0.126013413 0.068457127 0.985560775
1341846319.418386 -0.197507560 0.005235176 -0.137374356 0.092030264 -0.124182001 0.068711706 0.985590160
1341846319.453961 -0.237498060 0.009404922 -0.146044105 0.094117656 -0.119247898 0.060529016 0.986538410
1341846319.486271 -0.217379048 0.009896266 -0.147992656 0.091831520 -0.124932609 0.067140050 0.985622168
1341846319.554083 -0.195863932 0.006381866 -0.127255484 0.085883930 -0.137636125 0.071099803 0.984187543
1341846319.586296 -0.226452112 0.004000596 -0.134335071 0.086252801 -0.133266762 0.067945056 0.984979153
1341846319.622031 -0.240924954 0.000314135 -0.146317706 0.084149100 -0.135786697 0.066673085 0.984903872
1341846319.653962 -0.248421475 0.000219706 -0.122151412 0.084553659 -0.140869200 0.066589661 0.984160841
1341846319.686352 -0.254074603 -0.000130441 -0.125329822 0.086128376 -0.144613355 0.068962112 0.983317435
1341846319.721992 -0.260316223 0.008446941 -0.129006416 0.087935999 -0.148273259 0.070372291 0.982512116
1341846319.754063 -0.277985632 0.021147303 -0.151679516 0.086222112 -0.147947937 0.070528321 0.982701838
1341846319.786397 -0.298341185 0.025350425 -0.141922429 0.082702942 -0.145557135 0.073019251 0.983179331
1341846319.822008 -0.288101465 0.028214093 -0.136210710 0.079563171 -0.148962110 0.080518536 0.982342482
1341846319.853917 -0.293832064 0.028230377 -0.142791674 0.074381456 -0.149856821 0.082789138 0.982423723
1341846319.889942 -0.296212673 0.019984081 -0.125592753 0.070859201 -0.150572926 0.089207962 0.982012689
1341846319.922039 -0.338862807 0.015376773 -0.123500876 0.070968635 -0.148130044 0.089268267 0.982370734
1341846319.953946 -0.312484622 -0.002349742 -0.121021584 0.069152042 -0.158712879 0.085588813 0.981174231
1341846319.990054 -0.303816706 0.001380196 -0.114860177 0.072303481 -0.163646489 0.079015285 0.980687857
1341846320.028122 -0.333860606 0.004428230 -0.126615345 0.075463176 -0.162267312 0.078237347 0.980741322
1341846320.090047 -0.291906238 0.018058036 -0.123090461 0.081767194 -0.174975127 0.076964982 0.978148401
1341846320.122011 -0.283978581 0.020159617 -0.125280976 0.082373269 -0.173385069 0.077246770 0.978358448
1341846320.157952 -0.271256506 0.003946655 -0.129871920 0.080004454 -0.171412274 0.077546097 0.978878856
1341846320.190003 -0.226699337 -0.018900827 -0.124015749 0.078820877 -0.173968464 0.075016946 0.978721023
1341846320.221941 -0.225387514 -0.007724398 -0.123433918 0.084438458 -0.170126930 0.074637070 0.978956759
1341846320.258015 -0.195695341 -0.038624823 -0.144904435 0.082893692 -0.171384588 0.077758886 0.978626430
1341846320.289887 -0.126445264 -0.048911527 -0.131594747 0.086004518 -0.181113526 0.078110650 0.976575553
1341846320.321954 -0.055231672 -0.056378789 -0.134764701 0.091494836 -0.191649005 0.078130551 0.974061072
1341846320.357890 -0.041293748 -0.014879421 -0.116765715 0.103501402 -0.192577720 0.075948380 0.972847939
1341846320.390064 -0.011044412 -0.017071996 -0.115297697 0.104277626 -0.192206457 0.075123034 0.972902596
1341846320.426544 0.057001129 -0.005925385 -0.090646431 0.108585738 -0.193662286 0.068743691 0.972614169
1341846320.458122 0.118903965 0.002445514 -0.074464679 0.110807851 -0.194078520 0.062763669 0.972684920
1341846320.490186 0.189571828 0.006622608 -0.054774344 0.114177488 -0.195732668 0.059739567 0.972154021
1341846320.525911 0.251640618 0.007718862 -0.049990721 0.116873063 -0.195407957 0.057050902 0.972060502
1341846320.558091 0.307192355 0.012292524 -0.039386652 0.118885376 -0.197858185 0.051135324 0.971649945
1341846320.594093 0.375733554 0.020464983 -0.007006085 0.121388957 -0.203037560 0.047618385 0.970449924
1341846320.631955 0.402878106 0.032789335 0.000549635 0.125680432 -0.198438674 0.046651192 0.970901787
1341846320.664916 0.428617954 0.028632348 0.005517418 0.125629008 -0.198650271 0.043673482 0.971003652
1341846320.699927 0.495552331 0.038294006 0.029419832 0.126891389 -0.203624234 0.038256273 0.970037222
1341846320.731822 0.527721286 0.044605434 0.041970279 0.129871666 -0.200869530 0.036301032 0.970292211
1341846320.763877 0.552105546 0.064596906 0.045180187 0.129320368 -0.202326074 0.039131813 0.969953179
1341846320.799999 0.593085051 0.056779720 0.058787040 0.123568937 -0.208586052 0.029918805 0.969704807
1341846320.831871 0.627912164 0.045443319 0.057518251 0.123259656 -0.201458529 0.022970257 0.971439064
1341846320.863887 0.651635587 0.048118118 0.073907264 0.122193336 -0.198165029 0.027677413 0.972128272
1341846320.900014 0.662333250 0.048916824 0.123308957 0.118947417 -0.204357713 0.027334154 0.971258104
1341846320.931889 0.714884281 0.019742537 0.139077738 0.116000615 -0.210188583 0.022783132 0.970487297
1341846320.967866 0.768509328 0.031579360 0.142907500 0.116196290 -0.213610709 0.020062210 0.969776452
1341846321.000017 0.809508801 0.036272869 0.164627612 0.111872576 -0.219902888 0.019068519 0.968898177
1341846321.031860 0.846319258 0.027907699 0.193004578 0.110028803 -0.224287510 0.012056166 0.968216658
1341846321.068047 0.886065602 0.033046760 0.208690107 0.111574896 -0.226633400 0.009713622 0.967519522
1341846321.099840 0.929179788 0.045527171 0.225328863 0.111521021 -0.231913626 0.010363555 0.966266930
1341846321.131821 0.974787831 0.031468961 0.247561693 0.110216737 -0.236387268 0.007655439 0.965357304
1341846321.167887 1.005330324 0.039775029 0.276114792 0.114292502 -0.237301737 0.009035244 0.964646816
1341846321.200042 1.021983266 0.051955719 0.288973957 0.116790935 -0.237275243 0.009308974 0.964351475
1341846321.231950 1.011602879 0.054370377 0.291432381 0.117427722 -0.233924881 0.007372678 0.965109110
1341846321.267939 1.051665902 0.053137150 0.302125573 0.118737914 -0.236572072 0.000644279 0.964331150
1341846321.299948 1.065381885 0.057906181 0.319432348 0.120376080 -0.234213948 -0.006142830 0.964684248
1341846321.331858 1.046354532 0.079311609 0.331318527 0.125524074 -0.228474185 -0.008549375 0.965386033
1341846321.367913 1.074304581 0.061831377 0.352538705 0.126757681 -0.229514629 -0.015878130 0.964885175
1341846321.399897 1.088103890 0.061059520 0.353678823 0.128728926 -0.226093084 -0.017328521 0.965406954
1341846321.435994 1.088101387 0.064851418 0.368567824 0.131682262 -0.223246768 -0.016665632 0.965682626
1341846321.467946 1.103934646 0.072464414 0.381283969 0.134909004 -0.222808912 -0.016027933 0.965349078
1341846321.499882 1.125940084 0.069460995 0.393321216 0.136211291 -0.222562626 -0.016824545 0.965209484
1341846321.536109 1.162071228 0.067620255 0.400160700 0.136839762 -0.220636666 -0.022073217 0.965456963
1341846321.568960 1.147695541 0.089318946 0.416196525 0.138257027 -0.213012829 -0.023756696 0.966926157
1341846321.603938 1.156819701 0.082362242 0.424425185 0.135326579 -0.211768419 -0.025308084 0.967574477
1341846321.637163 1.174622774 0.084554955 0.427350968 0.133701012 -0.208117604 -0.026056895 0.968572199
1341846321.668306 1.109731793 0.107168496 0.436206520 0.133153319 -0.191106096 -0.024011124 0.972199678
1341846321.704411 1.101433516 0.115107127 0.441062748 0.130123585 -0.190307677 -0.015385065 0.972940981
1341846321.736861 1.121243834 0.108736403 0.453786761 0.126499340 -0.195484161 -0.008948497 0.972473025
1341846321.771881 1.131500840 0.126483232 0.455680341 0.124596126 -0.195173129 -0.005339274 0.972807705
1341846321.804114 1.140984416 0.126671880 0.466490865 0.121072032 -0.194122955 -0.004471201 0.973466933
1341846321.836152 1.129575610 0.151036650 0.465669155 0.121963553 -0.189429030 -0.005116486 0.974276841
1341846321.871882 1.113350272 0.192022234 0.466476440 0.123660237 -0.185196772 -0.009240017 0.974846125
1341846321.904074 1.122932315 0.170402735 0.468773961 0.114949062 -0.184335008 -0.013682737 0.976022601
1341846321.939847 1.132675648 0.154374570 0.477887779 0.109578736 -0.182865232 -0.017297983 0.976859093
1341846322.004094 1.134625554 0.145806387 0.477359056 0.101975173 -0.185306400 -0.018941108 0.977191806
1341846322.066178 1.163377881 0.116565697 0.487931103 0.094589368 -0.183490798 -0.023835400 0.978169680
1341846322.107979 1.157644510 0.096516408 0.490175277 0.090838633 -0.181367084 -0.025322111 0.978883684
1341846322.166164 1.149817944 0.068873063 0.486710131 0.090760432 -0.181231737 -0.022275219 0.978990018
1341846322.202932 1.161176801 0.061703302 0.494666576 0.091436572 -0.185447708 -0.021159191 0.978161931
1341846322.234093 1.168761253 0.051701441 0.491893202 0.089407444 -0.187706470 -0.023534831 0.977864385
1341846322.265941 1.161342144 0.033194024 0.490856647 0.085091904 -0.189549163 -0.024358975 0.977873802
1341846322.301996 1.171386361 0.014276922 0.495775104 0.081815317 -0.192658007 -0.023751395 0.977560759
1341846322.333949 1.161715865 -0.017534075 0.481388390 0.076892659 -0.193022385 -0.025429228 0.977846205
1341846322.369871 1.176161528 -0.019872725 0.500011742 0.080718078 -0.201373801 -0.028537584 0.975765765
1341846322.402292 1.202398300 -0.039268911 0.511651874 0.083168045 -0.203201920 -0.034571860 0.974985600
1341846322.433955 1.180869699 -0.078910217 0.500626326 0.084690601 -0.199740008 -0.037208788 0.975472689
1341846322.470030 1.174663901 -0.080793492 0.503632784 0.091694459 -0.203587279 -0.031433478 0.974246562
1341846322.502433 1.202453256 -0.101036757 0.509450257 0.096404769 -0.210679784 -0.027323755 0.972406089
1341846322.534002 1.201239228 -0.133223504 0.506055474 0.101377495 -0.210378021 -0.026166784 0.971997440
1341846322.570196 1.194921494 -0.130744696 0.505990148 0.111023866 -0.210511997 -0.019590339 0.971068799
1341846322.601920 1.185269475 -0.153242126 0.498274505 0.112272859 -0.212476537 -0.015459523 0.970571756
1341846322.638119 1.193395019 -0.165951818 0.511729717 0.117371865 -0.216532513 -0.016563531 0.969052732
1341846322.669947 1.227197051 -0.197731286 0.508014679 0.117646620 -0.217635855 -0.015999787 0.968781650
1341846322.702026 1.201941848 -0.192052335 0.513421178 0.122991934 -0.213807985 -0.011991085 0.969028056
1341846322.738006 1.259895682 -0.207855165 0.536138356 0.121398069 -0.225456521 -0.008415246 0.966623545
1341846322.770087 1.264846683 -0.263213038 0.535997212 0.114510283 -0.225341871 -0.008717557 0.967487752
1341846322.806047 1.248956203 -0.281729102 0.540098488 0.116046272 -0.224791303 -0.007271713 0.967444718
1341846322.838063 1.231531858 -0.311000615 0.534319103 0.113930166 -0.226847768 -0.006796991 0.967219651
1341846322.870081 1.240433574 -0.327171355 0.550887644 0.114867717 -0.234285221 -0.006640309 0.965335071
1341846322.906018 1.250006557 -0.318194598 0.546034038 0.120571077 -0.235610530 -0.004457634 0.964329004
1341846322.938349 1.250633001 -0.290876865 0.552837014 0.124173626 -0.235014513 -0.001527101 0.964026392
1341846322.970069 1.232879400 -0.310018033 0.547422469 0.117081493 -0.232760608 -0.002603283 0.965457201
1341846323.011820 1.231134295 -0.320913553 0.551955938 0.113959603 -0.232408628 -0.001942901 0.965916991
1341846323.073951 1.236420155 -0.309813619 0.558105469 0.113160729 -0.233633712 0.001465932 0.965716183
1341846323.105962 1.196837783 -0.332251251 0.543450296 0.110106744 -0.227567583 -0.002325610 0.967514396
1341846323.138158 1.205125928 -0.356530130 0.546103001 0.107872643 -0.229127496 -0.007212138 0.967373788
1341846323.174092 1.205799341 -0.373237312 0.547375977 0.103629455 -0.229933262 -0.008474804 0.967636228
1341846323.206059 1.221221685 -0.383904994 0.558434963 0.100443594 -0.232457384 -0.010569812 0.967348397
1341846323.238053 1.225396872 -0.338274240 0.555056036 0.106398664 -0.228720024 -0.009975542 0.967608929
1341846323.273997 1.215556383 -0.360496879 0.548868716 0.098405562 -0.228520602 -0.011173567 0.968488455
1341846323.305946 1.221004963 -0.353684098 0.554755628 0.096140668 -0.232801944 -0.011708945 0.967689574
1341846323.342027 1.257867217 -0.367393911 0.565090895 0.094806731 -0.234478578 -0.011947469 0.967413425
1341846323.374048 1.242241859 -0.412704527 0.563450456 0.087777957 -0.230953485 -0.009537612 0.968950272
1341846323.405987 1.237977505 -0.367624432 0.546884596 0.095746912 -0.235011086 -0.003990813 0.967257142
1341846323.441956 1.222810388 -0.356219947 0.554287016 0.099954598 -0.235704377 -0.003427172 0.966664791
1341846323.473878 1.216910124 -0.356168777 0.555886328 0.106412753 -0.233587772 -0.003621464 0.966488481
1341846323.506129 1.217414498 -0.343131274 0.551277876 0.110514410 -0.233836442 -0.004686439 0.965963364
1341846323.541972 1.233106494 -0.353831530 0.558195174 0.108228862 -0.235661685 -0.008077860 0.965756118
1341846323.573913 1.275751829 -0.379853755 0.565640152 0.107334279 -0.236652225 -0.013089628 0.965558767
1341846323.609927 1.229499340 -0.372451544 0.552402377 0.109232679 -0.223848119 -0.014223738 0.968379080
1341846323.642014 1.219843030 -0.412969470 0.547500372 0.102470197 -0.222258061 -0.014662047 0.969477296
1341846323.674081 1.229263544 -0.379669189 0.551724136 0.109256923 -0.225518227 -0.010017999 0.968041360
1341846323.710069 1.231638908 -0.411849976 0.542967796 0.107497804 -0.226692557 -0.006792295 0.967992067
1341846323.742111 1.238384247 -0.413039774 0.549871147 0.113039695 -0.230445370 -0.006039671 0.966478407
1341846323.774928 1.235626340 -0.415268302 0.548392832 0.116667360 -0.232079968 -0.009313824 0.965629816
1341846323.810012 1.216780543 -0.418050021 0.538684368 0.119465500 -0.230130360 -0.014287214 0.965693474
1341846323.842207 1.226748228 -0.421330690 0.541437149 0.121752106 -0.231163725 -0.017120451 0.965114832
1341846323.878019 1.237020850 -0.449642122 0.542833328 0.120001204 -0.234244168 -0.021020684 0.964514136
1341846323.909826 1.206900358 -0.474393129 0.522018015 0.121269166 -0.230127648 -0.024712274 0.965258718
1341846323.942459 1.232540607 -0.456222147 0.538596213 0.127766311 -0.235251084 -0.022222705 0.963243961
1341846323.978055 1.229575515 -0.472137600 0.531561315 0.127816319 -0.237843409 -0.020808052 0.962632060
1341846324.015934 1.223600745 -0.502186596 0.521013200 0.126684889 -0.237727955 -0.019465927 0.962838233
1341846324.047722 1.227003813 -0.505887687 0.531668842 0.127753645 -0.237198859 -0.019979669 0.962817013
1341846324.083904 1.225594521 -0.494037449 0.538653910 0.128850564 -0.235969320 -0.020951228 0.962952256
1341846324.115968 1.216722250 -0.495820194 0.536922097 0.126988485 -0.232838616 -0.024489237 0.963877797
1341846324.151967 1.219315886 -0.507924914 0.530251980 0.125259489 -0.229614481 -0.030520963 0.964704990
1341846324.183941 1.224967241 -0.474297673 0.532264173 0.127414912 -0.226637885 -0.033481687 0.965028346
1341846324.219984 1.213922739 -0.468765020 0.529367924 0.123385645 -0.223643407 -0.033883534 0.966235757
1341846324.251968 1.216752529 -0.478735268 0.529061735 0.121182539 -0.224173844 -0.034383539 0.966373980
1341846324.284052 1.202128172 -0.457308471 0.538878143 0.123276502 -0.224180460 -0.034961209 0.966086805
1341846324.319880 1.213293076 -0.437582076 0.541398466 0.123236552 -0.229474857 -0.034153603 0.964877009
1341846324.351917 1.241800547 -0.406821549 0.543037653 0.122261874 -0.234960914 -0.032108389 0.963750184
1341846324.388001 1.251316905 -0.416680187 0.548758566 0.116774522 -0.235752106 -0.040526789 0.963920295
1341846324.419908 1.234264493 -0.386005461 0.550731659 0.115582049 -0.231302798 -0.042487673 0.965056837
1341846324.452027 1.224658370 -0.386680901 0.558580875 0.110812835 -0.230723962 -0.044803683 0.965649843
1341846324.487928 1.231451869 -0.388847888 0.556685686 0.107318804 -0.232143521 -0.042724062 0.965798497
1341846324.519985 1.216336966 -0.399598509 0.555450737 0.101431072 -0.233453661 -0.039997783 0.966235638
1341846324.556001 1.216206312 -0.381920636 0.549551189 0.098438978 -0.237610221 -0.035378937 0.965711892
1341846324.587888 1.217783689 -0.351540089 0.553712368 0.098539568 -0.240479067 -0.035415884 0.964989901
1341846324.620086 1.225545287 -0.348962992 0.558990598 0.096480154 -0.244258210 -0.038703360 0.964122236
1341846324.655955 1.217051983 -0.311127394 0.558570504 0.099572442 -0.242809057 -0.038690396 0.964174330
1341846324.688082 1.212549329 -0.320351660 0.558586001 0.096997261 -0.242648214 -0.039450344 0.964446545
1341846324.755922 1.219037056 -0.285503507 0.566692710 0.096858509 -0.248408362 -0.033687923 0.963211715
1341846324.814016 1.227490783 -0.205966592 0.564111888 0.100489736 -0.251715243 -0.037020974 0.961857915
1341846324.849979 1.207312346 -0.195270792 0.562059641 0.096133530 -0.246255487 -0.041234173 0.963543653
1341846324.881924 1.208284974 -0.197919399 0.567271233 0.091845974 -0.249127716 -0.041778333 0.963200033
1341846324.913902 1.203344107 -0.178294718 0.562018871 0.092015192 -0.248594314 -0.038540993 0.963456631
1341846324.949999 1.206232190 -0.182108045 0.562473416 0.091685027 -0.249461874 -0.036656868 0.963337362
1341846324.981922 1.200405002 -0.179305375 0.554638684 0.094253466 -0.251598209 -0.030970106 0.962733388
1341846325.018013 1.200956941 -0.179328695 0.556478381 0.095107645 -0.257224649 -0.028150145 0.961247921
1341846325.050079 1.204417348 -0.155917495 0.553853571 0.098846190 -0.262536377 -0.029519765 0.959391832
1341846325.081901 1.192209840 -0.092637606 0.553108275 0.106688589 -0.264610082 -0.030783514 0.957941294
1341846325.118531 1.211373210 -0.077327475 0.556970477 0.103851311 -0.267618299 -0.032803390 0.957350194
1341846325.149933 1.199407458 -0.074415043 0.555044830 0.099073425 -0.263402790 -0.036152929 0.958903790
1341846325.181925 1.188743472 -0.074205577 0.551685035 0.094477080 -0.260890692 -0.034133755 0.960127652
1341846325.218055 1.183813214 -0.047730602 0.549201608 0.094540969 -0.259570897 -0.031403683 0.960572124
1341846325.249811 1.178348184 -0.039742779 0.542443514 0.092224211 -0.258506209 -0.029183462 0.961154282
1341846325.285925 1.189715266 -0.023895573 0.554896235 0.089995459 -0.261313498 -0.025275176 0.960717022
1341846325.317988 1.200546861 -0.044069134 0.556548595 0.084756345 -0.259873062 -0.024732403 0.961597979
1341846325.349844 1.203399658 -0.048117168 0.569114625 0.086213000 -0.256907433 -0.020708052 0.962360203
1341846325.387302 1.199499369 -0.034047019 0.569628775 0.091423810 -0.253952175 -0.018720806 0.962704301
1341846325.417931 1.226644039 -0.023960799 0.583566546 0.094765306 -0.253112108 -0.015041299 0.962666929
1341846325.450747 1.218712807 -0.038243324 0.575545788 0.097337648 -0.243382409 -0.013366366 0.964941323
1341846325.485954 1.182287931 0.007944688 0.570854783 0.111537352 -0.232847020 -0.008503126 0.966058671
1341846325.517875 1.175494552 0.028946213 0.563977957 0.116811387 -0.228874207 -0.006088348 0.966403008
1341846325.553859 1.179988384 0.049739204 0.571321845 0.122554645 -0.226250350 -0.005106434 0.966315269
1341846325.585855 1.177168727 0.073315352 0.567211628 0.126602650 -0.222305179 -0.004390968 0.966712475
1341846325.617990 1.172982335 0.112529509 0.562063217 0.128057897 -0.219273686 -0.005663980 0.967206478
1341846325.653982 1.169660449 0.085199490 0.570292950 0.123529792 -0.218094587 -0.010536277 0.968020737
1341846325.685819 1.166452765 0.093290865 0.564770639 0.129165605 -0.216224894 -0.007068772 0.967736065
1341846325.717857 1.153319955 0.111348793 0.558720708 0.133611098 -0.213171229 0.000182962 0.967835784
1341846325.754083 1.146153212 0.117440969 0.551539898 0.136183500 -0.212014228 0.004330731 0.967721701
1341846325.786087 1.144731998 0.136680514 0.561721623 0.145290196 -0.211846069 0.007319238 0.966415226
1341846325.821856 1.163508177 0.155224770 0.574398994 0.149283230 -0.213358596 0.011836402 0.965428710
1341846325.853827 1.128238678 0.153167725 0.557539046 0.148899034 -0.207147151 0.014521525 0.966803133
1341846325.885958 1.136620164 0.163162634 0.539310038 0.148220405 -0.210354432 0.018092712 0.966154456
1341846325.921984 1.137774706 0.193690568 0.561156571 0.151129395 -0.215339750 0.022999268 0.964499712
1341846325.953899 1.140322685 0.173014566 0.552362382 0.149854407 -0.213961944 0.023413043 0.964995205
1341846325.985823 1.134489655 0.222519889 0.572745860 0.157995164 -0.211852357 0.030410908 0.963966429
1341846326.021991 1.126083255 0.239470914 0.568589449 0.162052259 -0.210839272 0.036978744 0.963285267
1341846326.054055 1.134302855 0.275095105 0.578812003 0.170592159 -0.213004529 0.041295376 0.961156607
1341846326.089984 1.148170948 0.323128045 0.594623923 0.178656712 -0.213326842 0.043228805 0.959533691
1341846326.121822 1.130613089 0.312508583 0.588527858 0.175844789 -0.206325561 0.039434142 0.961744964
1341846326.154079 1.126058221 0.289589018 0.591046393 0.172626063 -0.204290986 0.038090732 0.962816000
1341846326.190178 1.095998287 0.327319890 0.584231198 0.178869277 -0.199862912 0.041440003 0.962467313
1341846326.222162 1.088437080 0.360005856 0.575431287 0.179331049 -0.200049132 0.049371216 0.961968422
1341846326.259181 1.086728096 0.376852125 0.585459173 0.177765310 -0.202970088 0.050645396 0.961580873
1341846326.322766 1.104370832 0.416123569 0.611726105 0.173754245 -0.206815720 0.050962925 0.961477816
1341846326.359773 1.093223929 0.419552416 0.606655657 0.170031384 -0.202401251 0.047363531 0.963265181
1341846326.392109 1.085085630 0.425493449 0.610300839 0.170843989 -0.199414328 0.048597280 0.963682890
1341846326.423985 1.090108871 0.424799621 0.608309329 0.172766179 -0.200206369 0.053975157 0.962889373
1341846326.459869 1.074009895 0.432076335 0.604979813 0.172920927 -0.200443447 0.056508228 0.962666988
1341846326.526163 1.096070528 0.455770761 0.620107710 0.170612186 -0.201382369 0.058653668 0.962754548
1341846326.560211 1.084648013 0.469668657 0.630514979 0.167635575 -0.196600497 0.057190273 0.964352548
1341846326.591828 1.078736424 0.447537780 0.627946973 0.160474703 -0.194048762 0.055074032 0.966209054
1341846326.627027 1.079567790 0.450465322 0.628246546 0.158484578 -0.192150816 0.054259971 0.966962636
1341846326.658442 1.099460244 0.414541334 0.633053899 0.147519469 -0.191216171 0.050947584 0.969060779
1341846326.694856 1.091336489 0.423879117 0.633171797 0.142728090 -0.187247291 0.050799586 0.970559955
1341846326.726206 1.090785623 0.429146469 0.637632370 0.136507720 -0.186009422 0.047297698 0.971868932
1341846326.762753 1.093751192 0.436048865 0.635099530 0.129866898 -0.182545781 0.042891387 0.973638535
1341846326.826821 1.080940247 0.440581799 0.639697134 0.112030439 -0.174874619 0.036425084 0.977517903
1341846326.858887 1.078724504 0.415474594 0.641653955 0.100680918 -0.173849523 0.033360936 0.979043841
1341846326.895360 1.092811227 0.422188222 0.662037492 0.099637523 -0.178792730 0.034776412 0.978210688
1341846326.926897 1.093966842 0.417414844 0.659665167 0.098904788 -0.182798237 0.036206257 0.977492630
1341846326.958888 1.097824931 0.445810467 0.662364304 0.103374846 -0.184511125 0.040066302 0.976557255
1341846326.994594 1.098281264 0.449680269 0.662914813 0.101945125 -0.183784172 0.041791901 0.976772308
1341846327.026301 1.105094671 0.435424715 0.670497894 0.094570130 -0.183280155 0.039688013 0.977696121
1341846327.063945 1.093744040 0.459218502 0.663151503 0.097223908 -0.178573459 0.036007091 0.978449047
1341846327.094662 1.083171487 0.472110271 0.657002687 0.098381333 -0.174581796 0.033811178 0.979131877
1341846327.128901 1.085913181 0.468700618 0.667912066 0.094898865 -0.175299406 0.033976555 0.979341567
1341846327.161940 1.078996539 0.477260590 0.666965902 0.093281575 -0.175030887 0.031586997 0.979624927
1341846327.193867 1.028411269 0.484705180 0.644579113 0.093763612 -0.162904665 0.027876396 0.981780767
1341846327.229885 1.026432514 0.505437732 0.619489372 0.096367933 -0.158020139 0.023173591 0.982448936
1341846327.262014 0.971965313 0.509795189 0.598525882 0.098605290 -0.140742749 0.013178164 0.985035419
1341846327.294023 0.922097266 0.526937723 0.575230598 0.105395801 -0.118924417 0.008948423 0.987253129
1341846327.330015 0.903587103 0.542775869 0.540251017 0.105567940 -0.103975728 0.007953148 0.988929391
1341846327.361939 0.870311797 0.566676021 0.521692157 0.105196357 -0.093034588 0.002608510 0.990086615
1341846327.393887 0.838974595 0.574346483 0.507742822 0.104668148 -0.085103005 -0.003004680 0.990854740
1341846327.429966 0.818044841 0.569693446 0.476489305 0.096393883 -0.081428409 -0.008203585 0.991972983
1341846327.461965 0.791202724 0.556081593 0.464409471 0.083982714 -0.081398293 -0.014711237 0.993028104
1341846327.497931 0.745942652 0.554578424 0.459554344 0.079775438 -0.073185794 -0.019161901 0.993937910
1341846327.530068 0.707214057 0.563408196 0.444621146 0.077154107 -0.065816499 -0.017536029 0.994689941
1341846327.561895 0.683436155 0.578970075 0.450897276 0.075866707 -0.064756207 -0.013474171 0.994921744
1341846327.598010 0.626056910 0.583031178 0.442292064 0.076815650 -0.057410885 -0.011770377 0.995321453
1341846327.629945 0.585364461 0.590187073 0.420571536 0.074767686 -0.054603260 -0.015412615 0.995585620
1341846327.662003 0.576490760 0.576457024 0.420677722 0.071809091 -0.056247115 -0.019335113 0.995643437
1341846327.697919 0.542488515 0.581097305 0.396058738 0.071493864 -0.050380521 -0.017772557 0.996009350
1341846327.730075 0.508654833 0.585750699 0.384535730 0.065492049 -0.045746833 -0.016120201 0.996673524
1341846327.766017 0.475767285 0.598990738 0.381598532 0.062307682 -0.039956719 -0.016358534 0.997122705
1341846327.797917 0.518329561 0.624639511 0.395004213 0.058708917 -0.047847424 -0.012410351 0.997050583
1341846327.830054 0.509867728 0.626610577 0.394881874 0.051532343 -0.046089955 -0.014603149 0.997500360
1341846327.865944 0.503790259 0.615059257 0.384397209 0.043688241 -0.043099638 -0.014356364 0.998011887
1341846327.898010 0.497379720 0.625765145 0.388791651 0.040769488 -0.041314024 -0.013491368 0.998222947
1341846327.929991 0.501034915 0.631573558 0.387580484 0.035431959 -0.042961609 -0.015757464 0.998323917
1341846327.966065 0.505932152 0.642653227 0.390862912 0.031425234 -0.043089055 -0.018532690 0.998404920
1341846327.998073 0.502070963 0.643511891 0.388663232 0.023875665 -0.040783141 -0.022516947 0.998628914
1341846328.034045 0.503494978 0.651188433 0.388917267 0.018267848 -0.039511044 -0.023675395 0.998771667
1341846328.065993 0.504291475 0.642066598 0.388646275 0.011278532 -0.038840070 -0.024340434 0.998885334
1341846328.098045 0.497255057 0.633282661 0.392205745 0.010615299 -0.037351001 -0.022970419 0.998981774
1341846328.133967 0.480370879 0.634793937 0.386000037 0.013464781 -0.035779636 -0.019311819 0.999082386
1341846328.166023 0.487038136 0.631154776 0.386799693 0.012544079 -0.040064689 -0.018358920 0.998949647
1341846328.198018 0.490169436 0.609026730 0.382612884 0.010355787 -0.043616816 -0.021586571 0.998761415
1341846328.234044 0.490305215 0.604366064 0.380382836 0.014073677 -0.045452543 -0.022375790 0.998616755
1341846328.265899 0.488502771 0.590846658 0.376266003 0.015370347 -0.047181312 -0.021607665 0.998534322
1341846328.302051 0.482283354 0.574898481 0.372670680 0.017915063 -0.046485011 -0.021425242 0.998528540
1341846328.333917 0.450268447 0.562241495 0.370421678 0.021092042 -0.041567326 -0.018521931 0.998741329
1341846328.366008 0.433245599 0.557361126 0.389767468 0.028942674 -0.041067079 -0.019841913 0.998539984
1341846328.402010 0.383838236 0.535278082 0.395754665 0.040111125 -0.031371608 -0.019523537 0.998511851
1341846328.433920 0.343571156 0.552314162 0.390054733 0.050740741 -0.026804781 -0.019533765 0.998160958
1341846328.470003 0.311077684 0.540251791 0.394987673 0.052458033 -0.021912405 -0.027417457 0.998006165
1341846328.502194 0.363574326 0.534279346 0.394142866 0.057746377 -0.029195525 -0.032794029 0.997365296
1341846328.534033 0.362965792 0.521810472 0.393628448 0.060263310 -0.026353395 -0.035302367 0.997209907
1341846328.570125 0.348354846 0.476720631 0.385236949 0.057588972 -0.024160035 -0.034566041 0.997449279
1341846328.602804 0.387378454 0.457638353 0.373938233 0.063106999 -0.036648825 -0.031303048 0.996842265
1341846328.672663 0.400219083 0.434859693 0.381400019 0.074911922 -0.053338453 -0.031274334 0.995271385
1341846328.702975 0.407027423 0.408506125 0.375575185 0.075108066 -0.057401635 -0.032250531 0.994999349
1341846328.770129 0.393438667 0.404950708 0.369776011 0.087949701 -0.057877444 -0.034120597 0.993856549
1341846328.802331 0.398543328 0.401952207 0.382424772 0.091104977 -0.062605679 -0.032895964 0.993326902
1341846328.838051 0.399541289 0.395346940 0.370952755 0.096796222 -0.064271927 -0.035901252 0.992577851
1341846328.869939 0.395700872 0.403708786 0.371637493 0.098814093 -0.064795785 -0.035551623 0.992357492
1341846328.904486 0.380199641 0.391341865 0.371262580 0.094798364 -0.065234423 -0.036973242 0.992668509
1341846328.939814 0.397371680 0.344183952 0.356235802 0.092983648 -0.070491605 -0.037461273 0.992462456
1341846328.970217 0.384088576 0.340252966 0.349955946 0.095684171 -0.070292771 -0.033111244 0.992374539
1341846329.006232 0.395556331 0.339110345 0.353591710 0.098411486 -0.074499853 -0.028842416 0.991934001
1341846329.038243 0.375835121 0.342785448 0.352501273 0.106080398 -0.071477227 -0.030023022 0.991330683
1341846329.106125 0.393936068 0.324981630 0.338310003 0.106463060 -0.074722521 -0.030469000 0.991036713
1341846329.138340 0.394884884 0.316309541 0.335969567 0.109045632 -0.075634725 -0.031867065 0.990642726
1341846329.169991 0.401159912 0.310822219 0.332488894 0.110469982 -0.077966712 -0.032480054 0.990284145
1341846329.208656 0.403236985 0.303975075 0.330797046 0.111119464 -0.079162888 -0.033352356 0.990087628
1341846329.238169 0.405113369 0.310671091 0.330674410 0.112433925 -0.080104291 -0.033683207 0.989852190
1341846329.273827 0.405459255 0.288501859 0.324744523 0.108539924 -0.081049532 -0.032947905 0.990234613
1341846329.306052 0.397794306 0.307153225 0.323391974 0.113444604 -0.082151204 -0.034928925 0.989525914
1341846329.338104 0.397520602 0.311222196 0.321630239 0.111530006 -0.082796700 -0.037076488 0.989611566
1341846329.373907 0.392149389 0.288862348 0.316581875 0.107239529 -0.082646199 -0.038715005 0.990035594
1341846329.405985 0.392034292 0.287970573 0.316173136 0.110151991 -0.084011532 -0.041368697 0.989493430
1341846329.442057 0.392104894 0.293502569 0.313181520 0.111548632 -0.083946846 -0.045315240 0.989169538
1341846329.473950 0.394644916 0.276696205 0.309102505 0.109918445 -0.085664362 -0.050697058 0.988943577
1341846329.506147 0.386403441 0.275677711 0.304306090 0.110894315 -0.085950218 -0.053093217 0.988684058
1341846329.542121 0.385270149 0.265464872 0.302510679 0.108823642 -0.089309223 -0.054954786 0.988514721
1341846329.574086 0.388829142 0.262489259 0.304337531 0.113276199 -0.092063069 -0.055454288 0.987733662
1341846329.606387 0.387862086 0.255238444 0.293394119 0.114861891 -0.092039429 -0.056385513 0.987500012
1341846329.641955 0.374082625 0.248657525 0.289680421 0.113888636 -0.091363341 -0.055848692 0.987705946
1341846329.681570 0.371959388 0.239207357 0.289750516 0.112942517 -0.094314858 -0.056141887 0.987520576
1341846329.748113 0.395684600 0.237053171 0.289303958 0.116208486 -0.097530045 -0.057551637 0.986747861
1341846329.810175 0.393766552 0.204766601 0.283690035 0.112097323 -0.094719537 -0.052775908 0.987763703
1341846329.842255 0.375532240 0.179186121 0.277911901 0.110040374 -0.092240952 -0.050333202 0.988356948
1341846329.874044 0.378600001 0.167208120 0.280474067 0.110319547 -0.093577482 -0.046732679 0.988376915
1341846329.910073 0.371617138 0.166847035 0.279608250 0.109885924 -0.093051232 -0.043183424 0.988636315
1341846329.942009 0.368498772 0.150585413 0.278184861 0.102325387 -0.092874497 -0.038884059 0.989642322
1341846329.978087 0.379090488 0.148222670 0.276006430 0.104113668 -0.095449738 -0.038710799 0.989217460
1341846330.016305 0.373678863 0.165176034 0.271870285 0.108315699 -0.092551470 -0.039790288 0.988998890
1341846330.048192 0.362474740 0.186221451 0.271120071 0.107145324 -0.089762799 -0.037932720 0.989456236
1341846330.080418 0.366001576 0.149622351 0.269024283 0.099130705 -0.090539686 -0.036742840 0.990265429
1341846330.115886 0.366366357 0.134381458 0.266755641 0.101378955 -0.089409433 -0.036399368 0.990153193
1341846330.147839 0.372499377 0.160726979 0.265212178 0.106567979 -0.090790942 -0.032831468 0.989607215
1341846330.181257 0.373057663 0.149870604 0.259231269 0.098142169 -0.091133617 -0.030980388 0.990506470
1341846330.215852 0.372638643 0.145862326 0.263807565 0.092808321 -0.090000518 -0.033131693 0.991054416
1341846330.247833 0.369246840 0.147486582 0.264038831 0.092467889 -0.089193739 -0.033649825 0.991141677
1341846330.283913 0.342222810 0.153353855 0.256750405 0.087793030 -0.085412353 -0.033773474 0.991895437
1341846330.316011 0.360045612 0.151508719 0.260869294 0.083572373 -0.088893741 -0.034620084 0.991924942
1341846330.347868 0.361419022 0.141293928 0.257674009 0.080707885 -0.091053665 -0.035166044 0.991946995
1341846330.383835 0.375014752 0.141683981 0.260651648 0.079532109 -0.093318611 -0.034921702 0.991840124
1341846330.415934 0.365973592 0.126458272 0.258771956 0.078634225 -0.091249943 -0.037417527 0.992013216
1341846330.452561 0.356071740 0.133419499 0.252960473 0.082843266 -0.090278454 -0.037898950 0.991741180
1341846330.483903 0.361878276 0.127044976 0.246411160 0.080728866 -0.093488157 -0.035060365 0.991722584
1341846330.515970 0.354566962 0.128886804 0.251022995 0.080364324 -0.095059589 -0.031881742 0.991710067
1341846330.552099 0.367673337 0.131013855 0.249503881 0.082727365 -0.098306686 -0.030156625 0.991253078
1341846330.583876 0.358952165 0.137437642 0.246564299 0.081636362 -0.097403824 -0.029768044 0.991444409
1341846330.619992 0.363504261 0.165399641 0.241271481 0.080909617 -0.099011056 -0.030474411 0.991323233
1341846330.652136 0.364233673 0.140595928 0.242308140 0.071311824 -0.100426719 -0.032223277 0.991862297
1341846330.683796 0.371394962 0.135345683 0.237591684 0.066312648 -0.101345338 -0.033480644 0.992074013
1341846330.719991 0.348279417 0.103474781 0.229046986 0.059199866 -0.100329362 -0.033428255 0.992628813
1341846330.752103 0.351889282 0.100732446 0.224198312 0.060635149 -0.105584756 -0.028890900 0.992139399
1341846330.787952 0.360113770 0.103688568 0.220973730 0.060876172 -0.112469293 -0.024156606 0.991494417
1341846330.819823 0.347174793 0.098009609 0.213931754 0.059079140 -0.114184819 -0.025433879 0.991375148
1341846330.852208 0.343681723 0.113270983 0.207967460 0.060042407 -0.115233317 -0.023590077 0.991241574
1341846330.914111 0.343672633 0.127646968 0.208827540 0.051784828 -0.118205287 -0.026226718 0.991291106
1341846330.949903 0.344701111 0.120501786 0.204040781 0.049060691 -0.119799793 -0.026939794 0.991219103
1341846330.981986 0.347983211 0.118987709 0.198232263 0.048496485 -0.125513151 -0.027053785 0.990536571
1341846331.014111 0.344150156 0.118900336 0.196106195 0.047071815 -0.128438741 -0.025624128 0.990268290
1341846331.082139 0.348286569 0.119139560 0.194037050 0.049453791 -0.132005408 -0.028702481 0.989598513
1341846331.114334 0.340480566 0.129071027 0.186801344 0.050589439 -0.132838294 -0.029802527 0.989397109
1341846331.149989 0.354044229 0.111822650 0.194111645 0.048619941 -0.136369497 -0.029761354 0.989016533
1341846331.181954 0.352599829 0.113029189 0.189223275 0.052218694 -0.136746541 -0.030734360 0.988751292
1341846331.218151 0.359318942 0.111738265 0.179174736 0.049374901 -0.140952423 -0.029321654 0.988349557
1341846331.249914 0.336985499 0.121020637 0.163350269 0.050774723 -0.137592092 -0.033382408 0.988623321
1341846331.318141 0.300744742 0.114143312 0.137097716 0.060501654 -0.121428981 -0.037102349 0.990059614
1341846331.349926 0.290169090 0.117308021 0.120520815 0.059072752 -0.116320379 -0.036387015 0.990785599
1341846331.382003 0.300487131 0.088316970 0.099048629 0.060033824 -0.109127045 -0.042128716 0.991318524
1341846331.418008 0.298930734 0.132476494 0.101645559 0.074723646 -0.100474752 -0.037996165 0.991401792
1341846331.450327 0.293877006 0.132938355 0.093289375 0.074713312 -0.095513798 -0.034143586 0.992032886
1341846331.486219 0.296776563 0.133499652 0.096921280 0.074547261 -0.095356420 -0.033984981 0.992065966
1341846331.518344 0.288382083 0.144751474 0.097322553 0.075929068 -0.092140622 -0.034426976 0.992249787
1341846331.550202 0.258956879 0.150343701 0.105692662 0.080644339 -0.082672551 -0.035818901 0.992662489
1341846331.586139 0.273472995 0.152291894 0.105586961 0.081927329 -0.084524058 -0.035854749 0.992400169
1341846331.617931 0.276789129 0.173543945 0.110236272 0.084927224 -0.084636249 -0.034926299 0.992171526
1341846331.654027 0.271167368 0.168918014 0.122387528 0.085285991 -0.080456667 -0.034554981 0.992501438
1341846331.686123 0.279611737 0.147081152 0.123530626 0.082590826 -0.080099292 -0.032879338 0.992815137
1341846331.717954 0.276394576 0.141440168 0.125583172 0.076885171 -0.081266738 -0.033494312 0.993157923
1341846331.754076 0.280806541 0.145360187 0.137838885 0.077695243 -0.080066368 -0.034492660 0.993158162
1341846331.785920 0.253729641 0.145610809 0.143071264 0.080898516 -0.072981164 -0.035715315 0.993405104
1341846331.818053 0.255295515 0.149030626 0.148342803 0.080306761 -0.072440423 -0.036047798 0.993480682
1341846331.853849 0.176563606 0.121506408 0.176035702 0.074553162 -0.058618575 -0.036950126 0.994806767
1341846331.885987 0.163041592 0.130548432 0.182152420 0.080095306 -0.053728484 -0.038345870 0.994599223
1341846331.922014 0.138287738 0.131117970 0.196326807 0.081477657 -0.046710912 -0.037982859 0.994855165
1341846331.954037 0.112316556 0.129937634 0.200277701 0.081846803 -0.039013308 -0.038927838 0.995119989
1341846331.986135 0.100021414 0.148133367 0.201104760 0.088167816 -0.031524401 -0.036553621 0.994935453
1341846332.022364 0.063359968 0.146904752 0.211590439 0.095399693 -0.020948544 -0.038334303 0.994480014
1341846332.054175 0.054306466 0.149510682 0.205757976 0.101010285 -0.019349411 -0.036463905 0.994028687
1341846332.086502 0.072167046 0.141196981 0.224521965 0.102157854 -0.022726217 -0.033924181 0.993929803
1341846332.122051 0.053501744 0.138874590 0.223790735 0.102902442 -0.018424215 -0.036352914 0.993856251
1341846332.153983 0.051812630 0.143078715 0.237195536 0.100290723 -0.018574618 -0.036840651 0.994102359
1341846332.190165 0.083874620 0.135519490 0.266053975 0.092335366 -0.026145266 -0.036700107 0.994707882
1341846332.254145 0.057281472 0.139621601 0.283050090 0.096551239 -0.021050353 -0.040438741 0.994283438
1341846332.289948 0.071297385 0.139267534 0.299300462 0.097140916 -0.024634525 -0.035195600 0.994343042
1341846332.322172 0.047569659 0.134975925 0.303379655 0.097485945 -0.021037316 -0.035443410 0.994383156
1341846332.354003 0.051698349 0.138022304 0.314417630 0.102315336 -0.019235117 -0.039358307 0.993786991
1341846332.390180 0.028864697 0.139212996 0.304662973 0.102392457 -0.010341300 -0.043455843 0.993740678
1341846332.422055 0.015009502 0.119804867 0.315804482 0.096175276 -0.005634617 -0.045614548 0.994302750
1341846332.458114 0.009865570 0.117181316 0.321591675 0.095744707 -0.002136184 -0.049548142 0.994169772
1341846332.489993 -0.008038128 0.120518267 0.340369552 0.097108983 0.002091405 -0.046663553 0.994177043
1341846332.522130 -0.018454952 0.124266066 0.345958233 0.096018150 -0.000623266 -0.041729230 0.994504333
1341846332.558114 -0.011092564 0.132729352 0.357512206 0.098126553 -0.006886330 -0.033688135 0.994579732
1341846332.589874 0.005727222 0.134036556 0.355185837 0.096654117 -0.011971459 -0.030865831 0.994767308
1341846332.621889 0.012322139 0.120240055 0.366102010 0.088467903 -0.013273135 -0.028297348 0.995588541
1341846332.658202 0.001703136 0.120290376 0.375071913 0.085649140 -0.009650232 -0.031592991 0.995777607
1341846332.690001 -0.010711089 0.128137246 0.384087354 0.085005134 -0.006571234 -0.029596217 0.995919228
1341846332.726000 -0.024260633 0.128397867 0.394681692 0.084081441 -0.005573825 -0.026679659 0.996086061
1341846332.758386 -0.015823027 0.130509466 0.387222201 0.084884174 -0.009554705 -0.026493585 0.995992780
1341846332.789937 -0.029005839 0.123573907 0.392098367 0.081784576 -0.004874262 -0.028494094 0.996230721
1341846332.825925 -0.044192597 0.125896990 0.398527831 0.080578066 0.000447829 -0.029446943 0.996313155
1341846332.857898 -0.063479312 0.122895673 0.404069543 0.081219554 0.005346429 -0.033313729 0.996124983
1341846332.894069 -0.077269681 0.121684805 0.399069577 0.078425989 0.007927166 -0.034574643 0.996288717
1341846332.926029 -0.100138560 0.120479442 0.399559468 0.073929474 0.013326365 -0.038850218 0.996417344
1341846332.958015 -0.118421704 0.119159564 0.397187173 0.070447080 0.019352574 -0.041519776 0.996463239
1341846332.994073 -0.153490186 0.105991349 0.402790219 0.063023105 0.027357932 -0.047100242 0.996524572
1341846333.026545 -0.183433548 0.100287080 0.406172484 0.059117630 0.035013519 -0.050861686 0.996339440
1341846333.057998 -0.225469112 0.096966259 0.419500440 0.057175748 0.046135221 -0.049070779 0.996089637
1341846333.094024 -0.256150872 0.092195377 0.418852091 0.056194302 0.053523064 -0.046012793 0.995921910
1341846333.126095 -0.292762786 0.091025487 0.414861441 0.056459326 0.062334333 -0.043133277 0.995523155
1341846333.161973 -0.324475557 0.093126543 0.412638396 0.054907102 0.070597574 -0.041154109 0.995142043
1341846333.195660 -0.375971884 0.092265621 0.426467687 0.053068355 0.084277742 -0.037249554 0.994330704
1341846333.226331 -0.413885951 0.091390051 0.423575729 0.050189756 0.092648178 -0.040003639 0.993628263
1341846333.262056 -0.443117112 0.093868554 0.417093664 0.046311829 0.099722050 -0.043187421 0.992998302
1341846333.294147 -0.479192019 0.084702410 0.428064018 0.040623277 0.107701592 -0.045944396 0.992289960
1341846333.326100 -0.453443050 0.091909669 0.430399299 0.040272955 0.101950414 -0.045921251 0.992912650
1341846333.362100 -0.451615810 0.092675075 0.430160344 0.036193918 0.101595193 -0.047320075 0.993040383
1341846333.394119 -0.453149438 0.090916567 0.437551439 0.033737388 0.100879461 -0.046805345 0.993224263
1341846333.429974 -0.466587424 0.087839998 0.438711643 0.032024194 0.101989567 -0.047523439 0.993133485
1341846333.462115 -0.489101648 0.084504731 0.439127803 0.030901637 0.106168017 -0.047593269 0.992727757
1341846333.494040 -0.509913564 0.083390512 0.441416860 0.031254482 0.110982962 -0.049398523 0.992101669
1341846333.529953 -0.534219146 0.095471293 0.446080357 0.034677610 0.116871141 -0.049674526 0.991297662
1341846333.562063 -0.558466136 0.097825877 0.449745148 0.036035959 0.123766318 -0.048988648 0.990446091
1341846333.594090 -0.575450420 0.097538933 0.452467203 0.033764340 0.125757083 -0.046729077 0.990384579
1341846333.629994 -0.590335727 0.118084788 0.463858187 0.034284756 0.126312420 -0.046732366 0.990295827
1341846333.662127 -0.613859415 0.121327192 0.464745343 0.031878073 0.129898712 -0.047469098 0.989877224
1341846333.697964 -0.633925200 0.120595470 0.473356754 0.030529585 0.133208320 -0.045098837 0.989590585
1341846333.730092 -0.663846552 0.125093043 0.474015594 0.034119043 0.138785318 -0.045253694 0.988699496
1341846333.762089 -0.691586375 0.122672878 0.476686150 0.034788605 0.143980175 -0.042888504 0.988038540
1341846333.798006 -0.713319421 0.126056001 0.483491361 0.036948226 0.147462919 -0.041051835 0.987524331
1341846333.830055 -0.725353122 0.129750773 0.481285542 0.040065225 0.150843173 -0.044040140 0.986763179
1341846333.866045 -0.714128375 0.125203714 0.475691527 0.039838925 0.149021640 -0.044085648 0.987047076
1341846333.897987 -0.718999147 0.124453239 0.472786576 0.041486833 0.149374679 -0.045383461 0.986866951
1341846333.930099 -0.742473423 0.129223168 0.469522506 0.045508187 0.154223800 -0.047711845 0.985833466
1341846333.965889 -0.766219556 0.132516757 0.467061937 0.048207778 0.159027502 -0.048278090 0.984913945
1341846333.997985 -0.776897550 0.136630550 0.464642584 0.052146420 0.161178514 -0.048659116 0.984344721
1341846334.030076 -0.803599656 0.138441026 0.462006062 0.055447757 0.166633278 -0.048568010 0.983259916
1341846334.066000 -0.816708505 0.140625149 0.462370515 0.057651695 0.167757645 -0.047742620 0.982982337
1341846334.097932 -0.835502684 0.153943881 0.456405431 0.062100306 0.170953497 -0.049212575 0.982087910
1341846334.133884 -0.842893124 0.150712922 0.456003398 0.063221723 0.172420740 -0.049029611 0.981768966
1341846334.166115 -0.813193977 0.120192014 0.437440693 0.056765117 0.163838938 -0.046540067 0.983752310
1341846334.198072 -0.804373860 0.117831185 0.423391134 0.056566492 0.159854516 -0.047086582 0.984393060
1341846334.234097 -0.799578428 0.127740204 0.421601534 0.058849186 0.159234881 -0.049153734 0.984258592
1341846334.266045 -0.814419031 0.117524818 0.414726079 0.056882937 0.162297979 -0.047392797 0.983960211
1341846334.297946 -0.810538054 0.108930029 0.407500118 0.056524944 0.158851802 -0.046206340 0.984599471
1341846334.334036 -0.782640934 0.125140429 0.395953715 0.059981924 0.151908219 -0.046785541 0.985462964
1341846334.365871 -0.776886463 0.122676387 0.386558890 0.058855474 0.150500223 -0.048339956 0.985671878
1341846334.401845 -0.785718143 0.121853143 0.389309406 0.057233453 0.152208492 -0.049273863 0.985458851
1341846334.433864 -0.798331439 0.123468503 0.388399124 0.057951674 0.152436703 -0.048048809 0.985442042
1341846334.466105 -0.807889581 0.125316292 0.384269804 0.058494940 0.151966572 -0.047654822 0.985501647
1341846334.502142 -0.814565539 0.123623975 0.375125498 0.056104001 0.150819644 -0.044713479 0.985954642
1341846334.540153 -0.824483693 0.128614888 0.371174037 0.056555003 0.151043564 -0.047118686 0.985782564
1341846334.602351 -0.853708565 0.137617201 0.352957159 0.050730165 0.151157960 -0.052182022 0.985826969
1341846334.670161 -0.861923575 0.143051922 0.340013295 0.046449248 0.149373740 -0.058078784 0.985980153
1341846334.702085 -0.861844420 0.141158402 0.337744623 0.045037590 0.146142662 -0.057698842 0.986552000
1341846334.734751 -0.864905775 0.144114926 0.329781055 0.045889497 0.143538296 -0.057134818 0.986927867
1341846334.770889 -0.871759355 0.140027151 0.312212944 0.044841088 0.141681433 -0.051508237 0.987553895
1341846334.802194 -0.877668262 0.129031166 0.306307703 0.042036533 0.138788164 -0.050484471 0.988140762
1341846334.833908 -0.877390265 0.134592608 0.293688118 0.041951071 0.136926308 -0.052718420 0.988287449
1341846334.869874 -0.874460399 0.133970171 0.277036786 0.040203206 0.135188133 -0.051405855 0.988668501
1341846334.902006 -0.867895782 0.123749070 0.266684413 0.036553781 0.130857095 -0.048543599 0.989537120
1341846334.938010 -0.866541564 0.129029691 0.268408924 0.037110075 0.126959309 -0.051271401 0.989886582
1341846334.970032 -0.867707074 0.120920956 0.261999965 0.035315327 0.126036748 -0.053116884 0.989972830
1341846335.002203 -0.907581687 0.117393374 0.254851162 0.036527436 0.132529348 -0.051938362 0.989143133
1341846335.037880 -0.913643897 0.120052293 0.245116085 0.039038561 0.129309714 -0.049102947 0.989618063
1341846335.069990 -0.907463431 0.133714646 0.234729886 0.041603226 0.124881141 -0.049998425 0.990037382
1341846335.106038 -0.905423403 0.120107710 0.221961364 0.039423011 0.125060126 -0.051481467 0.990028024
1341846335.138045 -0.910125732 0.120146737 0.212788016 0.041263189 0.125582650 -0.051449537 0.989888608
1341846335.169900 -0.916510880 0.116643570 0.195500419 0.039677568 0.122910850 -0.050996087 0.990312099
1341846335.206091 -0.919849575 0.122658528 0.190954179 0.039778896 0.121458724 -0.053822380 0.990337610
1341846335.239365 -0.925057173 0.116446048 0.184019238 0.038831640 0.123147957 -0.057098936 0.989983082
1341846335.269948 -0.933090329 0.114967473 0.170404002 0.040144425 0.124661379 -0.057642758 0.989709675
1341846335.305972 -0.938518107 0.112944201 0.164688513 0.041371293 0.122738823 -0.056328095 0.989975154
1341846335.338012 -0.941748440 0.114539124 0.158361763 0.043317720 0.121793553 -0.055428240 0.990059435
1341846335.374005 -0.957324803 0.119577795 0.149255082 0.049621861 0.125484109 -0.057756294 0.989169240
1341846335.406025 -0.944990396 0.101849779 0.139243692 0.053930309 0.124480210 -0.053956844 0.989285052
1341846335.438079 -0.947569668 0.111632496 0.127911121 0.060127087 0.124724083 -0.051502541 0.989027858
1341846335.473998 -0.949769437 0.117293730 0.121673018 0.062661499 0.126371101 -0.051612627 0.988655746
1341846335.507038 -0.956725061 0.126163527 0.113321081 0.064493924 0.129789084 -0.055240292 0.987898767
1341846335.538040 -0.962745607 0.133770972 0.106086820 0.064290456 0.132264376 -0.056440793 0.987515748
1341846335.574119 -0.976331115 0.135194927 0.099589556 0.061565273 0.133481055 -0.055734463 0.987565875
1341846335.605970 -0.975472569 0.129636243 0.089140266 0.059587806 0.132333189 -0.056262199 0.987811685
1341846335.641978 -0.973849952 0.128296599 0.076245613 0.060029939 0.132830545 -0.058701903 0.987576127
1341846335.673993 -0.982479751 0.135595053 0.072328106 0.060515530 0.134428680 -0.058916032 0.987317443
1341846335.706178 -0.987405777 0.133261740 0.064188085 0.059686434 0.133032307 -0.057600282 0.987634718
1341846335.741982 -0.987323284 0.133947909 0.052231275 0.060276985 0.132531434 -0.059115443 0.987576604
1341846335.773960 -1.000699162 0.137867808 0.046053689 0.060265236 0.134449631 -0.059608456 0.987288356
1341846335.806271 -0.996790886 0.144045070 0.029989993 0.058750991 0.132497117 -0.058550615 0.987706780
1341846335.842031 -1.011942506 0.131595477 0.031622641 0.055496719 0.135551348 -0.059385240 0.987430751
1341846335.873966 -1.000605345 0.136001974 0.013228718 0.056986339 0.134637192 -0.059066698 0.987489998
1341846335.910005 -1.019089460 0.137238964 0.008139314 0.056538034 0.136186942 -0.057625454 0.987388432
1341846335.941936 -1.017120838 0.143004924 -0.001732294 0.056193735 0.133329690 -0.056701586 0.987851441
1341846335.974198 -1.024955630 0.142676681 -0.010204779 0.055386040 0.133242935 -0.059051640 0.987771034
1341846336.010032 -1.028983831 0.145721763 -0.016353641 0.055148304 0.133319542 -0.060068354 0.987712681
1341846336.042129 -1.040246248 0.145172626 -0.027089367 0.053972837 0.132485941 -0.058910314 0.987959564
1341846336.078076 -1.043683767 0.143216401 -0.031152274 0.053633504 0.130522743 -0.059972290 0.988175452
1341846336.110739 -1.040798664 0.150615767 -0.043968283 0.054906618 0.130007431 -0.061631214 0.988071322
1341846336.142002 -1.048216462 0.145552546 -0.053267587 0.053906683 0.130016729 -0.059955381 0.988228261
1341846336.183953 -1.059149384 0.151235878 -0.064062759 0.053820439 0.127945989 -0.058187004 0.988608837
1341846336.241891 -1.059381723 0.153296620 -0.070910141 0.052065607 0.127246484 -0.059511218 0.988714278
1341846336.277946 -1.063832641 0.146429569 -0.077691488 0.051820103 0.126879871 -0.055263359 0.989020824
1341846336.309977 -1.041244984 0.145891353 -0.122072957 0.053923696 0.120169401 -0.048610631 0.990095258
1341846336.346143 -0.981535733 0.157468826 -0.148608342 0.057944905 0.108416744 -0.049674477 0.991171360
1341846336.377975 -0.908958554 0.143352062 -0.156012684 0.056828372 0.095723480 -0.047744904 0.992636919
1341846336.410032 -0.860381603 0.141155824 -0.178108901 0.057528902 0.087136135 -0.046118718 0.993464053
1341846336.446041 -0.809295177 0.149823695 -0.196029320 0.058789939 0.077896670 -0.047444947 0.994095027
1341846336.477990 -0.766498625 0.152234599 -0.216026887 0.058747269 0.070791826 -0.045260623 0.994730473
1341846336.510056 -0.729403794 0.154797137 -0.234976470 0.060245275 0.065533139 -0.044837084 0.995020449
1341846336.546024 -0.679292202 0.139027283 -0.248554453 0.058378585 0.057823446 -0.040025819 0.995814443
1341846336.578003 -0.629126251 0.137002975 -0.268679172 0.057223212 0.049257211 -0.037760470 0.996430337
1341846336.614020 -0.593292177 0.140916497 -0.288510919 0.057522781 0.045246329 -0.038816992 0.996562660
1341846336.645982 -0.548227727 0.130415305 -0.298202068 0.053465523 0.038820282 -0.038172171 0.997084379
1341846336.678036 -0.494352877 0.128227234 -0.315101773 0.053028502 0.028480763 -0.037567332 0.997479558
1341846336.714024 -0.448153406 0.124944329 -0.320775568 0.055051707 0.018699765 -0.037918691 0.997587979
1341846336.746016 -0.386195272 0.115669824 -0.322130919 0.057447273 0.005975172 -0.034282878 0.997741818
1341846336.778014 -0.339305490 0.124078207 -0.345654935 0.060736667 -0.004542663 -0.030750217 0.997669756
1341846336.820006 -0.286569178 0.117890038 -0.351558834 0.059942298 -0.016487554 -0.027905488 0.997675478
1341846336.882056 -0.168558091 0.074519537 -0.307823330 0.053317510 -0.038305856 -0.017230682 0.997693896
1341846336.914273 -0.149328321 0.075229369 -0.326618969 0.053879675 -0.045457862 -0.009203108 0.997469723
1341846336.945998 -0.085093692 0.079298012 -0.315295547 0.060753584 -0.061731521 -0.007943438 0.996210396
1341846336.981980 -0.026298100 0.079827204 -0.301859558 0.061630744 -0.074204795 -0.008311769 0.995302081
1341846337.014238 0.038535863 0.086023800 -0.277437031 0.059429880 -0.088086471 -0.008649910 0.994300842
1341846337.046017 0.087378114 0.093565360 -0.239555508 0.059138678 -0.096600331 -0.010768690 0.993506432
1341846337.082104 0.136660025 0.101111189 -0.230284780 0.059925146 -0.104981564 -0.012384592 0.992589772
1341846337.114317 0.175716266 0.109003566 -0.235822394 0.059928034 -0.112383418 -0.010551591 0.991800010
1341846337.150037 0.222229898 0.117271625 -0.219318166 0.060373232 -0.122192085 -0.010288355 0.990615129
1341846337.181873 0.261491597 0.134855539 -0.206381083 0.064077631 -0.127012342 -0.008195366 0.989795327
1341846337.214073 0.302491665 0.147979945 -0.203031391 0.064161569 -0.133338407 -0.005456858 0.988976479
1341846337.250087 0.328458697 0.154478699 -0.172766745 0.064543448 -0.139625862 0.001753207 0.988097012
1341846337.282028 0.372061789 0.162983581 -0.178015143 0.066999808 -0.151290238 0.005924720 0.986198366
1341846337.317920 0.394229829 0.157896563 -0.166528240 0.064938828 -0.155743897 0.007191211 0.985634446
1341846337.350018 0.432672709 0.160844192 -0.181864560 0.063023567 -0.161761120 0.006943285 0.984790921
1341846337.382159 0.444268435 0.172166809 -0.176808983 0.064546518 -0.162355185 0.005768348 0.984602094
1341846337.417941 0.455733925 0.178510666 -0.171388507 0.068311527 -0.163589597 0.008430485 0.984124482
1341846337.450137 0.476722121 0.172526225 -0.183275416 0.066796020 -0.169058800 0.007427119 0.983311951
1341846337.482096 0.466808468 0.166917995 -0.177880883 0.064274214 -0.166630909 0.009500272 0.983876348
1341846337.518008 0.476709187 0.177086666 -0.172733903 0.067875311 -0.169313312 0.008448370 0.983185947
1341846337.549978 0.491023332 0.182287589 -0.184906766 0.067849979 -0.172259346 0.007360514 0.982684553
1341846337.585971 0.480775535 0.175468624 -0.178353548 0.064334586 -0.170484766 0.007359537 0.983230293
1341846337.617903 0.483484626 0.175088510 -0.168717161 0.067032903 -0.171773717 0.007381730 0.982825458
1341846337.650141 0.484213471 0.177449256 -0.171984449 0.068459272 -0.171429679 0.008729633 0.982776165
1341846337.686352 0.499964297 0.184828088 -0.169821352 0.067492478 -0.174324855 0.009124258 0.982330084
1341846337.718002 0.507129610 0.184213355 -0.156544432 0.065908372 -0.175361335 0.008597620 0.982257903
1341846337.749920 0.515141189 0.189094946 -0.152177766 0.066182628 -0.174275905 0.009840661 0.982420981
1341846337.786157 0.521526754 0.189270467 -0.139808312 0.062171508 -0.172806337 0.013659418 0.982896805
1341846337.817945 0.530976415 0.189998090 -0.122922689 0.060492355 -0.172745168 0.015001031 0.982992828
1341846337.854071 0.534107864 0.188763574 -0.124579675 0.058435474 -0.170382574 0.010736076 0.983585179
1341846337.885951 0.558165789 0.194985956 -0.106000252 0.056431938 -0.173225269 0.010528666 0.983207822
1341846337.918223 0.576808393 0.210984066 -0.078851745 0.056319423 -0.175432086 0.011786445 0.982808650
1341846337.954120 0.600043714 0.217808604 -0.061541006 0.055712130 -0.178742602 0.012788290 0.982234120
1341846337.985994 0.588810503 0.224894017 -0.056544393 0.053012941 -0.175490439 0.012817685 0.982969224
1341846338.018107 0.606916368 0.220250651 -0.027530687 0.049164988 -0.177791134 0.013119584 0.982751787
1341846338.054055 0.591087461 0.217386782 -0.036708716 0.045825355 -0.172693551 0.012659823 0.983827591
1341846338.085986 0.614017189 0.219755933 -0.004283337 0.042907126 -0.174274832 0.013666937 0.983666897
1341846338.121875 0.614907503 0.220587134 0.005410721 0.041738376 -0.172751009 0.016069438 0.983949602
1341846338.154089 0.647452116 0.213726297 0.041707803 0.038122691 -0.179712698 0.021422239 0.982746780
1341846338.186029 0.681234062 0.216552928 0.074345626 0.036331322 -0.186934903 0.026667973 0.981337965
1341846338.222071 0.695882201 0.210045859 0.091839746 0.033125322 -0.187857717 0.026786441 0.981271982
1341846338.254107 0.689295352 0.209100157 0.100836776 0.031872544 -0.185857207 0.027816227 0.981665671
1341846338.290130 0.701012433 0.210604683 0.116510637 0.032561019 -0.188427925 0.029089611 0.981115937
1341846338.321952 0.693493068 0.211547777 0.124854565 0.031721521 -0.186247766 0.031996626 0.981469214
1341846338.354022 0.699302733 0.211051077 0.140591010 0.031271778 -0.187576368 0.030538034 0.981277049
1341846338.389969 0.695363224 0.209487051 0.142116576 0.029658874 -0.186119437 0.031817142 0.981563926
1341846338.422377 0.685080111 0.206097841 0.150117725 0.027988780 -0.184475526 0.030005105 0.981980205
1341846338.454010 0.685918510 0.195847884 0.162187144 0.024535220 -0.185669243 0.027843479 0.981911242
1341846338.489894 0.678656459 0.203441009 0.171768159 0.025099663 -0.184986442 0.029070463 0.981990337
1341846338.522066 0.676049232 0.203046307 0.178663135 0.026093494 -0.184544042 0.028442262 0.982066035
1341846338.558058 0.677256584 0.202665314 0.176443890 0.024681827 -0.185162395 0.028709074 0.981978357
1341846338.589842 0.666882873 0.199911803 0.184381321 0.022727225 -0.183751047 0.027294317 0.982330918
1341846338.622019 0.666060567 0.201605782 0.191530347 0.024306869 -0.182915196 0.028924651 0.982402503
1341846338.657984 0.666914046 0.198705927 0.187627435 0.023318101 -0.183246583 0.030996827 0.982301474
1341846338.690198 0.656798601 0.190923750 0.190978497 0.020040488 -0.181577370 0.028776992 0.982751250
1341846338.722454 0.650761604 0.193302438 0.195947126 0.020851549 -0.179257110 0.029080903 0.983151317
1341846338.757945 0.655213833 0.186944440 0.203913510 0.018033473 -0.180906028 0.031400643 0.982833564
1341846338.790039 0.645881832 0.181543589 0.215260670 0.014852044 -0.181607902 0.029972723 0.982801974
1341846338.826048 0.642422080 0.175897360 0.220083654 0.014771202 -0.179681242 0.026132677 0.983266771
1341846338.858027 0.647416174 0.183102638 0.224947944 0.015638541 -0.179730162 0.027441829 0.983208776
1341846338.889902 0.639030218 0.184855014 0.231821626 0.013776205 -0.179137722 0.027174393 0.983352184
1341846338.925948 0.636618078 0.179138839 0.236697063 0.012557769 -0.177719802 0.023287794 0.983725429
1341846338.958108 0.628111243 0.176263496 0.248527661 0.012033659 -0.174390376 0.023601145 0.984320164
1341846338.990057 0.626845896 0.179114163 0.258223534 0.013253088 -0.174354926 0.025334341 0.984267712
1341846339.025928 0.625955939 0.175189272 0.268334627 0.014369093 -0.173483491 0.024597300 0.984424710
1341846339.057939 0.623207271 0.176254109 0.273242563 0.016850023 -0.170662642 0.025483746 0.984855771
1341846339.093927 0.629358828 0.179316163 0.283815950 0.015082143 -0.173506364 0.028288845 0.984310865
1341846339.126562 0.622674584 0.176309228 0.288833797 0.011327631 -0.172613591 0.024755239 0.984613359
1341846339.157969 0.615960002 0.182620078 0.305421799 0.010730428 -0.168518841 0.021571806 0.985403955
1341846339.194113 0.623831153 0.184022084 0.314651042 0.008418339 -0.170027107 0.023350315 0.985126734
1341846339.228165 0.624632716 0.181244865 0.327869356 0.003206898 -0.172712699 0.025684362 0.984632134
1341846339.257998 0.621592164 0.182946160 0.346646100 0.001520123 -0.171308056 0.024263360 0.984917521
1341846339.294132 0.608238280 0.187893167 0.340423197 0.002141305 -0.165988877 0.025601270 0.985792935
1341846339.326577 0.615589619 0.180056214 0.349121571 -0.004897076 -0.169774339 0.028605435 0.985055566
1341846339.362269 0.612046778 0.175268099 0.360209435 -0.008988086 -0.170963630 0.024688350 0.984926999
1341846339.394725 0.604477346 0.200254843 0.368075192 -0.005114052 -0.167589262 0.023898143 0.985553980
1341846339.462186 0.609806955 0.193885595 0.395427793 -0.009324880 -0.169828549 0.022433370 0.985174119
1341846339.496743 0.605620980 0.182201266 0.399989784 -0.008523447 -0.163548142 0.022913247 0.986232400
1341846339.562052 0.621180892 0.185080975 0.432926267 -0.007090853 -0.166316837 0.025312304 0.985721946
1341846339.595122 0.617171943 0.196402669 0.440215707 -0.002524315 -0.163938403 0.023579691 0.986185551
1341846339.632085 0.619277120 0.205374971 0.452084422 0.000820167 -0.161096260 0.020517679 0.986725092
1341846339.664568 0.633335531 0.198961690 0.466682613 -0.000164798 -0.161812723 0.020361211 0.986611426
1341846339.698896 0.630113661 0.191121891 0.472346514 -0.001459888 -0.160291523 0.020060770 0.986864805
1341846339.731977 0.632297158 0.193388566 0.483491778 -0.000343006 -0.160481289 0.018241977 0.986870289
1341846339.762241 0.629929364 0.192675084 0.492540002 0.000119734 -0.158660173 0.017916026 0.987170696
1341846339.797873 0.628328323 0.192497566 0.501955807 0.000166320 -0.158206180 0.019286577 0.987217784
1341846339.830245 0.626509964 0.197136119 0.512448847 0.001229089 -0.158229440 0.018544933 0.987227499
1341846339.862015 0.621606827 0.194601074 0.510906219 0.000021990 -0.156742200 0.017538002 0.987483859
1341846339.897797 0.622947395 0.193377659 0.518072665 -0.000801042 -0.155772015 0.017231017 0.987642467
1341846339.929916 0.618398845 0.191400081 0.527892411 -0.001207210 -0.154323578 0.018344959 0.987849355
1341846339.961960 0.621998906 0.188344508 0.536906600 -0.000751410 -0.155601695 0.019571299 0.987625778
1341846339.997845 0.619451582 0.194020897 0.542718649 0.002033695 -0.153505206 0.017990740 0.987981975
1341846340.029925 0.620078266 0.195716381 0.558066785 0.003451554 -0.151482478 0.019743795 0.988256693
1341846340.066044 0.615969419 0.192172214 0.559701145 0.004642802 -0.149316654 0.021241326 0.988550365
1341846340.098009 0.614000618 0.196558356 0.565746963 0.006316993 -0.148540080 0.021232449 0.988658249
1341846340.130102 0.613064945 0.190611988 0.570606589 0.004473809 -0.148306906 0.020427065 0.988720298
1341846340.166041 0.611790001 0.196763188 0.581140518 0.007618390 -0.145767406 0.017444136 0.989135742
1341846340.197867 0.605047762 0.202258036 0.586999536 0.009724307 -0.142207488 0.017398734 0.989636183
1341846340.229904 0.605830431 0.200093582 0.591612101 0.007749197 -0.142711073 0.017317941 0.989582539
1341846340.265859 0.613328218 0.191569537 0.603460729 0.006040105 -0.143262506 0.016815109 0.989523470
1341846340.298061 0.612012446 0.207210168 0.610823274 0.011277820 -0.140377775 0.019281359 0.989846051
1341846340.334063 0.611120522 0.213579431 0.621240079 0.010960964 -0.141692713 0.020234859 0.989643216
1341846340.366064 0.609548926 0.206723690 0.624980390 0.008675103 -0.142800808 0.019206855 0.989527047
1341846340.397995 0.612635732 0.206245989 0.630559266 0.010718131 -0.142561793 0.018749662 0.989550292
1341846340.433895 0.614395857 0.206115395 0.638650179 0.010883608 -0.143379018 0.020150917 0.989402890
1341846340.465959 0.615466833 0.206357703 0.644448996 0.011427114 -0.146013051 0.022325678 0.988964736
1341846340.501858 0.619162619 0.204291448 0.645626545 0.011530172 -0.149683282 0.022280231 0.988415718
1341846340.534329 0.625409424 0.210807323 0.655436099 0.013388786 -0.151882499 0.022018766 0.988062561
1341846340.566041 0.628877342 0.206195921 0.654329598 0.013956442 -0.152894437 0.022708889 0.987883031
1341846340.601909 0.630408287 0.208157822 0.651487350 0.016865246 -0.153107837 0.023405833 0.987788320
1341846340.634005 0.635281384 0.208032057 0.646721005 0.017298309 -0.153632343 0.022189252 0.987727523
1341846340.666028 0.638196528 0.206148043 0.648630202 0.017141934 -0.153400138 0.020034848 0.987812340
1341846340.701946 0.641605735 0.207052410 0.649277568 0.019804992 -0.152124584 0.018225195 0.987994850
1341846340.733954 0.643597007 0.207034826 0.643722236 0.020592846 -0.149884850 0.016507702 0.988351166
1341846340.770081 0.648725390 0.208260551 0.650023460 0.020389598 -0.150617555 0.014138761 0.988280714
1341846340.801980 0.652433872 0.209653452 0.649858713 0.021848515 -0.149834096 0.009273047 0.988426268
1341846340.833999 0.651826620 0.209120408 0.642375529 0.021756507 -0.146898866 0.005832650 0.988895059
1341846340.870013 0.651372373 0.202659383 0.639887273 0.019252270 -0.146927446 0.004365291 0.988950312
1341846340.901955 0.653816640 0.204333812 0.639851570 0.021013910 -0.147292867 0.004813340 0.988857985
1341846340.933918 0.656893373 0.196594790 0.635693848 0.020223448 -0.148434088 0.008992196 0.988674641
1341846340.970122 0.650561035 0.202188626 0.623682797 0.021901885 -0.149315178 0.013157274 0.988459527
1341846341.001922 0.654587030 0.202319190 0.626966774 0.022604726 -0.154124379 0.018182149 0.987625539
1341846341.037923 0.656675398 0.207199618 0.626271963 0.024569532 -0.156711459 0.019966459 0.987136900
1341846341.070300 0.658424258 0.204390004 0.623835325 0.024349086 -0.157722846 0.020487655 0.986970603
1341846341.102028 0.657740712 0.203933835 0.618061364 0.024176363 -0.158934012 0.020910658 0.986771643
1341846341.137982 0.661715508 0.200143680 0.618293464 0.023291634 -0.161344305 0.021217452 0.986395180
1341846341.170048 0.662771761 0.196652293 0.621457756 0.023197953 -0.162391618 0.022899330 0.986187816
1341846341.202110 0.662706375 0.199308380 0.621971786 0.025217650 -0.162715331 0.024507422 0.986046255
1341846341.237996 0.663008332 0.201246008 0.620262504 0.027317150 -0.162458852 0.024897134 0.986022830
1341846341.269883 0.663411260 0.200166568 0.617787302 0.027989896 -0.161916658 0.025975855 0.986065328
1341846341.306107 0.663917303 0.195759252 0.615038514 0.027837688 -0.162612453 0.024692981 0.985988081
1341846341.338109 0.663390517 0.201113179 0.611095726 0.030049082 -0.161633775 0.022694794 0.986132085
1341846341.370120 0.667081773 0.200404808 0.612666726 0.030923979 -0.161273837 0.020148486 0.986219347
1341846341.406074 0.661212087 0.199085742 0.606590569 0.030675160 -0.159961060 0.020204511 0.986439764
1341846341.438113 0.664945006 0.194301069 0.607525826 0.031422645 -0.162487417 0.020566350 0.985995710
1341846341.470024 0.663763523 0.198177963 0.605780363 0.034933794 -0.161982030 0.019281685 0.985986650
1341846341.506077 0.657546163 0.201005593 0.603082478 0.034795806 -0.160160467 0.018551266 0.986303031
1341846341.538156 0.650858402 0.195686564 0.600708127 0.033160977 -0.160946310 0.018516919 0.986232162
1341846341.574016 0.655065417 0.204103634 0.605409205 0.035720058 -0.164199695 0.019598158 0.985585392
1341846341.612466 0.657600105 0.201313317 0.601634383 0.035457086 -0.165141806 0.018642496 0.985455990
1341846341.643972 0.658478975 0.196345672 0.599066734 0.033642307 -0.166569799 0.017298933 0.985303760
1341846341.679982 0.654614747 0.198383406 0.598503768 0.033903889 -0.167418897 0.018418221 0.985130608
1341846341.712332 0.655119896 0.199697226 0.595574439 0.034251649 -0.169753969 0.021511778 0.984656155
1341846341.744185 0.657990277 0.201608911 0.595322490 0.035154331 -0.172039971 0.023002861 0.984193742
1341846341.780061 0.654991865 0.200977966 0.594011009 0.034965158 -0.172204509 0.024725737 0.984129906
1341846341.842595 0.660174608 0.194476649 0.586783707 0.035588391 -0.173309252 0.030659445 0.983746588
1341846341.906227 0.666666627 0.190862149 0.583982944 0.037753802 -0.174853355 0.036330625 0.983199418
1341846341.942069 0.670738041 0.189892203 0.584922910 0.040916283 -0.175480649 0.038195502 0.982890427
1341846341.974775 0.676112354 0.190179557 0.580502212 0.043574873 -0.176252365 0.041094307 0.982521117
1341846342.010161 0.676271558 0.186881915 0.579354584 0.043205693 -0.177665651 0.043146856 0.982194781
1341846342.042024 0.687910974 0.183079675 0.582915306 0.044528339 -0.179915234 0.043783762 0.981697917
1341846342.080032 0.696242452 0.184640616 0.583884001 0.046577524 -0.178984389 0.044793297 0.981727421
1341846342.112265 0.697522700 0.172292903 0.579072118 0.044415351 -0.178353697 0.046296373 0.981872678
1341846342.147954 0.709227026 0.167009503 0.585032523 0.045763776 -0.181910664 0.049004246 0.981026411
1341846342.179852 0.710273087 0.174683273 0.580488563 0.050173491 -0.180963963 0.050574563 0.980906129
1341846342.211848 0.711175442 0.176757798 0.580795884 0.051011056 -0.180406407 0.050245363 0.980982602
1341846342.247920 0.717463613 0.174301103 0.581409335 0.052189898 -0.181176215 0.049406942 0.980821311
1341846342.279870 0.720968246 0.173337892 0.580683053 0.053288851 -0.181099758 0.050082982 0.980742037
1341846342.316068 0.722139537 0.169853032 0.577002525 0.053795896 -0.180846751 0.051079515 0.980709672
1341846342.347894 0.721895933 0.171856821 0.575583994 0.054373164 -0.180641204 0.050663069 0.980737269
1341846342.379953 0.717040956 0.167948514 0.571997881 0.053951293 -0.178874075 0.050602861 0.981087506
1341846342.416195 0.717225969 0.166774631 0.574524879 0.054073900 -0.179023549 0.052201215 0.980969727
