1341846313.592026 0.000000000 0.000000000 0.000000000 -0.000000000 -0.000000000 -0.000000000 1.000000000
1341846313.654184 0.006738730 -0.000161841 -0.006401986 -0.000821604 -0.003021379 0.004852530 0.999983370
1341846313.686156 0.015107010 0.003597495 -0.004885860 0.000900226 -0.005612358 0.004482639 0.999973834
1341846313.721918 0.015764743 0.005933680 -0.007428562 0.001090171 -0.005675990 0.004961616 0.999971032
1341846313.753994 0.021097355 0.008586106 -0.003653110 0.001037461 -0.006302163 0.006030005 0.999961436
1341846313.789969 0.021577135 0.011427922 -0.002840795 0.002643488 -0.006017998 0.004545309 0.999968112
1341846313.822075 0.013506158 0.013519817 -0.006064320 0.002717788 -0.002222041 0.002893078 0.999989688
1341846313.853928 0.006540900 0.016281987 -0.003871072 0.002706967 0.002340870 0.001996053 0.999991655
1341846313.890011 -0.004272853 0.012163766 -0.005374089 0.001578466 0.006898581 0.001637017 0.999973655
1341846313.922055 -0.023038507 0.014068502 -0.007696234 -0.000358673 0.011748516 0.002055501 0.999928832
1341846313.957927 -0.048503522 0.022191856 -0.014336064 -0.000787738 0.021853520 0.001767217 0.999759316
1341846313.990058 -0.057908628 0.017921707 -0.008446321 -0.002820646 0.029447768 0.003428075 0.999556541
1341846314.022042 -0.092881396 0.012891993 -0.013047806 -0.006657934 0.038823456 0.006563427 0.999202371
1341846314.057816 -0.105851524 0.021297898 -0.003090745 -0.008010671 0.044863150 0.007021628 0.998936355
1341846314.089801 -0.126597330 0.024695216 0.002034500 -0.006194259 0.055086542 0.006178922 0.998443246
1341846314.122037 -0.145091608 0.017294629 0.000067905 -0.009613634 0.062452767 0.008650545 0.997964144
1341846314.157989 -0.155566618 0.022042966 0.008299898 -0.010249054 0.068594165 0.009805081 0.997543871
1341846314.190094 -0.167922616 0.024785386 0.007529098 -0.009658976 0.075179331 0.010245660 0.997070670
1341846314.225969 -0.186130926 0.027368695 0.001613548 -0.011845883 0.081413254 0.013178936 0.996522903
1341846314.257923 -0.184463441 0.034412719 0.010548276 -0.012008501 0.083970174 0.013323306 0.996306896
1341846314.290052 -0.191320837 0.037651084 0.009938407 -0.010179820 0.087205179 0.011583572 0.996071041
1341846314.325981 -0.208922356 0.046455972 0.006167641 -0.010059888 0.092457846 0.009857453 0.995617032
1341846314.357905 -0.207275659 0.052202623 0.014635270 -0.009372347 0.096364617 0.008525157 0.995265484
1341846314.389899 -0.208769143 0.055808224 0.014440276 -0.007220022 0.099979088 0.008034869 0.994930983
1341846314.427905 -0.227308869 0.058540691 0.008863423 -0.007213022 0.105854586 0.005478278 0.994340420
1341846314.493987 -0.224904567 0.061649088 0.007185508 -0.005455388 0.116855025 -0.002541612 0.993130803
1341846314.526085 -0.247934014 0.068547785 0.002944299 -0.004517974 0.123525962 -0.005333214 0.992316723
1341846314.558292 -0.247004434 0.072069719 -0.000341251 -0.004924984 0.126856685 -0.004790184 0.991897285
1341846314.594085 -0.251193255 0.080647163 0.008128895 -0.001414870 0.134014532 -0.006169274 0.990959167
1341846314.626096 -0.271524787 0.082107648 -0.005312315 -0.001085681 0.140915677 -0.004665124 0.990010023
1341846314.658455 -0.300129980 0.081666149 -0.013225102 -0.003501629 0.148711741 -0.004842349 0.988862574
1341846314.694004 -0.292862445 0.088548176 -0.008199887 -0.001163476 0.153023928 -0.006538966 0.988200188
1341846314.725910 -0.290251493 0.090414613 -0.003951482 0.003844135 0.156036958 -0.003034452 0.987739086
1341846314.761942 -0.293625951 0.092420712 -0.010573004 0.008060680 0.157079458 0.001222577 0.987552345
1341846314.794030 -0.296664536 0.104486339 -0.010884764 0.013277431 0.161277384 0.000622006 0.986819625
1341846314.826092 -0.331793457 0.106261261 -0.006741850 0.015366502 0.172155157 -0.000214270 0.984950006
1341846314.862145 -0.341308683 0.110227227 -0.013740966 0.016297026 0.177695438 0.000815619 0.983950257
1341846314.894072 -0.346077681 0.110998638 -0.021509601 0.016261514 0.183221310 0.003311460 0.982931614
1341846314.925969 -0.383216769 0.110995017 -0.007731450 0.016656093 0.193342596 0.008117276 0.980956376
1341846314.961937 -0.401933074 0.111065485 -0.013435528 0.013898280 0.197397292 0.013638272 0.980130196
1341846314.994564 -0.403596103 0.116302788 -0.012743784 0.012071173 0.199590653 0.012546689 0.979724705
1341846315.029900 -0.425846130 0.115172558 0.002933287 0.011091608 0.208574921 0.009370851 0.977898657
1341846315.061965 -0.438264936 0.115323350 -0.002744809 0.010901965 0.212860107 0.013535521 0.976928115
1341846315.094388 -0.435103923 0.126606375 0.000550687 0.013331508 0.212069929 0.014046559 0.977062583
1341846315.129851 -0.452411145 0.133598641 0.005304249 0.016478483 0.216414869 0.011976312 0.976089001
1341846315.161941 -0.476300538 0.118195824 -0.005032970 0.010058179 0.220274642 0.017171452 0.975234866
1341846315.197984 -0.451555222 0.130766749 0.001409484 0.005466764 0.214904726 0.011560708 0.976551354
1341846315.230076 -0.464562833 0.142417282 0.004029260 0.003930627 0.217035174 0.008008178 0.976123035
1341846315.262069 -0.465782106 0.134272933 0.002285998 -0.000112121 0.215122402 0.011740661 0.976516604
1341846315.298000 -0.462883174 0.149729609 0.006461206 0.001560774 0.211977556 0.012129227 0.977198064
1341846315.329931 -0.477688164 0.182213500 0.006782237 0.012235639 0.213634849 0.011300191 0.976771593
1341846315.361981 -0.492819846 0.186089814 0.005681688 0.017909888 0.215909988 0.013494382 0.976155698
1341846315.397962 -0.499898642 0.199578956 0.009850426 0.023407144 0.218110412 0.015461992 0.975520909
1341846315.429923 -0.527291238 0.201429769 0.019757178 0.026507899 0.225879505 0.016914228 0.973647594
1341846315.466047 -0.547367752 0.201625839 0.022263229 0.027087662 0.233849630 0.019354068 0.971702635
1341846315.497883 -0.546100259 0.197378963 0.022524018 0.026040971 0.236577526 0.024060383 0.970965505
1341846315.530008 -0.548204660 0.199219808 0.026810853 0.027024096 0.238808885 0.023995383 0.970393896
1341846315.566108 -0.566633344 0.199293479 0.031696059 0.026418302 0.243725851 0.025754185 0.969142199
1341846315.597986 -0.569513500 0.191636220 0.037585817 0.025096374 0.246292844 0.026724892 0.968501866
1341846315.630109 -0.558796167 0.198197022 0.037706148 0.026246632 0.245991006 0.024569003 0.968605161
1341846315.666042 -0.555490911 0.197283238 0.029940583 0.024479307 0.246596605 0.022538984 0.968546808
1341846315.698114 -0.588616192 0.211387411 0.041491959 0.021257894 0.256262690 0.021061340 0.966143847
1341846315.733985 -0.573316514 0.190060198 0.043721758 0.016077721 0.256146699 0.024108401 0.966203570
1341846315.766041 -0.541179061 0.181354269 0.028321287 0.014830923 0.247428954 0.026021417 0.968443036
1341846315.798188 -0.547320247 0.186329529 0.037366863 0.014395433 0.248443633 0.024676822 0.968225002
1341846315.834140 -0.551182985 0.187223315 0.045230571 0.015741659 0.251420617 0.023006164 0.967476428
1341846315.866751 -0.534405172 0.187710330 0.032229882 0.018396394 0.248864114 0.023137370 0.968087316
1341846315.898492 -0.524187088 0.189783305 0.029965071 0.019974222 0.247445554 0.021485031 0.968457639
1341846315.936901 -0.534295261 0.190386742 0.039312828 0.023061071 0.250932425 0.020749999 0.967507482
1341846315.966572 -0.527392626 0.192074090 0.028312227 0.026799235 0.249628693 0.019876601 0.967766702
1341846316.034204 -0.515659511 0.189029574 0.022951279 0.029349886 0.246132523 0.018249186 0.968619883
1341846316.066113 -0.475079775 0.183730185 0.018766414 0.030600794 0.238080949 0.016905669 0.970615923
1341846316.101867 -0.464553922 0.184819043 0.008250108 0.031764574 0.233286828 0.018627618 0.971710503
1341846316.134066 -0.467841834 0.164279372 0.009469995 0.026877228 0.229798615 0.017648941 0.972706974
1341846316.202049 -0.437722355 0.146615982 0.010373670 0.024246935 0.218717888 0.015311311 0.975366712
1341846316.233979 -0.423242718 0.148083717 0.011131330 0.024251401 0.214392155 0.014963011 0.976331949
1341846316.270052 -0.399890274 0.145325363 0.003332926 0.021842465 0.210873410 0.010809482 0.977209568
1341846316.301915 -0.398187041 0.146716222 0.010993144 0.023334751 0.211017609 0.009747487 0.977155149
1341846316.334208 -0.404462516 0.135059267 0.003179901 0.022777533 0.209892198 0.011033846 0.977396905
1341846316.370006 -0.394873351 0.130608693 0.005212977 0.023910584 0.206114545 0.012125616 0.978160560
1341846316.401994 -0.382504731 0.125262037 0.004052650 0.024592796 0.202469453 0.013782922 0.978882730
1341846316.438069 -0.366955668 0.124615036 0.007313081 0.027649550 0.198544651 0.015239598 0.979583204
1341846316.470076 -0.351199687 0.120567836 0.006735315 0.031649109 0.194165185 0.017154448 0.980308115
1341846316.502034 -0.334643066 0.122727305 -0.005387615 0.033147324 0.186766088 0.019410376 0.981653154
1341846316.537975 -0.301339388 0.112718038 -0.003957623 0.028224232 0.177531794 0.017603816 0.983552754
1341846316.570121 -0.284930140 0.111589439 0.003472710 0.028204352 0.173660636 0.014053329 0.984301329
1341846316.601885 -0.259388119 0.105604656 0.008652711 0.029093690 0.168054983 0.011609391 0.985279858
1341846316.638009 -0.265748680 0.094815977 0.006540731 0.030170752 0.166355550 0.015544365 0.985481620
1341846316.669925 -0.243367150 0.086233892 0.011764569 0.030579047 0.161132455 0.013977912 0.986359954
1341846316.705941 -0.223123178 0.087083302 0.010570999 0.035481378 0.156648874 0.014142043 0.986915529
1341846316.738062 -0.214100912 0.087327592 0.000258964 0.037439916 0.152708665 0.016578157 0.987422645
1341846316.770433 -0.192548558 0.084960051 0.000685420 0.035493821 0.146976352 0.016477663 0.988365710
1341846316.805932 -0.183090210 0.081319757 0.006915877 0.035978634 0.144631758 0.014964437 0.988718033
1341846316.838029 -0.180194587 0.074620366 -0.000607500 0.036403801 0.140878707 0.019022785 0.989174485
1341846316.870034 -0.161347777 0.072196387 0.004529896 0.036410969 0.132865727 0.019385699 0.990275323
1341846316.906344 -0.154383183 0.068991728 -0.001044718 0.036806036 0.127495512 0.019632179 0.990961552
1341846316.937940 -0.147629082 0.066520602 -0.002273278 0.035793435 0.123915479 0.016538218 0.991509140
1341846316.973994 -0.137868151 0.065579727 -0.009671386 0.034820165 0.118734896 0.017389139 0.992162883
1341846317.005913 -0.142328709 0.067829572 -0.010820755 0.034177247 0.115967698 0.019815803 0.992467046
1341846317.037936 -0.157914206 0.062062565 0.001038987 0.033836156 0.115144670 0.018091578 0.992607474
1341846317.073972 -0.154807106 0.065634027 -0.007848151 0.036152903 0.112030149 0.020554384 0.992834270
1341846317.106113 -0.134359404 0.066980980 -0.012294441 0.039329756 0.105539799 0.026436783 0.993285298
1341846317.137887 -0.116002284 0.068755850 -0.028720194 0.042728525 0.093647897 0.029686905 0.994244933
1341846317.173970 -0.122890413 0.069282301 -0.034286425 0.043580987 0.086703204 0.031604949 0.994778574
1341846317.205887 -0.137964472 0.073256336 -0.035311818 0.044400912 0.085627042 0.032631010 0.994802415
1341846317.248131 -0.120452508 0.065737158 -0.034771044 0.045011703 0.078493245 0.036438782 0.995231092
1341846317.306289 -0.141960844 0.074469313 -0.040891159 0.048443902 0.073452078 0.040320974 0.995305061
1341846317.348137 -0.154267147 0.069890000 -0.046678696 0.049187019 0.075726405 0.042180441 0.995021105
1341846317.410120 -0.186401725 0.070678957 -0.041150860 0.050817184 0.078524068 0.046189774 0.994544208
1341846317.442569 -0.193427756 0.062269077 -0.044096954 0.052519288 0.079367846 0.048130728 0.994296670
1341846317.474010 -0.196949422 0.065548234 -0.043331869 0.058817200 0.078948341 0.050526589 0.993858576
1341846317.509927 -0.202458367 0.071965754 -0.044714838 0.062519148 0.076146401 0.054897282 0.993619323
1341846317.542282 -0.200318545 0.067764826 -0.046247102 0.060415778 0.072062694 0.055533569 0.994018614
1341846317.573943 -0.211755261 0.065644294 -0.043904401 0.060489289 0.074673727 0.054977734 0.993852258
1341846317.610159 -0.224942595 0.066064805 -0.035200920 0.063280649 0.077742897 0.054217104 0.993484855
1341846317.643553 -0.220070288 0.073052250 -0.042008523 0.067062035 0.073994465 0.059544645 0.993218005
1341846317.677993 -0.219131857 0.075958692 -0.041676119 0.068595015 0.069105074 0.061518930 0.993345201
1341846317.709996 -0.228044137 0.076821871 -0.040120579 0.071144469 0.067462489 0.063030936 0.993183970
1341846317.741834 -0.214752361 0.075951725 -0.045472205 0.069851935 0.062908389 0.062376238 0.993615866
1341846317.777923 -0.203063875 0.080000512 -0.045199197 0.068843842 0.058351289 0.061982464 0.993988872
1341846317.810021 -0.193346828 0.079075970 -0.044101804 0.068674870 0.053793740 0.059863053 0.994387507
1341846317.841886 -0.181383029 0.072292559 -0.045896225 0.065354824 0.050185669 0.057940297 0.994913638
1341846317.878017 -0.157534450 0.076395094 -0.045317676 0.063674852 0.044564627 0.053836852 0.995520532
1341846317.909910 -0.139061585 0.077362202 -0.034325846 0.063289709 0.042068545 0.050337899 0.995836735
1341846317.946031 -0.126404986 0.058619820 -0.040664457 0.060723141 0.039043631 0.050276041 0.996122837
1341846317.978041 -0.085864373 0.051382631 -0.033122223 0.061290234 0.029303873 0.049075644 0.996482015
1341846318.009897 -0.082549468 0.051200986 -0.031677298 0.063445948 0.028725808 0.047942892 0.996419132
1341846318.045949 -0.079945222 0.039366163 -0.036761034 0.061095152 0.027946467 0.047688354 0.996600330
1341846318.078074 -0.037004691 0.033035249 -0.030490026 0.058975708 0.016996402 0.044867046 0.997105777
1341846318.109894 0.014515414 0.021852503 -0.020512141 0.056138016 0.002662909 0.040820025 0.997584701
1341846318.145957 0.006777605 0.015829997 -0.015430421 0.054552943 0.001243157 0.038910802 0.997751653
1341846318.178001 0.009647961 0.013889149 -0.013864346 0.053598788 0.000275122 0.036457796 0.997896791
1341846318.214074 0.032517184 0.008593749 -0.006731274 0.053512324 -0.006941847 0.034338608 0.997952521
1341846318.245970 0.043074958 0.009792757 -0.001819464 0.057271875 -0.015521765 0.035343722 0.997612059
1341846318.278018 0.047307421 0.008873750 -0.004286247 0.060300659 -0.021747379 0.035786577 0.997301459
1341846318.313937 0.083361708 0.009877171 -0.003653917 0.061620332 -0.036747493 0.035832785 0.996779084
1341846318.345989 0.078026921 0.026973987 -0.006212914 0.066780731 -0.045238286 0.035797931 0.996098578
1341846318.382046 0.090130910 0.024851816 -0.002645585 0.068403669 -0.055366576 0.034377798 0.995526791
1341846318.414072 0.083586760 0.025200160 -0.004749644 0.069381006 -0.061906923 0.036698088 0.994991004
1341846318.446035 0.091031417 0.025547840 -0.007092719 0.071948104 -0.069709904 0.035521258 0.994335115
1341846318.482196 0.098178692 0.016619107 -0.012119565 0.071233317 -0.074086308 0.033823758 0.994129300
1341846318.514144 0.105288230 0.014580373 -0.012477094 0.070946366 -0.077606797 0.035014290 0.993839920
1341846318.546259 0.110959031 0.017000487 -0.014475147 0.073244847 -0.080646075 0.035662618 0.993408084
1341846318.582042 0.113670021 0.015955120 -0.023845699 0.074078143 -0.082084477 0.035042327 0.993250549
1341846318.614115 0.116853669 0.011180959 -0.029921645 0.072587982 -0.084545292 0.035012327 0.993155181
1341846318.650038 0.119213603 0.007559687 -0.031855825 0.071795732 -0.086960666 0.036198784 0.992961705
1341846318.682350 0.118195839 0.011352820 -0.041356400 0.072348967 -0.088618696 0.036065143 0.992779791
1341846318.714063 0.118221126 0.008823855 -0.055227373 0.071012847 -0.090870723 0.036291730 0.992664397
1341846318.749905 0.101378419 0.009440845 -0.058385246 0.072652049 -0.089108206 0.038994115 0.992603123
1341846318.782036 0.123627856 0.018295506 -0.065444149 0.075342551 -0.095276013 0.042101841 0.991702318
1341846318.814121 0.122931331 0.022881698 -0.079328671 0.076274186 -0.102352940 0.040836874 0.990978599
1341846318.850072 0.097908810 0.021962790 -0.085032694 0.077224769 -0.104684457 0.040510662 0.990674734
1341846318.883516 0.078195721 0.037510008 -0.088479728 0.084521741 -0.111002579 0.041564658 0.989346683
1341846318.918047 0.066763073 0.036873966 -0.086829454 0.086674236 -0.123420902 0.039512597 0.987772048
1341846318.950044 0.068149172 0.025324555 -0.092270292 0.086091861 -0.133094713 0.030592551 0.986883044
1341846318.982028 0.067421995 0.024738232 -0.099736027 0.087128840 -0.137275293 0.028832287 0.986272156
1341846319.018123 0.066868119 0.036928870 -0.102989234 0.089536943 -0.144409955 0.033928514 0.984874487
1341846319.050745 0.055263262 0.033975467 -0.086456649 0.092181042 -0.148725599 0.033423517 0.984005213
1341846319.081905 0.031767707 0.028423816 -0.086727917 0.095981732 -0.144958749 0.031338163 0.984272540
1341846319.117976 0.004975035 0.030955818 -0.095124617 0.097876109 -0.142011628 0.039821036 0.984208941
1341846319.150093 -0.020688059 0.026302274 -0.098685212 0.098267764 -0.143674552 0.045210503 0.983695626
1341846319.186069 -0.047174856 0.024718864 -0.101854235 0.099025190 -0.140626803 0.043827917 0.984122574
1341846319.218149 -0.078827389 0.030078735 -0.109413959 0.096551783 -0.132119209 0.041197002 0.985659719
1341846319.250034 -0.119716331 0.026046513 -0.110669851 0.090863168 -0.121639490 0.041804913 0.987522244
1341846319.286594 -0.158698946 0.022767235 -0.113174297 0.089012787 -0.113521904 0.046340130 0.988454401
1341846319.318034 -0.202149555 0.017990457 -0.110985838 0.089563124 -0.107159920 0.049477845 0.988962650
1341846319.350268 -0.235582128 0.014096331 -0.121794775 0.089377999 -0.102733530 0.057764206 0.988999844
1341846319.386163 -0.267704338 0.013379633 -0.128818735 0.091135964 -0.102637716 0.065563060 0.988362908
1341846319.418386 -0.287852883 0.016734326 -0.147097439 0.092867471 -0.104663707 0.065334506 0.988004327
1341846319.453961 -0.274773031 0.023942944 -0.143301278 0.094131649 -0.109311000 0.063150316 0.987523377
1341846319.486271 -0.279565871 0.015984111 -0.149154246 0.091123298 -0.110385172 0.066416413 0.987471819
1341846319.554083 -0.271239698 0.006177636 -0.136801332 0.084423676 -0.120720670 0.069415867 0.986651242
1341846319.586296 -0.296311259 -0.000279741 -0.141451448 0.084235340 -0.117235638 0.065898217 0.987328529
1341846319.622031 -0.315528989 -0.003237105 -0.157645017 0.082535021 -0.118536599 0.066316716 0.987288773
1341846319.653962 -0.329141617 -0.002713473 -0.137040943 0.082827084 -0.122714430 0.064118959 0.986899018
1341846319.686352 -0.331465513 -0.005572437 -0.138110682 0.083979458 -0.127463162 0.066230357 0.986059904
1341846319.721992 -0.341371834 0.001208456 -0.145753682 0.085551158 -0.130477235 0.068020865 0.985408485
1341846319.754063 -0.361924320 0.020421050 -0.159592807 0.084838927 -0.129967630 0.068936005 0.985473812
1341846319.786397 -0.395972699 0.024343461 -0.158469468 0.081332378 -0.125392839 0.070480332 0.986252606
1341846319.822008 -0.384267867 0.022735110 -0.151643306 0.077489711 -0.129153460 0.076964892 0.985591769
1341846319.853917 -0.377023280 0.018172409 -0.152321398 0.071762815 -0.131973147 0.081256844 0.985307336
1341846319.889942 -0.393774331 0.004910158 -0.144866362 0.067359380 -0.130509824 0.085822664 0.985426009
1341846319.922039 -0.411743730 -0.004247555 -0.137975588 0.066653863 -0.132324934 0.087015867 0.985127211
1341846319.953946 -0.395644575 -0.014298940 -0.135869607 0.065919556 -0.141150385 0.081717059 0.984405160
1341846319.990054 -0.386535764 -0.017451435 -0.144581065 0.067980066 -0.145719603 0.076338992 0.984030962
1341846320.028122 -0.408781946 -0.014888798 -0.134854481 0.071120188 -0.146265090 0.075948238 0.983758271
1341846320.090047 -0.373165965 0.008071873 -0.140737697 0.079026230 -0.157455727 0.074383624 0.981544554
1341846320.122011 -0.368314773 -0.001362524 -0.151103556 0.077696405 -0.154988095 0.074711926 0.982018352
1341846320.157952 -0.361176282 0.007983508 -0.136489496 0.079832286 -0.152861536 0.073967524 0.982236743
1341846320.190003 -0.315921754 -0.005943312 -0.125413150 0.079971477 -0.155357957 0.071009204 0.982052088
1341846320.221941 -0.309619218 -0.001511629 -0.122894794 0.084458068 -0.152290404 0.073423833 0.981979370
1341846320.258015 -0.297098279 -0.015054584 -0.126855299 0.086402677 -0.152304009 0.075365484 0.981660903
1341846320.289887 -0.240391538 -0.029630389 -0.136937559 0.088327698 -0.159724534 0.077325985 0.980156660
1341846320.321954 -0.181249589 -0.025221840 -0.118792944 0.096773386 -0.169396073 0.076908290 0.977765322
1341846320.357890 -0.185270697 0.012110734 -0.123907104 0.107726812 -0.166333258 0.074627064 0.977322400
1341846320.390064 -0.152890548 0.016154753 -0.126556024 0.109265432 -0.165720537 0.072456270 0.977418959
1341846320.426544 -0.134651691 -0.004471265 -0.129436255 0.109319113 -0.158732399 0.065008193 0.979095161
1341846320.458122 -0.062727585 -0.001890068 -0.111330457 0.110697694 -0.160857171 0.061880842 0.978796065
1341846320.490186 0.015603076 -0.001470148 -0.096862048 0.113512874 -0.163826361 0.060290378 0.978080213
1341846320.525911 0.070486896 0.006627631 -0.088842832 0.117940679 -0.162211388 0.056066655 0.978076696
1341846320.558091 0.110463776 0.014711375 -0.077864729 0.120008774 -0.162649751 0.051344804 0.978011608
1341846320.594093 0.135381728 0.023095435 -0.062702827 0.122988604 -0.160454676 0.045374848 0.978299141
1341846320.631955 0.177681580 0.022392826 -0.062849723 0.125055596 -0.157787204 0.044412915 0.978515148
1341846320.664916 0.208255976 0.023716860 -0.059468061 0.125036806 -0.158285990 0.042973612 0.978501260
1341846320.699927 0.210628346 0.043652624 -0.034822363 0.129156977 -0.154246956 0.038356572 0.978802919
1341846320.731822 0.247387856 0.058120944 -0.022646725 0.133066952 -0.152710691 0.036579490 0.978588045
1341846320.763877 0.273769408 0.078586683 0.004192855 0.134488791 -0.154645115 0.039103992 0.977992117
1341846320.799999 0.306631237 0.070237495 0.014751537 0.127599701 -0.159754887 0.029294824 0.978436768
1341846320.831871 0.313955188 0.056697290 0.014536992 0.128146738 -0.149616122 0.021977711 0.980158389
1341846320.863887 0.329742998 0.063145101 0.000690207 0.127362058 -0.142087743 0.026300874 0.981273830
1341846320.900014 0.341221601 0.052941166 0.047254000 0.121467374 -0.147246704 0.028302481 0.981204927
1341846320.931889 0.378005087 0.038246781 0.062591337 0.120664105 -0.151131883 0.023594845 0.980837703
1341846320.967866 0.439484149 0.059572607 0.060182191 0.121379659 -0.154895484 0.025562324 0.980112731
1341846321.000017 0.476990998 0.053844150 0.075473830 0.115104839 -0.160067558 0.025527310 0.980039656
1341846321.031860 0.504993200 0.049561493 0.120392025 0.114196442 -0.163320005 0.019663285 0.979744434
1341846321.068047 0.544546604 0.053573370 0.130931184 0.114662357 -0.165549085 0.019813623 0.979312778
1341846321.099840 0.565638125 0.062891506 0.148970932 0.114026278 -0.167465925 0.020639434 0.979044020
1341846321.131821 0.608900130 0.053993493 0.168023661 0.113907643 -0.170995086 0.019828483 0.978464425
1341846321.167887 0.627012730 0.066586785 0.179584235 0.117980622 -0.169452608 0.021091750 0.978223681
1341846321.200042 0.637578905 0.079628967 0.190475404 0.120383568 -0.167953849 0.021743160 0.978175163
1341846321.231950 0.641720474 0.059925798 0.181432411 0.117272951 -0.166129336 0.018393951 0.978932977
1341846321.267939 0.689911604 0.065483868 0.184468985 0.118760757 -0.169528484 0.012972977 0.978257477
1341846321.299948 0.696619987 0.072553262 0.201829404 0.119987465 -0.165611297 0.006405636 0.978843689
1341846321.331858 0.715087950 0.079805672 0.219513834 0.122398965 -0.165609032 0.003818379 0.978558898
1341846321.367913 0.750638664 0.070778042 0.230288595 0.123606250 -0.166999251 -0.001804704 0.978176653
1341846321.399897 0.749834299 0.074107468 0.226023883 0.125986189 -0.161009893 -0.003007096 0.978873968
1341846321.435994 0.752247453 0.079466000 0.239037842 0.128838256 -0.157815561 -0.003034881 0.979022861
1341846321.467946 0.776519537 0.074982479 0.240861610 0.129934967 -0.157621428 -0.002719572 0.978910148
1341846321.499882 0.797950983 0.083339840 0.258111835 0.133218393 -0.157119051 -0.003618473 0.978546560
1341846321.536109 0.818212092 0.080575198 0.255268246 0.132617906 -0.153045610 -0.007537223 0.979251087
1341846321.568960 0.832439065 0.111671560 0.272077471 0.134619623 -0.148904547 -0.009853368 0.979595780
1341846321.603938 0.831492364 0.097170189 0.278769374 0.130080715 -0.146212727 -0.011008915 0.980601668
1341846321.637163 0.865403891 0.090603687 0.282680243 0.127639189 -0.145397514 -0.014372833 0.981000125
1341846321.668306 0.808395922 0.136265039 0.308109343 0.130645365 -0.129493922 -0.011532472 0.982868314
1341846321.704411 0.783258438 0.127824619 0.306467533 0.124908671 -0.125710621 -0.002965790 0.984167635
1341846321.736861 0.781448603 0.133648083 0.313372493 0.123747565 -0.127109155 0.003983693 0.984131098
1341846321.771881 0.803609848 0.149562746 0.319567084 0.121956460 -0.129085541 0.008264078 0.984070778
1341846321.804114 0.835749805 0.141073525 0.325322479 0.116454452 -0.131085113 0.010146204 0.984455228
1341846321.836152 0.834452033 0.151988849 0.325542986 0.115180150 -0.128209367 0.008284323 0.985001147
1341846321.871882 0.830500782 0.158646092 0.329259604 0.111061104 -0.125809908 0.004022442 0.985809922
1341846321.904074 0.845179677 0.161315307 0.335411727 0.106197305 -0.126202181 0.000774528 0.986303508
1341846321.939847 0.857473254 0.151954532 0.343991995 0.101710178 -0.124770239 -0.002174552 0.986956298
1341846322.004094 0.824980915 0.146009251 0.339433730 0.094417803 -0.121929370 -0.004222945 0.988028705
1341846322.066178 0.848496675 0.110039987 0.337564796 0.085172705 -0.118590504 -0.008674268 0.989245534
1341846322.107979 0.838295877 0.094524294 0.339253664 0.082299881 -0.115541585 -0.010156048 0.989835262
1341846322.166164 0.850413561 0.067248933 0.335367173 0.082664639 -0.117964886 -0.007250449 0.989544511
1341846322.202932 0.866387188 0.061817758 0.342180908 0.084154367 -0.122872442 -0.007713448 0.988817990
1341846322.234093 0.856011569 0.051146291 0.334429473 0.081774034 -0.122350313 -0.010567627 0.989056051
1341846322.265941 0.864328742 0.045777559 0.344898641 0.079932518 -0.127212480 -0.009582897 0.988603055
1341846322.301996 0.880641639 0.006479755 0.345280319 0.073216207 -0.130816132 -0.009103944 0.988657534
1341846322.333949 0.862051606 -0.027092971 0.323245287 0.068173103 -0.129624531 -0.011274341 0.989152551
1341846322.369871 0.861881971 -0.040156879 0.330345809 0.070153326 -0.134322450 -0.015419471 0.988331079
1341846322.402292 0.913938582 -0.093946487 0.343474418 0.066131555 -0.140468583 -0.022791149 0.987611175
1341846322.433955 0.847564995 -0.080266684 0.330007523 0.075029381 -0.129826739 -0.024036616 0.988401651
1341846322.470030 0.831299424 -0.091890320 0.331485599 0.081984408 -0.132312521 -0.020106740 0.987607062
1341846322.502433 0.848488271 -0.120761655 0.329402149 0.085181504 -0.137064025 -0.016018411 0.986762881
1341846322.534002 0.865507662 -0.165111735 0.333723009 0.087455846 -0.139859781 -0.013293461 0.986211956
1341846322.570196 0.857747555 -0.179261327 0.328763992 0.095894881 -0.138811171 -0.007771795 0.985634446
1341846322.601920 0.841439068 -0.187517181 0.322040856 0.100546971 -0.139902279 -0.005653205 0.985030830
1341846322.638119 0.851513803 -0.225458711 0.337141365 0.101611242 -0.144213289 -0.003973698 0.984307826
1341846322.669947 0.862045228 -0.237466887 0.340388745 0.105413683 -0.141827792 -0.004701041 0.984251380
1341846322.702026 0.862243176 -0.246767715 0.331263989 0.107790165 -0.141349837 -0.002273741 0.984071314
1341846322.738006 0.868369758 -0.232654139 0.335011959 0.111159429 -0.144551054 0.000068227 0.983233750
1341846322.770087 0.862614870 -0.293576807 0.338681728 0.104077101 -0.142618939 -0.001346704 0.984289587
1341846322.806047 0.851241231 -0.287147939 0.337310582 0.109599456 -0.141956404 0.001638194 0.983785391
1341846322.838063 0.843870044 -0.294455379 0.336611152 0.110746875 -0.145281017 0.004014356 0.983164489
1341846322.870081 0.854425490 -0.337593853 0.343741208 0.107357979 -0.151480302 0.005946355 0.982594848
1341846322.906018 0.867728174 -0.317409128 0.353693664 0.115048014 -0.154507190 0.007565004 0.981241167
1341846322.938349 0.866223752 -0.320073992 0.354474664 0.113810696 -0.153291345 0.009511885 0.981559217
1341846322.970069 0.865987480 -0.309100091 0.353985846 0.111586422 -0.153384387 0.010437564 0.981790602
1341846323.011820 0.870246530 -0.326568604 0.363895565 0.107939065 -0.153646752 0.011697980 0.982143044
1341846323.073951 0.868985772 -0.331333458 0.360378325 0.104424447 -0.153657749 0.013992663 0.982491255
1341846323.105962 0.850991666 -0.372379243 0.364495993 0.097669229 -0.151387855 0.011839794 0.983566105
1341846323.138158 0.851329327 -0.380425155 0.360770911 0.097973518 -0.151060283 0.007785237 0.983626664
1341846323.174092 0.853814125 -0.382169813 0.359382391 0.095726870 -0.152170166 0.006168874 0.983688235
1341846323.206059 0.870388150 -0.393214822 0.366533011 0.092494927 -0.154623866 0.003760939 0.983626962
1341846323.238053 0.878018975 -0.390103370 0.371199787 0.091264062 -0.152216464 0.003440606 0.984118462
1341846323.273997 0.867459238 -0.361578226 0.372767866 0.091816053 -0.152239591 0.004240707 0.984060407
1341846323.305946 0.871753156 -0.397653699 0.369767636 0.082046278 -0.155817613 0.003567022 0.984366059
1341846323.342027 0.931681573 -0.425763786 0.385349989 0.077862881 -0.161821425 0.002655402 0.983739913
1341846323.374048 0.854076087 -0.449537396 0.371869564 0.075181417 -0.147797242 0.003551249 0.986149669
1341846323.405987 0.877489805 -0.451998889 0.371241629 0.075247891 -0.157029465 0.009088327 0.984681129
1341846323.441956 0.898330688 -0.480027765 0.388957798 0.072780147 -0.163465887 0.010215556 0.983807683
1341846323.473878 0.858092546 -0.532896519 0.377026469 0.070115581 -0.155599445 0.006150877 0.985309482
1341846323.506129 0.853975773 -0.501935959 0.372190058 0.076958708 -0.155231178 0.006280898 0.984855950
1341846323.541972 0.874222815 -0.500608027 0.375438571 0.076391004 -0.157404214 0.004302528 0.984565794
1341846323.573913 0.887162209 -0.536664665 0.376525402 0.072962247 -0.153081372 -0.000622197 0.985516191
1341846323.609927 0.875545382 -0.524582684 0.371310145 0.076220199 -0.146755099 -0.003066987 0.986227214
1341846323.642014 0.856469512 -0.542763889 0.370464593 0.073411494 -0.143885583 -0.003912909 0.986859858
1341846323.674081 0.854186594 -0.540778279 0.372964650 0.074654393 -0.145353466 -0.000064086 0.986559212
1341846323.710069 0.860306978 -0.590911686 0.369882852 0.069671273 -0.147050753 0.004313086 0.986662805
1341846323.742111 0.852210462 -0.580138505 0.361352056 0.078462161 -0.147963241 0.002456246 0.985872447
1341846323.774928 0.874502897 -0.600270927 0.373645484 0.077813491 -0.153929502 0.002623927 0.985009611
1341846323.810012 0.858993113 -0.571443200 0.366787136 0.085758582 -0.152499229 -0.001394499 0.984574795
1341846323.842207 0.872498751 -0.606344104 0.369373858 0.082238682 -0.154370442 -0.005100640 0.984571278
1341846323.878019 0.864491999 -0.613824546 0.370624959 0.084009640 -0.154918239 -0.009251142 0.984305441
1341846323.909826 0.857848585 -0.625213861 0.369221091 0.087940104 -0.155680284 -0.013535273 0.983792186
1341846323.942459 0.859002829 -0.627976954 0.357845724 0.090811566 -0.154958114 -0.009825470 0.983689368
1341846323.978055 0.846163809 -0.655668914 0.359905005 0.089084238 -0.157789230 -0.012496093 0.983366847
1341846324.015934 0.844276726 -0.706729233 0.352605999 0.085571326 -0.158332273 -0.014228227 0.983568013
1341846324.047722 0.858666539 -0.694456279 0.351849824 0.089870542 -0.158146605 -0.013213872 0.983228564
1341846324.083904 0.854949176 -0.673503101 0.363015324 0.090741202 -0.156446695 -0.012402008 0.983431041
1341846324.115968 0.852102578 -0.667217016 0.358976722 0.089893952 -0.154603407 -0.015467743 0.983756900
1341846324.151967 0.854837179 -0.665609539 0.355033427 0.089562707 -0.151612937 -0.019899672 0.984172761
1341846324.183941 0.848308086 -0.637460649 0.360778123 0.089849576 -0.147299364 -0.022842094 0.984737635
1341846324.219984 0.851500750 -0.628800631 0.361888349 0.086922392 -0.146587878 -0.023176983 0.985098660
1341846324.251968 0.843969822 -0.637489438 0.359936565 0.085282855 -0.145803317 -0.024892403 0.985316515
1341846324.284052 0.838070273 -0.632460296 0.353083521 0.084977724 -0.145931110 -0.026088703 0.985292971
1341846324.319880 0.829544663 -0.614668071 0.351585746 0.083907343 -0.148244739 -0.026425065 0.985030353
1341846324.351917 0.821519315 -0.597958148 0.364616394 0.081203938 -0.150788978 -0.028990969 0.984798551
1341846324.388001 0.848439753 -0.580799460 0.360586971 0.079497315 -0.153125703 -0.032530520 0.984466612
1341846324.419908 0.851627409 -0.567228079 0.363498241 0.075277694 -0.151726797 -0.034751199 0.984938860
1341846324.452027 0.842617571 -0.570754588 0.363932401 0.070350714 -0.150364831 -0.035786316 0.985474765
1341846324.487928 0.857876301 -0.527876019 0.364672512 0.074757762 -0.152681917 -0.032163918 0.984918773
1341846324.519985 0.844014287 -0.476579010 0.358546793 0.079086877 -0.153245717 -0.027273305 0.984640658
1341846324.556001 0.850924850 -0.478618503 0.358279854 0.073569708 -0.159097090 -0.023333291 0.984241426
1341846324.587888 0.845475554 -0.473118007 0.363326877 0.069382839 -0.161544859 -0.022972211 0.984155238
1341846324.620086 0.846525729 -0.447265089 0.358627796 0.071134679 -0.163777709 -0.026214177 0.983579993
1341846324.655955 0.847836852 -0.417420894 0.364716411 0.073328525 -0.164682701 -0.027155058 0.983242154
1341846324.688082 0.846284032 -0.438907683 0.366551906 0.068384811 -0.164774209 -0.026319016 0.983605802
1341846324.755922 0.836528718 -0.343360573 0.353078365 0.079340652 -0.166233718 -0.020863906 0.982667863
1341846324.814016 0.880087495 -0.288080722 0.356008619 0.079385608 -0.176428333 -0.023794923 0.980818391
1341846324.849979 0.868177116 -0.242621452 0.359120190 0.080461614 -0.172405168 -0.026303202 0.981381953
1341846324.881924 0.851870835 -0.235267460 0.367201000 0.077879533 -0.172137633 -0.027419757 0.981606662
1341846324.913902 0.843233764 -0.227237284 0.364137709 0.076076590 -0.171335235 -0.024372408 0.981968701
1341846324.949999 0.825131297 -0.242326140 0.362553686 0.073968872 -0.169360727 -0.023730410 0.982487857
1341846324.981922 0.823844910 -0.225643218 0.363807559 0.078982532 -0.172959074 -0.018592739 0.981580973
1341846325.018013 0.831409574 -0.192852616 0.367613912 0.086875595 -0.179298609 -0.016191633 0.979817569
1341846325.050079 0.833919048 -0.157333925 0.360342652 0.092257179 -0.184129521 -0.016452031 0.978424430
1341846325.081901 0.837848365 -0.147547543 0.355532050 0.091250852 -0.189266384 -0.019262027 0.977486849
1341846325.118531 0.851647139 -0.113267243 0.364385158 0.091134362 -0.192125306 -0.023031222 0.976858199
1341846325.149933 0.847405732 -0.111210451 0.363982201 0.085857578 -0.189099744 -0.025027243 0.977877021
1341846325.181925 0.831090212 -0.096269086 0.357752115 0.083875902 -0.184990913 -0.021713484 0.978913546
1341846325.218055 0.837986708 -0.090192847 0.365160704 0.080600061 -0.186941922 -0.018398503 0.978886068
1341846325.249811 0.845430732 -0.067604989 0.369695634 0.080754749 -0.188255712 -0.015309284 0.978674710
1341846325.285925 0.853410602 -0.056949712 0.375805080 0.078328602 -0.190113798 -0.011853475 0.978560627
1341846325.317988 0.860609412 -0.067572601 0.374647409 0.074339233 -0.187866732 -0.009980216 0.979326367
1341846325.349844 0.844146967 -0.074054413 0.378895432 0.076024875 -0.181261376 -0.008435035 0.980455697
1341846325.387302 0.844557106 -0.062719569 0.379969537 0.080244265 -0.178599522 -0.004012755 0.980636001
1341846325.417931 0.892380536 -0.031071359 0.399853528 0.087668471 -0.180958405 0.000291181 0.979575515
1341846325.450747 0.908216715 -0.033900890 0.409435898 0.092371754 -0.175906181 0.000575007 0.980063379
1341846325.485954 0.862653613 -0.007793803 0.398354560 0.103206381 -0.163281500 0.004446837 0.981156409
1341846325.517875 0.850736439 0.019715481 0.396762639 0.109882332 -0.158812210 0.007256426 0.981148303
1341846325.553859 0.861329079 0.034552652 0.398756504 0.114335716 -0.156726003 0.006561704 0.980979800
1341846325.585855 0.850521088 0.077693313 0.400932759 0.122239120 -0.152550340 0.006424346 0.980685830
1341846325.617990 0.845549107 0.100881688 0.396079034 0.121229626 -0.149449527 0.004863553 0.981297433
1341846325.653982 0.832723558 0.076250672 0.401829183 0.116278261 -0.146589369 0.000502952 0.982339382
1341846325.685819 0.833888829 0.086793095 0.411188841 0.122667454 -0.146070868 0.004346414 0.981629848
1341846325.717857 0.832438171 0.131464139 0.416156173 0.132010937 -0.145475984 0.011637705 0.980446041
1341846325.754083 0.815670907 0.127893671 0.405581534 0.133094385 -0.142808408 0.015575488 0.980637074
1341846325.786087 0.822441816 0.127036393 0.410521626 0.138486475 -0.143448204 0.017428238 0.979765534
1341846325.821856 0.824171662 0.162845969 0.414221317 0.145819277 -0.142219111 0.019894270 0.978833377
1341846325.853827 0.807977796 0.176753238 0.413264573 0.147646382 -0.139773473 0.023816135 0.978824198
1341846325.885958 0.816919744 0.194693863 0.400116712 0.148048982 -0.145046830 0.030709360 0.977803588
1341846325.921984 0.818830788 0.209962159 0.415940821 0.148701161 -0.148857906 0.034416322 0.977008104
1341846325.953899 0.828071952 0.194211066 0.419148445 0.148598224 -0.149283051 0.034578081 0.976953208
1341846325.985823 0.832859039 0.229685903 0.433538795 0.154908985 -0.148325160 0.040488806 0.975891173
1341846326.021991 0.813830733 0.226718128 0.425880104 0.155740559 -0.145304039 0.046145026 0.975962222
1341846326.054055 0.821120501 0.263188630 0.435557514 0.164612174 -0.147429630 0.051024530 0.973942399
1341846326.089984 0.860443234 0.277554780 0.429228753 0.166425616 -0.151428536 0.051892120 0.972974360
1341846326.121822 0.845029473 0.306115568 0.444534361 0.170149013 -0.145678550 0.051947702 0.973205328
1341846326.154079 0.827471018 0.315860689 0.450505018 0.172907442 -0.140690327 0.048765983 0.973617613
1341846326.190178 0.822697818 0.359801829 0.465986282 0.180758700 -0.141217276 0.052678708 0.971909940
1341846326.222162 0.824244857 0.392026842 0.457051992 0.181646630 -0.143272847 0.058612041 0.971103549
1341846326.259181 0.824525237 0.394776225 0.459235191 0.177609414 -0.146830723 0.061595008 0.971134245
1341846326.322766 0.825584948 0.423837781 0.472222358 0.172162905 -0.147002444 0.057857614 0.972318292
1341846326.359773 0.822542548 0.451385319 0.479335368 0.172593579 -0.144991219 0.056754824 0.972608805
1341846326.392109 0.821325421 0.438739121 0.493920624 0.170117378 -0.143313825 0.057464357 0.973251879
1341846326.423985 0.810497582 0.448849201 0.485910445 0.173770159 -0.141118094 0.063009053 0.972584009
1341846326.459869 0.797084987 0.477150500 0.485338032 0.177597553 -0.142264530 0.067738630 0.971406937
1341846326.526163 0.822024882 0.591958821 0.522773921 0.192230746 -0.145228446 0.070400052 0.967987597
1341846326.560211 0.816394687 0.609141827 0.531372547 0.189276546 -0.141086921 0.071422286 0.969106674
1341846326.591828 0.815095186 0.603375554 0.543256879 0.185518295 -0.139415219 0.069873944 0.970187604
1341846326.627027 0.821452975 0.611134112 0.543126285 0.184684336 -0.138437703 0.068877555 0.970557928
1341846326.658442 0.809250534 0.632916033 0.542668343 0.183355033 -0.132213667 0.068409584 0.971710145
1341846326.694856 0.802854717 0.662473738 0.548315346 0.183584899 -0.128975481 0.071855627 0.971853197
1341846326.726206 0.802106261 0.681481779 0.549196482 0.179809690 -0.127498075 0.067592606 0.973059118
1341846326.762753 0.804252863 0.717721462 0.555431545 0.179311946 -0.124697484 0.065175869 0.973678589
1341846326.826821 0.789251924 0.711672843 0.560259759 0.158955216 -0.116473004 0.060082477 0.978548646
1341846326.858887 0.776943147 0.690016687 0.564995348 0.147367418 -0.113548957 0.056221649 0.980932534
1341846326.895360 0.774091244 0.691139698 0.573420167 0.146268114 -0.114963315 0.057337027 0.980867803
1341846326.926897 0.767339945 0.722005308 0.586232483 0.152531981 -0.118461482 0.058571249 0.979423523
1341846326.958888 0.772715211 0.713913083 0.585286081 0.150092930 -0.120647669 0.061956476 0.979325175
1341846326.994594 0.773956418 0.712180018 0.581783235 0.147822514 -0.119828448 0.062579744 0.979731321
1341846327.026301 0.771514297 0.720448732 0.583391666 0.145057991 -0.117600150 0.059820171 0.980586529
1341846327.063945 0.783612311 0.726890981 0.588531852 0.142824531 -0.117089882 0.057207216 0.981131256
1341846327.094662 0.779641807 0.749695718 0.602154255 0.145891130 -0.114427328 0.055760868 0.981077492
1341846327.128901 0.773232579 0.741518915 0.601299405 0.142417610 -0.113453783 0.055911954 0.981692135
1341846327.161940 0.734996080 0.751277387 0.580980778 0.140920952 -0.107147016 0.054213844 0.982711375
1341846327.193867 0.763061702 0.744618118 0.602703929 0.138366371 -0.110275753 0.052414149 0.982825935
1341846327.229885 0.750381768 0.757859409 0.584106922 0.139683470 -0.104364984 0.048581641 0.983481765
1341846327.262014 0.686777949 0.762676358 0.564176321 0.139033496 -0.085661151 0.044375647 0.985577345
1341846327.294023 0.653694510 0.737698495 0.539071083 0.134101614 -0.067703903 0.031524613 0.988149345
1341846327.330015 0.625334620 0.748387337 0.522012651 0.135510609 -0.053096481 0.029336788 0.988917112
1341846327.361939 0.594028234 0.736339331 0.510135233 0.127355710 -0.042402230 0.020388693 0.990740597
1341846327.393887 0.560736001 0.742695451 0.501349509 0.126285076 -0.034347717 0.014270660 0.991296470
1341846327.429966 0.531432867 0.762166917 0.471139789 0.123265952 -0.029223694 0.013175722 0.991855800
1341846327.461965 0.510813415 0.751169443 0.454276770 0.111047454 -0.030494738 0.006716554 0.993324459
1341846327.497931 0.466832995 0.737093508 0.459513009 0.104025565 -0.023159383 0.000829882 0.994304597
1341846327.530068 0.422669262 0.742276847 0.448261648 0.100722767 -0.015192011 0.003088611 0.994793773
1341846327.561895 0.358438581 0.745994627 0.445175290 0.097521782 -0.007279524 0.008919354 0.995166838
1341846327.598010 0.300838202 0.749627888 0.446082115 0.098962523 0.000043733 0.011031447 0.995030105
1341846327.629945 0.291916221 0.772392094 0.446908504 0.100273795 -0.003982092 0.010156265 0.994900107
1341846327.662003 0.269142956 0.753075838 0.441498667 0.096332386 -0.002946838 0.006785128 0.995321751
1341846327.697919 0.236512050 0.764237761 0.429338425 0.097796559 0.002049090 0.007540907 0.995175838
1341846327.730075 0.200613782 0.768152952 0.427071422 0.091640085 0.005805505 0.012203419 0.995700538
1341846327.766017 0.177221939 0.774750769 0.427626699 0.087334514 0.009844732 0.012066708 0.996057332
1341846327.797917 0.200861812 0.789115906 0.428163916 0.081609413 0.005228498 0.014984665 0.996538043
1341846327.830054 0.195514858 0.791596532 0.432685167 0.074566297 0.005950057 0.013880929 0.997101724
1341846327.865944 0.194726154 0.783901036 0.425465435 0.067326918 0.007938425 0.014264846 0.997597396
1341846327.898010 0.190021724 0.793838143 0.431866437 0.064408593 0.009196704 0.015433433 0.997761905
1341846327.929991 0.191608116 0.806006670 0.434332073 0.060634021 0.007483261 0.013036301 0.998046875
1341846327.966065 0.197507128 0.821873486 0.438391745 0.057462193 0.007193511 0.010199717 0.998269677
1341846327.998073 0.192492113 0.824353456 0.437101811 0.049860083 0.009398687 0.007082486 0.998686910
1341846328.034045 0.196822867 0.831380010 0.438389540 0.044173889 0.009882902 0.005986690 0.998957038
1341846328.065993 0.202585816 0.820695341 0.435250521 0.036383659 0.009805198 0.005572057 0.999274313
1341846328.098045 0.190998062 0.801725924 0.438014627 0.033470117 0.012065344 0.006763195 0.999344051
1341846328.133967 0.175158441 0.803774595 0.434256822 0.036823556 0.013326257 0.010166938 0.999181271
1341846328.166023 0.183019623 0.800403059 0.436006486 0.035969682 0.008512558 0.011342236 0.999252319
1341846328.198018 0.186917365 0.780059278 0.430900931 0.033841167 0.004955691 0.008904631 0.999375343
1341846328.234044 0.188046679 0.779436707 0.424872786 0.038428079 0.003345976 0.008743203 0.999217510
1341846328.265899 0.184430346 0.755294621 0.424139649 0.037827950 0.001692837 0.008388224 0.999247670
1341846328.302051 0.166932285 0.751677692 0.427235067 0.042890970 0.004561313 0.008606875 0.999032259
1341846328.333917 0.179017097 0.736413717 0.423222780 0.045696702 0.001511616 0.012845361 0.998871684
1341846328.366008 0.167426571 0.749469042 0.432951897 0.057962105 0.002932210 0.009180611 0.998272300
1341846328.402010 0.120912515 0.727107584 0.435979873 0.069777958 0.012853243 0.009118009 0.997438133
1341846328.433920 0.076379888 0.732850313 0.430152714 0.078393258 0.017591460 0.010432914 0.996712685
1341846328.470003 0.035070449 0.717866361 0.439611375 0.079809986 0.023920417 0.003920516 0.996515334
1341846328.502194 0.090557292 0.721234977 0.437466025 0.086060517 0.016629690 -0.002803720 0.996147156
1341846328.534033 0.103913933 0.708694339 0.440938383 0.088624321 0.017121553 -0.006221726 0.995898545
1341846328.570125 0.099530876 0.666334271 0.410282731 0.085972145 0.019571794 -0.006852448 0.996081710
1341846328.602804 0.107609794 0.645665705 0.413414180 0.091402307 0.010958546 -0.002437695 0.995750785
1341846328.672663 0.086266667 0.604223073 0.395762086 0.099989362 0.002504610 -0.005640781 0.994969368
1341846328.702975 0.081979714 0.583426118 0.387680203 0.100674912 0.000217697 -0.005336784 0.994905055
1341846328.770129 0.077761382 0.573409736 0.392386228 0.113448888 -0.001801337 -0.008956935 0.993501842
1341846328.802331 0.089491025 0.567305624 0.395807713 0.115995295 -0.007258019 -0.008615132 0.993185878
1341846328.838051 0.085668139 0.567959845 0.394392490 0.122699298 -0.008099792 -0.012405419 0.992333353
1341846328.869939 0.086833663 0.572079360 0.395838827 0.124319412 -0.009394038 -0.013219221 0.992109716
1341846328.904486 0.091087081 0.551633120 0.393249840 0.118810982 -0.013327701 -0.013435959 0.992736518
1341846328.939814 0.096352451 0.555647731 0.398300409 0.126801297 -0.016511500 -0.014301753 0.991687596
1341846328.970217 0.091108844 0.545551121 0.388118535 0.129276857 -0.017857917 -0.009045210 0.991406500
1341846329.006232 0.088384159 0.538951695 0.382963389 0.130967706 -0.019488534 -0.005516783 0.991179764
1341846329.038243 0.081966147 0.529670358 0.372967273 0.135937020 -0.018781357 -0.006433478 0.990518570
1341846329.106125 0.091406301 0.507397890 0.365165234 0.135562718 -0.020476189 -0.008025266 0.990524650
1341846329.138340 0.091294676 0.508320749 0.361902118 0.139900029 -0.021084864 -0.009342857 0.989897072
1341846329.169991 0.097596683 0.497109681 0.357545614 0.140206799 -0.023135837 -0.010361677 0.989797711
1341846329.208656 0.093990058 0.504084647 0.356528729 0.143664375 -0.023030400 -0.011754750 0.989288688
1341846329.238169 0.099932812 0.499900341 0.354686320 0.142647117 -0.025038250 -0.011132733 0.989394248
1341846329.273827 0.103761554 0.482631773 0.351793051 0.139899254 -0.026697811 -0.010446673 0.989750683
1341846329.306052 0.094259523 0.489892304 0.351121426 0.142523542 -0.027368743 -0.012823948 0.989329934
1341846329.338104 0.109576717 0.486006498 0.349908590 0.138585016 -0.031062979 -0.014555544 0.989756346
1341846329.373907 0.112128340 0.461057931 0.342887163 0.133485526 -0.032196306 -0.015863182 0.990400672
1341846329.405985 0.103400670 0.446828276 0.335299700 0.133752421 -0.032073483 -0.019042397 0.990312576
1341846329.442057 0.106533952 0.447389215 0.333501101 0.133877099 -0.032526735 -0.022885043 0.990199625
1341846329.473950 0.102753639 0.433261544 0.328464150 0.132693559 -0.032933578 -0.029335966 0.990175366
1341846329.506147 0.092129305 0.446011424 0.324583977 0.136146411 -0.032819502 -0.031494010 0.989644051
1341846329.542121 0.093475141 0.417132109 0.316004515 0.130529761 -0.036504887 -0.032418273 0.990241647
1341846329.574086 0.093019865 0.408914745 0.316832602 0.134033561 -0.038329452 -0.033482071 0.989669025
1341846329.606387 0.095781840 0.406987756 0.308453411 0.136519149 -0.038993511 -0.034429714 0.989270806
1341846329.641955 0.090832010 0.393719763 0.300170898 0.134497568 -0.039677940 -0.034372263 0.989522398
1341846329.681570 0.086981788 0.387182683 0.301596552 0.134323448 -0.042280231 -0.034726456 0.989425957
1341846329.748113 0.102112584 0.381972700 0.300163507 0.136752203 -0.044399541 -0.037072424 0.988915145
1341846329.810175 0.101577558 0.316685468 0.291657120 0.126353890 -0.041866209 -0.032463234 0.990569592
1341846329.842255 0.091416106 0.291267425 0.286028057 0.124187432 -0.040525213 -0.029974682 0.990977705
1341846329.874044 0.084433831 0.279580742 0.288473636 0.124744043 -0.039897718 -0.026336476 0.991036594
1341846329.910073 0.076132029 0.281973124 0.291724473 0.125658303 -0.038934357 -0.023277683 0.991035998
1341846329.942009 0.064093679 0.282240123 0.289145768 0.121387899 -0.037594009 -0.019012805 0.991710782
1341846329.978087 0.070055842 0.280238152 0.287568361 0.123012647 -0.039211333 -0.019057794 0.991447091
1341846330.016305 0.079617523 0.289766878 0.284984261 0.125611946 -0.039165780 -0.020151265 0.991101265
1341846330.048192 0.076419473 0.292229950 0.278685898 0.121280029 -0.037870336 -0.019055672 0.991712689
1341846330.080418 0.085576825 0.277876645 0.280691445 0.117510527 -0.039459169 -0.016462762 0.992150843
1341846330.115886 0.087194115 0.269063354 0.276431084 0.121087462 -0.038265195 -0.015867587 0.991777122
1341846330.147839 0.077392943 0.299699515 0.276477873 0.127053618 -0.037268844 -0.014212722 0.991093576
1341846330.181257 0.088634193 0.294834286 0.270844370 0.119773515 -0.039813757 -0.010219850 0.991949975
1341846330.215852 0.087343425 0.287509322 0.271123081 0.114289127 -0.038341913 -0.011584131 0.992639780
1341846330.247833 0.100077450 0.291423351 0.273567408 0.114142895 -0.040442634 -0.012395482 0.992563486
1341846330.283913 0.097215980 0.294743329 0.270492256 0.109549232 -0.040386472 -0.011200231 0.993097425
1341846330.316011 0.093975060 0.282154977 0.269061655 0.102744691 -0.040983099 -0.013049371 0.993777514
1341846330.347868 0.084864758 0.284834117 0.269043893 0.102261774 -0.041431401 -0.012904393 0.993810594
1341846330.383835 0.096227951 0.275164276 0.270203769 0.099112622 -0.043250412 -0.012360623 0.994059086
1341846330.415934 0.085995801 0.251925588 0.268641561 0.096766494 -0.040702652 -0.015944550 0.994346678
1341846330.452561 0.070330918 0.266524792 0.265478820 0.102352530 -0.039060805 -0.016474226 0.993844450
1341846330.483903 0.090509683 0.264645249 0.258850396 0.100916326 -0.044750575 -0.012774544 0.993805945
1341846330.515970 0.088661626 0.248932213 0.261354834 0.097689070 -0.047188535 -0.009001984 0.994056880
1341846330.552099 0.097878985 0.243043765 0.257058024 0.098550022 -0.049797654 -0.007269292 0.993858755
1341846330.583876 0.097923204 0.269505531 0.257569700 0.101354554 -0.050521784 -0.007935324 0.993535042
1341846330.619992 0.106640324 0.279229254 0.249626264 0.097508214 -0.053208806 -0.008550073 0.993774652
1341846330.652136 0.114005990 0.281487077 0.252565652 0.092478320 -0.055676520 -0.009355959 0.994112909
1341846330.683796 0.089361347 0.280416965 0.247632653 0.088315085 -0.051492322 -0.011018001 0.994699836
1341846330.719991 0.100235373 0.270440549 0.236127675 0.085645229 -0.056375816 -0.009683453 0.994682372
1341846330.752103 0.092492260 0.244614959 0.229948729 0.082824796 -0.059837125 -0.005950629 0.994748294
1341846330.787952 0.094404809 0.248067737 0.221334130 0.083101489 -0.065465771 -0.002242601 0.994385958
1341846330.819823 0.113354318 0.250231445 0.225464150 0.083058640 -0.072540961 -0.002533974 0.993897736
1341846330.852208 0.086342961 0.254778445 0.222921908 0.082102880 -0.069856651 -0.001668649 0.994171262
1341846330.914111 0.087980784 0.274533451 0.218905076 0.074816294 -0.073421054 -0.002933887 0.994486451
1341846330.949903 0.085353278 0.251589030 0.218385041 0.069217615 -0.074844807 -0.003118908 0.994785190
1341846330.981986 0.068145253 0.253904581 0.206696019 0.069984764 -0.076806463 -0.004324243 0.994577408
1341846331.014111 0.079251409 0.271845162 0.211756796 0.071802840 -0.082418583 -0.003671684 0.994001091
1341846331.082139 0.069131017 0.264246315 0.204039156 0.072749235 -0.083636962 -0.006695452 0.993814647
1341846331.114334 0.071431972 0.254817724 0.198446527 0.069995224 -0.086242154 -0.008752849 0.993773818
1341846331.149989 0.062574290 0.262090027 0.195828125 0.072411351 -0.085567564 -0.009569187 0.993651450
1341846331.181954 0.069094799 0.259198040 0.198641583 0.075370513 -0.087465212 -0.010647765 0.993255138
1341846331.218151 0.066579819 0.260207623 0.188929603 0.072980091 -0.090633005 -0.008413942 0.993171096
1341846331.249914 0.082801655 0.243635461 0.197144464 0.069526128 -0.094166256 -0.011356262 0.993060887
1341846331.318141 0.046077453 0.258618534 0.178491011 0.083236806 -0.077744499 -0.014414872 0.993387997
1341846331.349926 0.045780487 0.273281515 0.169917643 0.084447816 -0.074377261 -0.015222029 0.993531525
1341846331.382003 -0.027457517 0.230175525 0.163456768 0.081683442 -0.053336654 -0.019458719 0.995039940
1341846331.418008 0.008270716 0.252887487 0.160744891 0.092075206 -0.050323311 -0.017091522 0.994332731
1341846331.450327 -0.024048010 0.246564239 0.160079360 0.091678664 -0.040772483 -0.014042942 0.994854510
1341846331.486219 0.007489982 0.230891451 0.152192891 0.088048585 -0.044929694 -0.018545412 0.994929612
1341846331.518344 0.050203811 0.221463144 0.153509289 0.085729368 -0.051109489 -0.020488238 0.994795740
1341846331.550202 0.011859844 0.233646855 0.159261897 0.091014571 -0.039148517 -0.020304170 0.994872630
1341846331.586139 -0.005557777 0.240799025 0.163789555 0.093230672 -0.035567205 -0.017373549 0.994857430
1341846331.617931 -0.034671254 0.246737316 0.173373237 0.093066268 -0.030447541 -0.016583191 0.995056152
1341846331.654027 -0.063344494 0.232164726 0.188098669 0.091840632 -0.021883264 -0.016097384 0.995403111
1341846331.686123 -0.078273095 0.252297133 0.199037582 0.097416677 -0.017086249 -0.013034410 0.995011687
1341846331.717954 -0.074988127 0.225843564 0.208967790 0.088401362 -0.018509913 -0.012558514 0.995833755
1341846331.754076 -0.095409691 0.227069646 0.220483005 0.088272758 -0.013526361 -0.014964331 0.995892107
1341846331.785920 -0.059442721 0.223854855 0.230840251 0.090704165 -0.016960312 -0.014730408 0.995624542
1341846331.818053 -0.048032783 0.202341720 0.244553253 0.086256519 -0.017303199 -0.012741488 0.996041238
1341846331.853849 -0.074182294 0.202694863 0.255992919 0.085977457 -0.012644451 -0.013391727 0.996126831
1341846331.885987 -0.075730033 0.201963440 0.255584627 0.089319423 -0.008989342 -0.016097249 0.995832384
1341846331.922014 -0.092681050 0.201688617 0.262030244 0.090467736 -0.003242107 -0.016483793 0.995757699
1341846331.954037 -0.105594836 0.196029365 0.270668298 0.089689650 0.002146819 -0.017207906 0.995818794
1341846331.986135 -0.125661001 0.213131949 0.275662631 0.096440613 0.011510245 -0.014319601 0.995169222
1341846332.022364 -0.139574930 0.222117037 0.288537025 0.105545849 0.018284800 -0.014531906 0.994140148
1341846332.054175 -0.155877009 0.221141115 0.285827696 0.110745363 0.021152535 -0.012939410 0.993539512
1341846332.086502 -0.135285124 0.228421301 0.320151925 0.115112484 0.016923416 -0.010750062 0.993150175
1341846332.122051 -0.088184215 0.215753004 0.345839709 0.114290498 0.009531918 -0.009956414 0.993351758
1341846332.153983 -0.096890628 0.222806484 0.352705002 0.111812912 0.010440104 -0.010860020 0.993615150
1341846332.190165 -0.104155108 0.230966568 0.374714315 0.107898921 0.009778758 -0.015057289 0.993999779
1341846332.254145 -0.145690233 0.250868767 0.394039363 0.114690162 0.017949048 -0.018129047 0.993073702
1341846332.289948 -0.142820165 0.251164168 0.403461993 0.116215870 0.016989652 -0.015594979 0.992956221
1341846332.322172 -0.115892947 0.227315441 0.425057024 0.113075957 0.011136298 -0.013691140 0.993429661
1341846332.354003 -0.074729137 0.235784501 0.442004025 0.118556976 0.006495370 -0.016210251 0.992793679
1341846332.390180 -0.095189430 0.238068610 0.432515860 0.118915923 0.015029037 -0.020575257 0.992577374
1341846332.422055 -0.092260323 0.222753391 0.446570486 0.113728307 0.016633671 -0.022351356 0.993121207
1341846332.458114 -0.097677775 0.215407386 0.456158459 0.112396225 0.020443851 -0.026688050 0.993094623
1341846332.489993 -0.111709811 0.229265869 0.470863640 0.115802281 0.023992775 -0.023335237 0.992708266
1341846332.522130 -0.134566367 0.239381269 0.482323915 0.116431132 0.023600904 -0.017675139 0.992761016
1341846332.558114 -0.157934055 0.240180627 0.487529278 0.117422931 0.022723330 -0.012502924 0.992743313
1341846332.589874 -0.150463358 0.254465133 0.480547518 0.118161067 0.019686790 -0.007318733 0.992772341
1341846332.621889 -0.154156700 0.257074088 0.482951373 0.113118015 0.020399217 -0.007314457 0.993345261
1341846332.658202 -0.170234531 0.253935397 0.497220725 0.109829925 0.024854051 -0.010812549 0.993580818
1341846332.690001 -0.148517534 0.250282049 0.507536709 0.107077196 0.021950806 -0.006893868 0.993984461
1341846332.726000 -0.160897493 0.250970304 0.520260572 0.107175589 0.022378076 -0.004282201 0.993979037
1341846332.758386 -0.160856932 0.251320839 0.517289221 0.107249163 0.020492706 -0.005641936 0.994004965
1341846332.789937 -0.158580720 0.245071545 0.511246145 0.103721268 0.021722967 -0.008508884 0.994332731
1341846332.825925 -0.178676054 0.242315069 0.519160211 0.101667911 0.028368659 -0.009962024 0.994363964
1341846332.857898 -0.203026235 0.245365009 0.527085006 0.103880905 0.035012215 -0.009745926 0.993925512
1341846332.894069 -0.215466782 0.244466394 0.523866653 0.101449914 0.036831126 -0.010738715 0.994100630
1341846332.926029 -0.234564796 0.238625377 0.526571095 0.095745221 0.041833442 -0.015166340 0.994410813
1341846332.958015 -0.262665540 0.231223762 0.531653583 0.090621181 0.049894605 -0.018073371 0.994470596
1341846332.994073 -0.291529715 0.226091519 0.532948256 0.086007051 0.057349347 -0.022421971 0.994389892
1341846333.026545 -0.324438661 0.213234514 0.541459322 0.080592476 0.065974757 -0.025902588 0.994223952
1341846333.057998 -0.358957469 0.209318951 0.542084455 0.079082519 0.075304575 -0.025386101 0.993695498
1341846333.094024 -0.389180034 0.202076301 0.544589639 0.077832520 0.082316473 -0.022104153 0.993316531
1341846333.126095 -0.429937154 0.206388995 0.546589315 0.079674333 0.091754936 -0.018417105 0.992418230
1341846333.161973 -0.462224007 0.204521328 0.545163035 0.076898068 0.100169472 -0.017002800 0.991848648
1341846333.195660 -0.496140450 0.194724604 0.550752103 0.072038352 0.109045409 -0.016903264 0.991278946
1341846333.226331 -0.548551679 0.194209412 0.559523225 0.070150934 0.120119251 -0.018471316 0.990105629
1341846333.262056 -0.591365755 0.188518003 0.570433795 0.064523220 0.129005969 -0.020092050 0.989338458
1341846333.294147 -0.631587863 0.187851205 0.588589072 0.061450057 0.137425229 -0.019576497 0.988410354
1341846333.326100 -0.657094657 0.188412398 0.591056645 0.059565354 0.141291544 -0.021309685 0.987944603
1341846333.362100 -0.682080865 0.186681628 0.588735104 0.054780878 0.146015123 -0.022464205 0.987509072
1341846333.394119 -0.655348718 0.182748511 0.598643363 0.051747333 0.140216067 -0.021918334 0.988524795
1341846333.429974 -0.670994818 0.177547544 0.598616600 0.049677867 0.141633242 -0.022535842 0.988415062
1341846333.462115 -0.688506484 0.172429532 0.596154094 0.048522018 0.145272881 -0.023651050 0.987918019
1341846333.494040 -0.710749924 0.172794119 0.601452351 0.049419764 0.150495216 -0.025700158 0.987040222
1341846333.529953 -0.740621626 0.176732555 0.610471666 0.051031720 0.157125846 -0.024603197 0.985952318
1341846333.562063 -0.762168348 0.176385239 0.620832324 0.051990226 0.162920877 -0.022242885 0.985017300
1341846333.594090 -0.789003551 0.181271449 0.628759563 0.051066477 0.166851401 -0.019950826 0.984456658
1341846333.629994 -0.818470657 0.189442351 0.638794303 0.049310278 0.170283929 -0.022084191 0.983912706
1341846333.662127 -0.842117846 0.190316066 0.638718545 0.046247724 0.173412696 -0.021733569 0.983522654
1341846333.697964 -0.863344550 0.187657341 0.648539960 0.045288790 0.177521214 -0.020883156 0.982852519
1341846333.730092 -0.890365303 0.188061967 0.655250490 0.047439877 0.181966782 -0.017433304 0.982004881
1341846333.762089 -0.912863851 0.183515593 0.662795126 0.047972653 0.186404034 -0.014734820 0.981190622
1341846333.798006 -0.936228514 0.181392834 0.668464005 0.049282700 0.190993771 -0.015278007 0.980234265
1341846333.830055 -0.958127320 0.182345450 0.662066817 0.051550861 0.195800409 -0.018032519 0.979121804
1341846333.866045 -0.972825944 0.180849105 0.652350962 0.051957034 0.199193388 -0.020162525 0.978374183
1341846333.897987 -0.990647435 0.182830304 0.655587077 0.054354183 0.202219233 -0.022430887 0.977573454
1341846333.930099 -0.987827420 0.182990178 0.649965525 0.057324052 0.201816767 -0.023354417 0.977465391
1341846333.965889 -0.981639624 0.178110600 0.638991773 0.058265008 0.200611562 -0.023381941 0.977657139
1341846333.997985 -0.978260100 0.171493948 0.631199658 0.059989922 0.200234100 -0.024055701 0.977613866
1341846334.030076 -0.995823741 0.174143866 0.633317530 0.063408531 0.203813821 -0.024195977 0.976654470
1341846334.066000 -1.012933731 0.177874818 0.633437634 0.066081442 0.205758229 -0.023128532 0.976095200
1341846334.097932 -1.031179309 0.187726885 0.630849957 0.069991402 0.208622232 -0.024339898 0.975184917
1341846334.133884 -1.041721940 0.196875468 0.632397413 0.073470548 0.210771218 -0.024719564 0.974457085
1341846334.166115 -1.032031298 0.192698523 0.623504817 0.072686240 0.206722200 -0.023192368 0.975420296
1341846334.198072 -1.014266133 0.177008331 0.601036072 0.069626600 0.200572580 -0.023126813 0.976927817
1341846334.234097 -1.006506443 0.175362036 0.589384615 0.069104426 0.199078813 -0.023893703 0.977251887
1341846334.266045 -1.029451728 0.177485585 0.593152642 0.070042662 0.203974307 -0.023604451 0.976182044
1341846334.297946 -1.032762527 0.173727006 0.583248198 0.070212670 0.201703683 -0.021054070 0.976699889
1341846334.334036 -1.035376310 0.177437529 0.576639295 0.071260482 0.199861214 -0.022424750 0.976972163
1341846334.365871 -1.048268080 0.177641034 0.577819765 0.070196532 0.201964661 -0.024792593 0.976559341
1341846334.401845 -1.059862137 0.178290173 0.580246806 0.069001839 0.204360411 -0.025568053 0.976126015
1341846334.433864 -1.066579342 0.173631683 0.577291310 0.068538867 0.203318372 -0.024216130 0.976410627
1341846334.466105 -1.059608459 0.172787428 0.556659937 0.068674400 0.199236840 -0.022752889 0.977277339
1341846334.502142 -1.066895008 0.176860571 0.555845141 0.067696564 0.198442534 -0.020580024 0.977555275
1341846334.540153 -1.063432217 0.175916642 0.541975975 0.067029767 0.195862934 -0.023525029 0.978054881
1341846334.602351 -1.079035759 0.182040170 0.530197084 0.060933124 0.192872435 -0.030365560 0.978859186
1341846334.670161 -1.090174913 0.185252458 0.519264936 0.056003183 0.191298887 -0.035141595 0.979302526
1341846334.702085 -1.096033692 0.185631365 0.511667371 0.055106599 0.189057007 -0.034618221 0.979807317
1341846334.734751 -1.101370096 0.185019940 0.502276957 0.055123042 0.186596170 -0.032871481 0.980338097
1341846334.770889 -1.105007172 0.179601043 0.490689397 0.054424975 0.184297040 -0.028717369 0.980942369
1341846334.802194 -1.104065776 0.182936415 0.478220284 0.054416761 0.180395335 -0.028466597 0.981675148
1341846334.833908 -1.105041385 0.189627871 0.470626742 0.054570273 0.178608090 -0.031459674 0.981902003
1341846334.869874 -1.101679564 0.186364055 0.462630391 0.051929489 0.176612794 -0.029507503 0.982466578
1341846334.902006 -1.097273111 0.180218339 0.456421405 0.049402785 0.172595099 -0.027510976 0.983368456
1341846334.938010 -1.119456053 0.189177871 0.452812821 0.050225381 0.172892615 -0.029858846 0.983205974
1341846334.970032 -1.120480180 0.177090168 0.438536882 0.047964472 0.171858817 -0.030451624 0.983481944
1341846335.002203 -1.123506784 0.175819814 0.427160710 0.049774449 0.171479225 -0.029801372 0.983478129
1341846335.037880 -1.121822834 0.177338004 0.407169878 0.052605245 0.166185558 -0.026185775 0.984342098
1341846335.069990 -1.120174050 0.182089955 0.404345483 0.053083409 0.162947804 -0.027264886 0.984828353
1341846335.106038 -1.115954518 0.181901440 0.392821729 0.053150181 0.163012385 -0.028646877 0.984774828
1341846335.138045 -1.127174139 0.178596228 0.376640230 0.053789668 0.164661378 -0.027150728 0.984508157
1341846335.169900 -1.137700319 0.179014951 0.363978505 0.053041615 0.162272930 -0.026358208 0.984966695
1341846335.206091 -1.134162068 0.180585474 0.364044160 0.052539531 0.159666955 -0.028656196 0.985355198
1341846335.239365 -1.137173295 0.185316592 0.356613159 0.053392295 0.160931885 -0.031771589 0.985008001
1341846335.269948 -1.147944808 0.179378629 0.353001505 0.053587534 0.163011521 -0.032509889 0.984631240
1341846335.305972 -1.157185555 0.178206712 0.346587986 0.055101328 0.161747381 -0.031816684 0.984778821
1341846335.338012 -1.156305313 0.176459193 0.351683289 0.056630928 0.159899980 -0.029289104 0.985072136
1341846335.374005 -1.170558095 0.179472327 0.344479293 0.062301010 0.163612366 -0.030037921 0.984097242
1341846335.406025 -1.174022198 0.178550988 0.338679999 0.069212593 0.165636778 -0.028731596 0.983335435
1341846335.438079 -1.177409053 0.182940230 0.325650722 0.074478529 0.165632993 -0.026370766 0.983017445
1341846335.473998 -1.170990467 0.184646279 0.315222383 0.076476008 0.165617287 -0.026330488 0.982867777
1341846335.507038 -1.173863411 0.188277081 0.306910992 0.077181362 0.168145344 -0.028405339 0.982325494
1341846335.538040 -1.181117773 0.194342136 0.299316972 0.076704912 0.170612186 -0.030114582 0.981886446
1341846335.574119 -1.188880682 0.197509527 0.292495996 0.074426331 0.170685604 -0.029163705 0.982077777
1341846335.605970 -1.198966622 0.193861827 0.284577399 0.072740771 0.171124622 -0.029979931 0.982103050
1341846335.641978 -1.208702207 0.195340291 0.275323898 0.073407121 0.173594028 -0.032590896 0.981536806
1341846335.673993 -1.211801291 0.200927034 0.267711878 0.073723800 0.173693895 -0.032776710 0.981489182
1341846335.706178 -1.217726231 0.199612126 0.261291653 0.073015414 0.172519103 -0.031982679 0.981775463
1341846335.741982 -1.215884566 0.201265410 0.249408007 0.073548272 0.171632901 -0.032752857 0.981865585
1341846335.773960 -1.225544930 0.202472255 0.243369043 0.073202677 0.172944859 -0.033070747 0.981650591
1341846335.806271 -1.227855325 0.211279392 0.231374219 0.071951874 0.171864793 -0.033164520 0.981929541
1341846335.842031 -1.242052197 0.196861580 0.232608587 0.068190448 0.174843714 -0.033431578 0.981662989
1341846335.873966 -1.236492872 0.203931451 0.212139577 0.070336327 0.174454033 -0.033646256 0.981573522
1341846335.910005 -1.252803683 0.204050228 0.207779616 0.069757961 0.175425798 -0.032251373 0.981488466
1341846335.941936 -1.253678083 0.208964467 0.198293284 0.069307491 0.173018798 -0.031134777 0.981983542
1341846335.974198 -1.256829381 0.211516827 0.191815495 0.068980128 0.172250420 -0.033520930 0.982063115
1341846336.010032 -1.261662126 0.212872863 0.188089252 0.068524174 0.172244072 -0.034209490 0.982072353
1341846336.042129 -1.268052816 0.212271973 0.175352082 0.067271896 0.170741543 -0.032948229 0.982464373
1341846336.078076 -1.272987843 0.212150216 0.172809929 0.067341231 0.169079557 -0.034080643 0.982708454
1341846336.110739 -1.276502848 0.216999650 0.169107258 0.068113893 0.169353083 -0.036126543 0.982534945
1341846336.142002 -1.286294460 0.211933643 0.155667871 0.067279316 0.169394091 -0.034453977 0.982645452
1341846336.183953 -1.292103291 0.216359049 0.143704817 0.066904217 0.166567817 -0.033662669 0.983181477
1341846336.241891 -1.295266032 0.223093688 0.138541132 0.065879434 0.166150823 -0.033884510 0.983313620
1341846336.277946 -1.303730369 0.216810226 0.132482246 0.066049561 0.166562334 -0.031620625 0.983307958
1341846336.309977 -1.281276941 0.220924154 0.084837958 0.069284998 0.159157813 -0.026303861 0.984467626
1341846336.346143 -1.224740624 0.229402348 0.056008399 0.072012983 0.147800565 -0.025546603 0.986061096
1341846336.377975 -1.164155483 0.231551349 0.032335091 0.073248841 0.136970967 -0.024460152 0.987560272
1341846336.410032 -1.118593693 0.231486022 0.003852716 0.073831394 0.128896222 -0.022432407 0.988651335
1341846336.446041 -1.065196037 0.232156411 -0.017486570 0.073164031 0.118208103 -0.020074708 0.990086317
1341846336.477990 -1.021977186 0.235396817 -0.035754107 0.072701603 0.111725740 -0.018924089 0.990895391
1341846336.510056 -0.981122792 0.243455663 -0.065320775 0.074920557 0.104902029 -0.018963166 0.991475105
1341846336.546024 -0.948026001 0.246220604 -0.090721302 0.076235645 0.100881979 -0.016538251 0.991835415
1341846336.578003 -0.890998662 0.249221116 -0.113281362 0.075939074 0.090134293 -0.013630113 0.992936730
1341846336.614020 -0.846310139 0.252350211 -0.126829550 0.075962111 0.084373765 -0.013280551 0.993445754
1341846336.645982 -0.821625412 0.238337889 -0.140703827 0.071504042 0.080860794 -0.012609292 0.994077325
1341846336.678036 -0.770292878 0.236292094 -0.158844069 0.069954693 0.071036272 -0.013577099 0.994925082
1341846336.714024 -0.712835729 0.239707604 -0.167685330 0.073676631 0.059739750 -0.015336841 0.995373189
1341846336.746016 -0.666799247 0.228453174 -0.184921399 0.075206429 0.049865428 -0.011726999 0.995851338
1341846336.778014 -0.605321825 0.231731072 -0.192769706 0.078242503 0.034603089 -0.009500734 0.996288359
1341846336.820006 -0.545530677 0.253642470 -0.221813411 0.083156057 0.023175303 -0.006342364 0.996246874
1341846336.882056 -0.444521666 0.247106045 -0.211759537 0.084769480 0.004692000 -0.006642897 0.996367455
1341846336.914273 -0.376697659 0.243185416 -0.210026801 0.086194485 -0.012219712 -0.004311459 0.996194065
1341846336.945998 -0.328188062 0.256437123 -0.221854627 0.095113456 -0.022968883 0.001004603 0.995200932
1341846336.981980 -0.252054155 0.256006628 -0.232994974 0.094660603 -0.041791890 0.005310141 0.994617820
1341846337.014238 -0.191195190 0.266896993 -0.215210751 0.093756564 -0.053793840 0.004118112 0.994132280
1341846337.046017 -0.138858467 0.274062157 -0.194760069 0.093710892 -0.063375227 0.006188517 0.993561089
1341846337.082104 -0.095642105 0.272691667 -0.191949382 0.092661411 -0.071745254 0.012438793 0.993031621
1341846337.114317 -0.061528202 0.277740330 -0.176459268 0.092708811 -0.079213992 0.017070267 0.992390454
1341846337.150037 -0.023495886 0.280116439 -0.153853327 0.091724478 -0.086598039 0.017950838 0.991849422
1341846337.181873 -0.002347076 0.277834058 -0.148722500 0.091300845 -0.089276776 0.018114544 0.991648018
1341846337.214073 0.024283344 0.278578550 -0.141887829 0.088395350 -0.092738688 0.020609807 0.991544783
1341846337.250087 0.061704852 0.268409640 -0.107690923 0.084710017 -0.101691954 0.023822099 0.990916491
1341846337.282028 0.093496144 0.270824492 -0.107386298 0.085579082 -0.110790767 0.026582811 0.989795446
1341846337.317920 0.115257688 0.266379386 -0.095125206 0.084012039 -0.114758000 0.028216140 0.989432395
1341846337.350018 0.140643954 0.267754108 -0.098442845 0.082400993 -0.118828133 0.031410597 0.988991082
1341846337.382159 0.153956249 0.269346267 -0.098796748 0.080528252 -0.119291373 0.026243715 0.989240170
1341846337.417941 0.164324015 0.264475316 -0.099801742 0.080840997 -0.119824752 0.026572196 0.989141405
1341846337.450137 0.182522967 0.259647250 -0.104631275 0.079520755 -0.125190049 0.028225696 0.988537908
1341846337.482096 0.188188687 0.261679649 -0.101756550 0.078740299 -0.126195624 0.028170394 0.988474131
1341846337.518008 0.191000745 0.265605778 -0.096660413 0.081255987 -0.127197713 0.027724048 0.988154650
1341846337.549978 0.183542445 0.267480135 -0.106321886 0.080549754 -0.125910670 0.027506115 0.988383353
1341846337.585971 0.189851657 0.265511692 -0.097222291 0.077842221 -0.127637014 0.026537655 0.988405406
1341846337.617903 0.191644132 0.264639020 -0.087576315 0.080617726 -0.128380597 0.024945175 0.988128006
1341846337.650141 0.203522831 0.263133496 -0.092201136 0.081050731 -0.130850628 0.025776375 0.987747192
1341846337.686352 0.218762264 0.266247302 -0.089738801 0.079029575 -0.133824512 0.026820345 0.987484694
1341846337.718002 0.222817540 0.271079600 -0.077872708 0.078792669 -0.133978575 0.026645515 0.987487495
1341846337.749920 0.237252593 0.273876786 -0.073236391 0.078322850 -0.134263068 0.027163524 0.987472117
1341846337.786157 0.252435505 0.278683603 -0.059616316 0.075187065 -0.134466305 0.029603219 0.987618029
1341846337.817945 0.270037264 0.274800360 -0.039652556 0.072354473 -0.136062384 0.030625613 0.987579882
1341846337.854071 0.283770055 0.272911310 -0.027599171 0.070405573 -0.135015294 0.031316239 0.987842739
1341846337.885951 0.301362932 0.286095470 -0.015279161 0.069425985 -0.136588216 0.028638192 0.987777114
1341846337.918223 0.319164902 0.291429639 0.000798190 0.066641785 -0.138480276 0.027665205 0.987733126
1341846337.954120 0.313659370 0.283228487 0.010032076 0.063184053 -0.136283681 0.028533027 0.988241076
1341846337.985994 0.318791658 0.294385284 0.019963207 0.061745442 -0.136382803 0.028800482 0.988310575
1341846338.018107 0.339151025 0.289255798 0.051123604 0.057622395 -0.138576314 0.030296713 0.988209665
1341846338.054055 0.336926877 0.284203172 0.042652812 0.053719919 -0.136769831 0.029419966 0.988707602
1341846338.085986 0.362712860 0.293872416 0.070460252 0.052433807 -0.138587102 0.029867005 0.988510191
1341846338.121875 0.347600549 0.260894984 0.081830896 0.044226818 -0.133333147 0.033979468 0.989500761
1341846338.154089 0.389632493 0.260364056 0.115363248 0.041975576 -0.141871274 0.039336052 0.988212168
1341846338.186029 0.400489390 0.261988282 0.129582390 0.040778726 -0.144198239 0.041701615 0.987828434
1341846338.222071 0.383366734 0.257876843 0.129044101 0.038065780 -0.139286608 0.039148849 0.988745451
1341846338.254107 0.402206600 0.262851655 0.151900053 0.037721910 -0.141937360 0.040767699 0.988316178
1341846338.290130 0.399209112 0.260721326 0.161944523 0.037786491 -0.141391382 0.042405546 0.988323033
1341846338.321952 0.406382173 0.260972112 0.171320960 0.036948457 -0.141979754 0.044539988 0.988176584
1341846338.354022 0.404255062 0.262226999 0.180887833 0.037174076 -0.141217336 0.044111878 0.988296449
1341846338.389969 0.389314443 0.258579075 0.179853216 0.035162110 -0.137576625 0.045242947 0.988832355
1341846338.422377 0.395513743 0.255833954 0.198860973 0.033228636 -0.139261335 0.043524858 0.988740504
1341846338.454010 0.390147358 0.248870805 0.203102276 0.030561993 -0.138651207 0.043126654 0.988929689
1341846338.489894 0.382648408 0.255280375 0.212561667 0.030870112 -0.137873143 0.042644378 0.989049792
1341846338.522066 0.378519893 0.253616542 0.219108477 0.031727642 -0.136750236 0.041995432 0.989206314
1341846338.558058 0.377692312 0.253676772 0.222726613 0.030511320 -0.137054786 0.041842397 0.989208937
1341846338.589842 0.372090161 0.255340338 0.227370784 0.029388435 -0.136222571 0.041303668 0.989380479
1341846338.622019 0.360324681 0.251089722 0.234996513 0.029761678 -0.132936820 0.042478107 0.989766479
1341846338.657984 0.356493145 0.238482356 0.236511856 0.026469763 -0.132701159 0.044949468 0.989782453
1341846338.690198 0.355870962 0.243339509 0.234586120 0.025655564 -0.132571280 0.043205205 0.989898980
1341846338.722454 0.347593099 0.242744625 0.243335545 0.026012667 -0.129691467 0.042989198 0.990280509
1341846338.757945 0.352270693 0.237577096 0.252230406 0.023649849 -0.131560892 0.044709563 0.990016937
1341846338.790039 0.349692672 0.237376407 0.264043182 0.021767529 -0.133593261 0.044001538 0.989819646
1341846338.826048 0.341531873 0.237161875 0.267409056 0.022768212 -0.130414277 0.041445617 0.990331292
1341846338.858027 0.341598094 0.239130199 0.271602213 0.022607628 -0.129046649 0.042598795 0.990465224
1341846338.889902 0.337942541 0.239101529 0.280199170 0.020123208 -0.129662469 0.041232437 0.990496159
1341846338.925948 0.333434403 0.235551998 0.288633704 0.019465353 -0.127669021 0.038326569 0.990884900
1341846338.958108 0.328173041 0.233497560 0.300067544 0.019432642 -0.124938466 0.037170816 0.991277516
1341846338.990057 0.324663222 0.235301316 0.313346654 0.020528872 -0.124447331 0.038708512 0.991258323
1341846339.025928 0.324632317 0.235420942 0.323282242 0.022667443 -0.123229265 0.039298501 0.991340697
1341846339.057939 0.322975665 0.229498014 0.333744556 0.023411179 -0.120420821 0.039959490 0.991642058
1341846339.093927 0.324657053 0.234612033 0.338619471 0.022211766 -0.122133128 0.041427150 0.991400003
1341846339.126562 0.318250030 0.238467157 0.345996231 0.019604955 -0.121153161 0.038776774 0.991682410
1341846339.157969 0.318645746 0.239350170 0.360273451 0.017850101 -0.118510425 0.036822677 0.992109239
1341846339.194113 0.322842151 0.242202893 0.370619565 0.015835613 -0.119124413 0.039209604 0.991978467
1341846339.228165 0.323878378 0.241901875 0.383229822 0.011517119 -0.121539533 0.041089784 0.991668880
1341846339.257998 0.330064058 0.249699965 0.407803148 0.010984505 -0.121693820 0.039164554 0.991733909
1341846339.294132 0.330257475 0.239447817 0.408560663 0.008303769 -0.119266607 0.042047948 0.991936743
1341846339.326577 0.338873684 0.226215988 0.417655349 -0.000387786 -0.123519063 0.044889923 0.991326332
1341846339.362269 0.333349586 0.227654919 0.425920665 -0.002881854 -0.123795010 0.042145748 0.991408288
1341846339.394725 0.333790421 0.262873679 0.438437879 0.003717452 -0.121957734 0.040330611 0.991708636
1341846339.462186 0.337403864 0.263071388 0.457754850 0.000344209 -0.123476915 0.039075524 0.991577744
1341846339.496743 0.332037985 0.250321984 0.462823033 0.000962162 -0.116533250 0.039884999 0.992385149
1341846339.562052 0.346379548 0.261745661 0.488366723 0.004624938 -0.118116930 0.041259952 0.992131352
1341846339.595122 0.352879852 0.264436811 0.501996398 0.007012702 -0.117946155 0.040160876 0.992182791
1341846339.632085 0.351748854 0.270802379 0.517032146 0.009171419 -0.114122584 0.038374793 0.992682874
1341846339.664568 0.345773339 0.267741859 0.517829835 0.009376073 -0.109808929 0.036346141 0.993243754
1341846339.698896 0.348546296 0.255758703 0.524330735 0.006973867 -0.109255143 0.036337029 0.993324876
1341846339.731977 0.346278548 0.259381831 0.535933137 0.008431655 -0.108398885 0.033835452 0.993495703
1341846339.762241 0.346336693 0.254421264 0.544042289 0.008063019 -0.106669955 0.034083083 0.993677437
1341846339.797873 0.349606395 0.250252604 0.556460977 0.007292434 -0.107078858 0.035519455 0.993589163
1341846339.830245 0.349080265 0.252471060 0.566401660 0.007691473 -0.107343413 0.035672382 0.993552089
1341846339.862015 0.347628295 0.250733197 0.570050359 0.006906024 -0.106583141 0.034871913 0.993668139
1341846339.897797 0.346815765 0.252174526 0.579331040 0.006419288 -0.105124243 0.033859931 0.993861794
1341846339.929916 0.345632017 0.250833541 0.587971985 0.006245143 -0.104151256 0.035346940 0.993913531
1341846339.961960 0.347960711 0.247598514 0.598359704 0.007016443 -0.105235063 0.036565449 0.993750155
1341846339.997845 0.352040052 0.247883201 0.606291533 0.008107633 -0.104376130 0.035921197 0.993855953
1341846340.029925 0.350268483 0.248156071 0.615844131 0.009227001 -0.101735532 0.037211169 0.994072556
1341846340.066044 0.349646330 0.241615444 0.619797170 0.009863003 -0.100116611 0.038287375 0.994189918
1341846340.098009 0.348318398 0.242253751 0.621897817 0.010650024 -0.099356741 0.039529193 0.994209349
1341846340.130102 0.348138928 0.247991428 0.630513430 0.011486091 -0.099378154 0.038474128 0.994239330
1341846340.166041 0.355853230 0.259531826 0.653608084 0.015554869 -0.098402917 0.035462365 0.994393051
1341846340.197867 0.347441286 0.253959447 0.652751446 0.015226710 -0.094183639 0.034863185 0.994827688
1341846340.229904 0.349412709 0.248830184 0.653631449 0.012492966 -0.094964482 0.036425844 0.994735599
1341846340.265859 0.353817910 0.252354383 0.664929509 0.013455620 -0.094073057 0.035361417 0.994846106
1341846340.298061 0.353130549 0.259763628 0.673332572 0.016974490 -0.091555364 0.036075138 0.995001614
1341846340.334063 0.347849309 0.252912581 0.673349380 0.013765393 -0.091833256 0.038720679 0.994926095
1341846340.366064 0.353490829 0.250004470 0.685737073 0.012339930 -0.094553404 0.036836565 0.994761527
1341846340.397995 0.354965866 0.250564784 0.688468814 0.014458806 -0.093711406 0.037159923 0.994800627
1341846340.433895 0.361550599 0.243458241 0.695837080 0.013324645 -0.095398918 0.039309423 0.994573414
1341846340.465959 0.358045220 0.244265869 0.697296381 0.014046837 -0.097233355 0.040683899 0.994330525
1341846340.501858 0.362265259 0.248233661 0.709058464 0.015619562 -0.100687094 0.039804216 0.993998885
1341846340.534329 0.363709450 0.247407615 0.706126034 0.015779819 -0.101670735 0.039810788 0.993895948
1341846340.566041 0.369321376 0.245283395 0.704206049 0.016923631 -0.103357434 0.040693805 0.993667364
1341846340.601909 0.371157467 0.248316512 0.702631474 0.019953001 -0.103495456 0.041223146 0.993574977
1341846340.634005 0.374603927 0.248327032 0.696006596 0.020385982 -0.103925817 0.039330356 0.993597984
1341846340.666028 0.375152647 0.249642402 0.697055757 0.020937705 -0.103206970 0.037966285 0.993714511
1341846340.701946 0.378267765 0.252051383 0.695304871 0.023781018 -0.101880826 0.035738416 0.993869960
1341846340.733954 0.385722846 0.254579067 0.700473726 0.025168611 -0.101313077 0.033837486 0.993960381
1341846340.770081 0.384712756 0.250632018 0.695153773 0.023610951 -0.100509338 0.031755537 0.994148910
1341846340.801980 0.385804623 0.251162499 0.690580308 0.024347164 -0.098995976 0.026514532 0.994436622
1341846340.833999 0.389969826 0.259654552 0.689643919 0.026161963 -0.097096883 0.022355288 0.994679868
1341846340.870013 0.389303178 0.255299389 0.691045582 0.024095602 -0.097292721 0.021737844 0.994726598
1341846340.901955 0.393521309 0.252670437 0.689084649 0.024695044 -0.098074093 0.022148985 0.994626105
1341846340.933918 0.396450073 0.250388384 0.688697696 0.025644960 -0.099205434 0.025241015 0.994416237
1341846340.970122 0.396166325 0.249627352 0.682429790 0.025972927 -0.102153607 0.030627185 0.993957758
1341846341.001922 0.394805372 0.249754593 0.677655160 0.027285011 -0.105742134 0.035720270 0.993377209
1341846341.037923 0.397678137 0.252388030 0.676367700 0.028798167 -0.108479939 0.036975618 0.992993295
1341846341.070300 0.401304483 0.251301318 0.675623775 0.028910730 -0.109928735 0.037386574 0.992815316
1341846341.102028 0.398639739 0.252075553 0.670607507 0.029063571 -0.110860042 0.038032256 0.992682755
1341846341.137982 0.401698440 0.253419757 0.672562599 0.029626027 -0.112937734 0.037411306 0.992455423
1341846341.170048 0.403757483 0.252610296 0.675821841 0.029968290 -0.113592505 0.038596246 0.992325068
1341846341.202110 0.402122468 0.253230482 0.672777593 0.031640131 -0.113424666 0.040088546 0.992233217
1341846341.237996 0.406707048 0.251690596 0.673888087 0.033004802 -0.114010386 0.041103445 0.992080092
1341846341.269883 0.402986258 0.249999225 0.668241322 0.033494402 -0.112896465 0.041406315 0.992178440
1341846341.306107 0.409706861 0.245146558 0.669587851 0.033239644 -0.114786685 0.040553972 0.992005348
1341846341.338109 0.409079403 0.241815284 0.668990076 0.033529576 -0.113892160 0.038792696 0.992169082
1341846341.370120 0.412328482 0.243894324 0.671056092 0.034698866 -0.113342464 0.036602225 0.992275059
1341846341.406074 0.403452218 0.242040232 0.660642564 0.034491025 -0.111422911 0.035999663 0.992521703
1341846341.438113 0.405087292 0.241398290 0.663366258 0.036365189 -0.113666214 0.036383886 0.992186427
1341846341.470024 0.407458961 0.249196872 0.663999975 0.040768739 -0.113890164 0.033960421 0.992075384
1341846341.506077 0.400270849 0.249164090 0.659324288 0.039886650 -0.111823864 0.033226803 0.992371202
1341846341.538156 0.394030750 0.238737568 0.657284379 0.037447747 -0.112840533 0.033302013 0.992348552
1341846341.574016 0.394119918 0.246023521 0.653963804 0.040030558 -0.114617281 0.033847548 0.992025614
1341846341.612466 0.393211365 0.250469714 0.651715279 0.041258030 -0.115064025 0.033570826 0.991932988
1341846341.643972 0.399122298 0.248616710 0.653294325 0.039816871 -0.117870688 0.032073032 0.991711915
1341846341.679982 0.399359554 0.248250544 0.649743855 0.039464436 -0.119482912 0.033965390 0.991470039
1341846341.712332 0.397591531 0.243743047 0.644834816 0.038994092 -0.121257648 0.036741909 0.991174102
1341846341.744185 0.395413548 0.247674450 0.645037234 0.040277205 -0.122849479 0.038103916 0.990875304
1341846341.780061 0.394083411 0.250372648 0.643688381 0.040950984 -0.123099744 0.039817728 0.990749240
1341846341.842595 0.399339885 0.240801260 0.636757493 0.041337423 -0.124215022 0.045548670 0.990347028
1341846341.906227 0.407240242 0.236047685 0.630550563 0.043481793 -0.125886321 0.050586600 0.989799440
1341846341.942069 0.408189625 0.241205558 0.630009413 0.047852509 -0.126131058 0.053007755 0.989439905
1341846341.974775 0.419341892 0.237892121 0.633344412 0.050116457 -0.128498614 0.055165254 0.988905072
1341846342.010161 0.423409998 0.227096483 0.630092800 0.047891580 -0.130503625 0.058751278 0.988546193
1341846342.042024 0.436179847 0.225620642 0.632657886 0.049785122 -0.132879868 0.059067439 0.988117158
1341846342.080032 0.444303781 0.225383997 0.632056534 0.051327176 -0.131829187 0.059871688 0.988130569
1341846342.112265 0.448320031 0.215457931 0.631885946 0.049645323 -0.132227018 0.061768483 0.988046587
1341846342.147954 0.458049804 0.211499721 0.635296047 0.051414140 -0.135090634 0.064673707 0.987382710
1341846342.179852 0.458036333 0.217449412 0.629505575 0.055332929 -0.133728683 0.065097205 0.987328351
1341846342.211848 0.459845275 0.219040439 0.630225062 0.055992056 -0.133445069 0.064820334 0.987347782
1341846342.247920 0.465586811 0.216049105 0.629132867 0.057040438 -0.133868009 0.063735515 0.987301171
1341846342.279870 0.469665319 0.215130791 0.628994167 0.057905730 -0.133953348 0.064857535 0.987166166
1341846342.316068 0.469977468 0.212373957 0.623111367 0.058609542 -0.133425623 0.066107489 0.987113118
1341846342.347894 0.470472276 0.212663144 0.623172283 0.058827452 -0.133355126 0.065801010 0.987130165
1341846342.379953 0.472687572 0.211444870 0.624849558 0.058653139 -0.133096620 0.066713095 0.987114251
1341846342.416195 0.470978469 0.210711062 0.624355853 0.059002738 -0.132704690 0.067832686 0.987069845
