1341846313.592026 0.000000000 0.000000000 0.000000000 -0.000000000 -0.000000000 -0.000000000 1.000000000
1341846313.654184 0.008498483 -0.001728521 -0.004543468 -0.001284533 -0.003273712 0.005797134 0.999976993
1341846313.686156 0.017107423 0.002160261 -0.002491728 0.000458743 -0.005915456 0.005541166 0.999967039
1341846313.721918 0.017734183 0.004062595 -0.004889951 0.000576117 -0.005984884 0.005952550 0.999964237
1341846313.753994 0.023772962 0.005562541 0.000185053 0.000410280 -0.006795667 0.007152243 0.999951243
1341846313.789969 0.023554564 0.009003141 0.000760115 0.002127175 -0.006362874 0.005419456 0.999962807
1341846313.822075 0.010914999 0.011920727 -0.004742860 0.002324115 -0.001698735 0.003509644 0.999989748
1341846313.853928 0.004047640 0.014543698 -0.002468012 0.002286981 0.002803216 0.002517096 0.999990344
1341846313.890011 -0.008525252 0.012325265 -0.004046610 0.001433016 0.007704683 0.002627599 0.999965847
1341846313.922055 -0.028340017 0.014665950 -0.006947189 -0.000356161 0.012806325 0.002990976 0.999913514
1341846313.957927 -0.047928482 0.025135886 -0.009600456 -0.000081255 0.021251978 0.001413432 0.999773145
1341846313.990058 -0.065979160 0.021294748 -0.006705060 -0.001964506 0.030979143 0.003015439 0.999513626
1341846314.022042 -0.100424722 0.012311788 -0.012625178 -0.006813419 0.039859727 0.006611118 0.999160171
1341846314.057816 -0.118393838 0.021953803 -0.004233246 -0.007863947 0.047173381 0.006978333 0.998831391
1341846314.089801 -0.137970969 0.027541678 0.000600652 -0.005458913 0.056645613 0.006202440 0.998360217
1341846314.122037 -0.158684105 0.021047875 -0.002098705 -0.008560183 0.064591058 0.008596459 0.997838140
1341846314.157989 -0.169698223 0.026987556 0.005565240 -0.008955360 0.071041770 0.010669274 0.997376084
1341846314.190094 -0.185084715 0.031233329 0.003579420 -0.007960701 0.078362644 0.011018801 0.996832311
1341846314.225969 -0.211427853 0.031673886 -0.004251412 -0.010808825 0.085401602 0.015254988 0.996171236
1341846314.257923 -0.210788026 0.039043490 0.002641138 -0.010815565 0.088112973 0.015089270 0.995937467
1341846314.290052 -0.216908857 0.041999910 0.003614691 -0.009166879 0.091171846 0.013520324 0.995701253
1341846314.325981 -0.233689100 0.049814276 0.002790672 -0.009128801 0.096235327 0.010273013 0.995263755
1341846314.357905 -0.231150225 0.054685980 0.011411866 -0.008684559 0.099930644 0.009168632 0.994914234
1341846314.389899 -0.238980874 0.058902491 0.013014442 -0.006455538 0.104654841 0.008597715 0.994450510
1341846314.427905 -0.248998523 0.065831795 0.007631333 -0.005873348 0.108998209 0.006031557 0.994006336
1341846314.493987 -0.263580561 0.066220336 0.015431339 -0.004782517 0.123083033 -0.001599542 0.992383599
1341846314.526085 -0.278831661 0.072866529 0.005326815 -0.003817219 0.128194332 -0.003995790 0.991733730
1341846314.558292 -0.287038833 0.080780938 0.003216099 -0.003335219 0.133525357 -0.004447659 0.991029799
1341846314.594085 -0.301430136 0.081860662 -0.002112709 -0.001152972 0.141440392 -0.004713542 0.989934921
1341846314.626096 -0.303142130 0.077573776 -0.003900707 -0.002203564 0.146346465 -0.002868937 0.989226818
1341846314.658455 -0.316400200 0.083687931 -0.013593808 -0.002951779 0.150656059 -0.003701746 0.988574922
1341846314.694004 -0.300680012 0.091328993 0.004274220 -0.001056569 0.154356986 -0.007529384 0.987985909
1341846314.725910 -0.301708102 0.091435380 -0.002125177 0.004234068 0.156820357 -0.002814548 0.987614095
1341846314.761942 -0.304002792 0.093226314 -0.000591031 0.008211029 0.158534005 0.001501852 0.987318277
1341846314.794030 -0.313424051 0.105747208 -0.004150750 0.013576735 0.163815498 0.000823866 0.986397266
1341846314.826092 -0.326580793 0.106410049 -0.012796281 0.015676163 0.170935750 0.001682192 0.985156059
1341846314.862145 -0.360011995 0.107277349 -0.005195615 0.015447962 0.181163460 0.002173644 0.983329237
1341846314.894072 -0.365290761 0.108018391 -0.008760023 0.015756005 0.186559185 0.004555990 0.982306838
1341846314.925969 -0.370017797 0.109958582 -0.011847393 0.016387867 0.190195680 0.007856043 0.981577992
1341846314.961937 -0.385977954 0.111988805 -0.018519450 0.013660686 0.193461195 0.012997659 0.980926752
1341846314.994564 -0.387741774 0.116762049 -0.010549382 0.011233981 0.196135595 0.012021324 0.980438709
1341846315.029900 -0.402308166 0.124083914 -0.009265237 0.012462463 0.203815266 0.009180555 0.978886962
1341846315.061965 -0.410395324 0.120238036 -0.008600613 0.011401195 0.207548440 0.013687283 0.978062570
1341846315.094388 -0.422677606 0.128600433 -0.001110135 0.013564537 0.209406540 0.013132315 0.977646410
1341846315.129851 -0.445049405 0.147857904 -0.002413597 0.018692924 0.214457139 0.010670478 0.976496220
1341846315.161941 -0.459769011 0.154970869 -0.008343114 0.015564873 0.216748372 0.012120486 0.976028204
1341846315.197984 -0.449611634 0.145312220 -0.014261628 0.007307776 0.212895840 0.010895191 0.976986825
1341846315.230076 -0.460126013 0.150234014 -0.011235964 0.004820203 0.215241045 0.008517070 0.976511896
1341846315.262069 -0.457955509 0.126067132 -0.012204217 -0.001979108 0.212765887 0.014255311 0.976997256
1341846315.298000 -0.458326489 0.139525771 0.001190675 -0.000429132 0.210399941 0.014504932 0.977507710
1341846315.329931 -0.463825345 0.159563079 0.005734022 0.007635235 0.210990340 0.014510072 0.977350652
1341846315.361981 -0.483950496 0.163758844 0.002508219 0.013378502 0.213954329 0.016719908 0.976608932
1341846315.397962 -0.501741409 0.194051847 0.006246263 0.022003174 0.217649236 0.017317997 0.975625336
1341846315.429923 -0.517710567 0.210950956 0.007907009 0.027728900 0.222704574 0.017209241 0.974339664
1341846315.466047 -0.510894418 0.191265091 0.013465336 0.025062310 0.226827100 0.021305112 0.973379433
1341846315.497883 -0.531605601 0.198551357 0.012006273 0.026319835 0.232995555 0.024347302 0.971816659
1341846315.530008 -0.549645543 0.202277258 0.017383240 0.027257936 0.237900198 0.025377136 0.970575392
1341846315.566108 -0.555279553 0.201299801 0.019917283 0.026202912 0.240612790 0.026401721 0.969908178
1341846315.597986 -0.546853840 0.205337822 0.022096179 0.026707582 0.240841463 0.024926705 0.969876707
1341846315.630109 -0.566648662 0.212146908 0.030491663 0.027982851 0.245927528 0.023230838 0.968605697
1341846315.666042 -0.566713750 0.212727055 0.023868775 0.026796961 0.247381970 0.022977116 0.968274891
1341846315.698114 -0.579928339 0.207092017 0.024214372 0.019160643 0.253192008 0.021571727 0.966985703
1341846315.733985 -0.589490771 0.205982044 0.033245996 0.018195054 0.257106662 0.023815682 0.965918183
1341846315.766041 -0.598075032 0.195424527 0.040087357 0.016607469 0.256253600 0.025718613 0.966124713
1341846315.798188 -0.550944567 0.181828037 0.031576771 0.012640639 0.247681394 0.026307682 0.968401849
1341846315.834140 -0.529589474 0.189701244 0.022081524 0.015929025 0.245822653 0.023698818 0.968894124
1341846315.866751 -0.544668913 0.192229062 0.031795152 0.018638331 0.249808729 0.022179145 0.967861712
1341846315.898492 -0.536227584 0.193883225 0.025972750 0.020205617 0.248186290 0.022584094 0.968238235
1341846315.936901 -0.524659455 0.188461468 0.026929677 0.022150235 0.247765094 0.021892168 0.968319476
1341846315.966572 -0.508906662 0.188068122 0.023102254 0.025577508 0.245472416 0.020708125 0.968844831
1341846316.034204 -0.519839823 0.190689117 0.020011466 0.029761547 0.245381832 0.019098695 0.968781352
1341846316.066113 -0.527555227 0.194606483 0.027046325 0.033006668 0.246004418 0.018847644 0.968523264
1341846316.101867 -0.524430454 0.192729741 0.029772388 0.033190418 0.242999360 0.020010306 0.969251931
1341846316.134066 -0.525598466 0.186973706 0.028591821 0.030745482 0.239144579 0.018483249 0.970321059
1341846316.202049 -0.535797536 0.175971955 0.038194280 0.029202100 0.234689459 0.014298998 0.971526504
1341846316.233979 -0.548082948 0.167992368 0.039629549 0.027739868 0.235118508 0.011707967 0.971500278
1341846316.270052 -0.402017534 0.139862627 0.008286815 0.020906011 0.210598052 0.008804061 0.977309525
1341846316.301915 -0.410664439 0.134757549 0.032256961 0.020765143 0.213220388 0.007370566 0.976755679
1341846316.334208 -0.434010863 0.127957255 0.035410549 0.021556767 0.214918047 0.008864888 0.976353943
1341846316.370006 -0.441408396 0.113843255 0.030548131 0.021252677 0.213567853 0.007769530 0.976666152
1341846316.401994 -0.451412320 0.115272440 0.015901851 0.023617871 0.213340670 0.015045750 0.976576507
1341846316.438069 -0.435388207 0.120267093 0.018505922 0.027520742 0.209304735 0.017961809 0.977298141
1341846316.470076 -0.418363124 0.116270386 0.029746324 0.031795353 0.205745146 0.020685682 0.977870286
1341846316.502034 -0.380259931 0.118547767 0.002222252 0.032673758 0.193852082 0.021616720 0.980248213
1341846316.537975 -0.352570802 0.110042743 0.009022631 0.028289294 0.186215296 0.019733179 0.981903434
1341846316.570121 -0.333346099 0.109614171 0.007421699 0.028130418 0.181176618 0.017173700 0.982898176
1341846316.601885 -0.300127417 0.101793639 0.007771994 0.028380446 0.174078673 0.014893773 0.984210014
1341846316.638009 -0.280514330 0.108311266 0.008844356 0.032334335 0.168277651 0.015852019 0.985081613
1341846316.669925 -0.247371942 0.101226181 0.009191869 0.033223089 0.160898596 0.014940579 0.986298501
1341846316.705941 -0.225780278 0.102458999 0.009752522 0.038134933 0.156166822 0.015993321 0.986864686
1341846316.738062 -0.238812163 0.107429370 -0.001837648 0.041059345 0.156451881 0.017685579 0.986673295
1341846316.770433 -0.210234150 0.103009373 -0.005455516 0.038502522 0.149073020 0.017263805 0.987925529
1341846316.805932 -0.195901453 0.097381696 -0.003019377 0.038759418 0.145541936 0.015957668 0.988463759
1341846316.838029 -0.191617846 0.096450560 -0.002488794 0.040181886 0.142360762 0.018845651 0.988819361
1341846316.870034 -0.173193067 0.094474241 0.002566867 0.040322635 0.134609386 0.019322716 0.989889443
1341846316.906344 -0.169777483 0.091374218 -0.001107359 0.040688220 0.129572630 0.018608579 0.990560055
1341846316.937940 -0.130931333 0.090395123 -0.004655433 0.039596360 0.120840907 0.015010507 0.991768241
1341846316.973994 -0.124147467 0.081067204 -0.004235710 0.036812536 0.116221257 0.014896098 0.992429137
1341846317.005913 -0.116216123 0.078067675 -0.004174833 0.035401646 0.110993497 0.017229462 0.993040919
1341846317.037936 -0.126681596 0.087184742 -0.007936770 0.038092639 0.109744936 0.018231185 0.993062258
1341846317.073972 -0.127478525 0.079844952 -0.006365370 0.038168751 0.107041724 0.019563220 0.993329048
1341846317.106113 -0.121293709 0.079419240 -0.006519597 0.041032277 0.103422217 0.026229376 0.993444622
1341846317.137887 -0.114463165 0.077495679 -0.009045419 0.043996267 0.094863877 0.029179676 0.994089425
1341846317.173970 -0.110550717 0.074158393 -0.015359796 0.043967985 0.085979447 0.031053806 0.994841754
1341846317.205887 -0.123920724 0.080367312 -0.014748796 0.045544863 0.083893359 0.033375222 0.994873703
1341846317.248131 -0.155217558 0.082239494 -0.006783434 0.047406327 0.085499749 0.033150967 0.994657457
1341846317.306289 -0.164012879 0.078175537 -0.010235022 0.048364926 0.078576773 0.039170954 0.994963408
1341846317.348137 -0.175104395 0.076565094 -0.014249275 0.049530521 0.080578789 0.039043255 0.994750977
1341846317.410120 -0.200294256 0.077205136 -0.018875131 0.051230527 0.081733376 0.044874214 0.994324625
1341846317.442569 -0.212520853 0.067851715 -0.015123625 0.052537244 0.083652385 0.046461333 0.994023919
1341846317.474010 -0.219114214 0.069320977 -0.014760936 0.058951929 0.083800800 0.049143333 0.993522584
1341846317.509927 -0.223258182 0.069983542 -0.020182531 0.061346583 0.080860794 0.052508105 0.993449092
1341846317.542282 -0.237161338 0.079060502 -0.017646495 0.062179390 0.079299204 0.054591998 0.993410885
1341846317.573943 -0.243387818 0.066366948 -0.014400026 0.059825845 0.080999672 0.051348504 0.993591189
1341846317.610159 -0.248677805 0.072003938 -0.012226528 0.064074829 0.082483679 0.053632986 0.993083239
1341846317.643553 -0.252550602 0.079860933 -0.014994379 0.067740262 0.080848411 0.058418747 0.992704391
1341846317.677993 -0.257152230 0.078344531 -0.011986370 0.068293586 0.077227853 0.060216978 0.992847323
1341846317.709996 -0.268105000 0.076356657 -0.005808000 0.070937745 0.075496204 0.060470510 0.992779672
1341846317.741834 -0.258542776 0.081374153 -0.006765223 0.071090512 0.071789794 0.060665425 0.993031800
1341846317.777923 -0.256522566 0.090797149 -0.008930752 0.071096770 0.069090649 0.062154416 0.993130684
1341846317.810021 -0.233900964 0.086715817 -0.015289347 0.069755197 0.061693937 0.060229383 0.993831277
1341846317.841886 -0.229494795 0.090104930 -0.017293381 0.068801709 0.059372626 0.058539446 0.994140029
1341846317.878017 -0.199118197 0.086719848 -0.023002410 0.064977795 0.052563488 0.053941619 0.995040417
1341846317.909910 -0.194708914 0.091386825 -0.012643581 0.065702133 0.052252080 0.051422521 0.995142579
1341846317.946031 -0.166569680 0.093795054 -0.007924163 0.067216285 0.046794694 0.054728955 0.995136678
1341846317.978041 -0.126981080 0.081735961 -0.005484555 0.066850193 0.037152473 0.051452894 0.995742619
1341846318.009897 -0.113448709 0.080112219 -0.004825280 0.068625756 0.034386445 0.049531996 0.995818675
1341846318.045949 -0.133526757 0.065854423 -0.015110260 0.065793455 0.038084511 0.051311638 0.995785117
1341846318.078074 -0.081077665 0.061807651 -0.008851792 0.064062364 0.025639527 0.048318259 0.996445715
1341846318.109894 -0.024966653 0.055493377 -0.004670156 0.062262084 0.009907910 0.043968666 0.997041643
1341846318.145957 -0.020436399 0.051710285 -0.000141655 0.060879651 0.006636373 0.040569205 0.997298241
1341846318.178001 -0.017636668 0.052556518 0.000340054 0.060320850 0.005454177 0.038322136 0.997428238
1341846318.214074 0.007476320 0.051145840 0.008442001 0.061011106 -0.002652564 0.037177000 0.997440994
1341846318.245970 0.025246466 0.054217394 0.010293245 0.064623103 -0.012658563 0.038578037 0.997083426
1341846318.278018 0.039734732 0.055404454 0.009250628 0.068122506 -0.021089315 0.038298033 0.996718585
1341846318.313937 0.059621312 0.060408212 0.005737255 0.070977099 -0.032651801 0.037953518 0.996220708
1341846318.345989 0.070396423 0.066339910 0.006302096 0.073625892 -0.044480551 0.037818342 0.995575488
1341846318.382046 0.078284279 0.058627065 0.010591569 0.074171051 -0.053934801 0.036552519 0.995114923
1341846318.414072 0.076836318 0.057378240 0.008097479 0.075244538 -0.061183248 0.038119070 0.994556129
1341846318.446035 0.092143059 0.059641760 0.008186442 0.078272827 -0.071442246 0.037764117 0.993651509
1341846318.482196 0.095628746 0.057175331 0.007010472 0.078680716 -0.074689411 0.037687469 0.993383408
1341846318.514144 0.094245635 0.059792846 -0.001749708 0.079297975 -0.077032208 0.040618245 0.993039787
1341846318.546259 0.092811011 0.054161899 0.002636202 0.080210283 -0.078825384 0.040070459 0.992848098
1341846318.582042 0.110622823 0.048802450 0.000604746 0.079938978 -0.083111316 0.041509356 0.992461205
1341846318.614115 0.112557657 0.046961091 -0.010754770 0.079218127 -0.085260823 0.040907305 0.992361724
1341846318.650038 0.113388106 0.054678984 -0.016518008 0.080408134 -0.087305263 0.040618986 0.992100060
1341846318.682350 0.111769207 0.055955745 -0.022467751 0.080485709 -0.088926606 0.040531445 0.991953373
1341846318.714063 0.123856403 0.053639170 -0.030355003 0.079731181 -0.093290821 0.039802171 0.991642892
1341846318.749905 0.118410908 0.063325487 -0.032222435 0.082837448 -0.093589678 0.042664293 0.991240978
1341846318.782036 0.132431924 0.071872756 -0.042321380 0.085933648 -0.098915361 0.045849521 0.990317643
1341846318.814121 0.125136733 0.075034998 -0.049233612 0.086724788 -0.104683928 0.044891629 0.989699364
1341846318.850072 0.088931605 0.076936916 -0.047668237 0.087618828 -0.106178313 0.039426662 0.989694238
1341846318.883516 0.067837872 0.076459058 -0.053257070 0.090900563 -0.111672841 0.035029735 0.988958657
1341846318.918047 0.060676213 0.073175095 -0.053889204 0.092526697 -0.123951897 0.034006372 0.987379551
1341846318.950044 0.067810558 0.067454293 -0.058819439 0.093350641 -0.135972381 0.027085219 0.985932887
1341846318.982028 0.066917583 0.069398552 -0.064999342 0.094994642 -0.140364960 0.025909042 0.985191584
1341846319.018123 0.060904492 0.075961038 -0.060934115 0.096674614 -0.146864623 0.029663157 0.983974040
1341846319.050745 0.059130099 0.067817912 -0.049659126 0.097348146 -0.153870374 0.028131014 0.982881427
1341846319.081905 0.032282948 0.069146112 -0.051343355 0.103358053 -0.148903280 0.026681529 0.983073294
1341846319.117976 0.005136819 0.073958211 -0.063484363 0.105733305 -0.145553619 0.034046378 0.983094811
1341846319.150093 -0.022594839 0.069963545 -0.062316768 0.106833741 -0.147983104 0.040244926 0.982378721
1341846319.186069 -0.052502021 0.063945696 -0.060364254 0.105834201 -0.144069090 0.036568459 0.983212113
1341846319.218149 -0.084358670 0.073527291 -0.073043033 0.104476221 -0.136431038 0.036261838 0.984457433
1341846319.250034 -0.121289410 0.067120016 -0.067802176 0.098522700 -0.126579106 0.036743451 0.986367583
1341846319.286594 -0.157237604 0.061709419 -0.070498124 0.096250258 -0.119025134 0.041880574 0.987327218
1341846319.318034 -0.201920837 0.058496431 -0.070772856 0.096984163 -0.112164699 0.044691853 0.987935126
1341846319.350268 -0.236490995 0.055240102 -0.075165659 0.097155489 -0.107713513 0.051770817 0.988067985
1341846319.386163 -0.280321926 0.049119987 -0.080654562 0.098510921 -0.105802253 0.059958417 0.987677336
1341846319.418386 -0.325076640 0.047357749 -0.104887262 0.099185467 -0.104429744 0.061440855 0.987664759
1341846319.453961 -0.340324551 0.044311345 -0.121935524 0.099176347 -0.104413152 0.057848074 0.987884402
1341846319.486271 -0.362440407 0.045695640 -0.129411727 0.098061547 -0.102814361 0.059668988 0.988055050
1341846319.554083 -0.356690198 0.038864374 -0.117623471 0.091995344 -0.111829937 0.060198218 0.987627029
1341846319.586296 -0.382338017 0.032345131 -0.124824293 0.091584168 -0.108144164 0.057558369 0.988232911
1341846319.622031 -0.399479181 0.027930809 -0.138021454 0.089037329 -0.109949000 0.057431024 0.988273859
1341846319.653962 -0.414479733 0.028490080 -0.121373750 0.089437313 -0.113375664 0.055610988 0.987954676
1341846319.686352 -0.416139811 0.030002341 -0.116767786 0.091555402 -0.118085258 0.057611857 0.987093866
1341846319.721992 -0.424528450 0.036233589 -0.124895796 0.092902973 -0.121260181 0.059694968 0.986459076
1341846319.754063 -0.425827205 0.038321685 -0.149599001 0.089002758 -0.123839490 0.062180091 0.986344755
1341846319.786397 -0.432282478 0.041300055 -0.140029490 0.085162841 -0.123507343 0.064265259 0.986591697
1341846319.822008 -0.449744672 0.052447110 -0.137138098 0.083803169 -0.122485749 0.068440892 0.986554682
1341846319.853917 -0.444601029 0.060336001 -0.130059659 0.080069646 -0.125375047 0.072841913 0.986186624
1341846319.889942 -0.472819865 0.035078753 -0.121050172 0.074304163 -0.121628150 0.078643344 0.986661434
1341846319.922039 -0.494841963 0.018195014 -0.124100454 0.072290786 -0.122714527 0.081009179 0.986485064
1341846319.953946 -0.479158342 0.024403308 -0.112151451 0.074195191 -0.130951717 0.076866150 0.985615730
1341846319.990054 -0.474527687 0.020984799 -0.111915186 0.076477900 -0.134907350 0.069552034 0.985451043
1341846320.028122 -0.496252596 0.021808747 -0.111208126 0.079099573 -0.135214657 0.068205498 0.985296071
1341846320.090047 -0.454132795 0.039504033 -0.111339875 0.085901573 -0.148688689 0.067707419 0.982816517
1341846320.122011 -0.434850931 0.030960411 -0.131741792 0.083996117 -0.148515373 0.067241147 0.983039439
1341846320.157952 -0.422807008 0.035435516 -0.127987117 0.084790766 -0.146822989 0.067761265 0.983189702
1341846320.190003 -0.392917573 0.022280447 -0.121818393 0.085450731 -0.146818355 0.063695677 0.983405054
1341846320.221941 -0.388416231 0.026864212 -0.115136690 0.090524256 -0.143754333 0.065028481 0.983316541
1341846320.258015 -0.379268974 0.026153531 -0.101690024 0.094756022 -0.143841788 0.066599362 0.982799768
1341846320.289887 -0.313701779 0.013159873 -0.101879068 0.097377695 -0.153173596 0.068173289 0.981023908
1341846320.321954 -0.250216514 0.000140285 -0.088975646 0.103424273 -0.163060665 0.068774432 0.978766918
1341846320.357890 -0.235989317 0.024300745 -0.103042193 0.111959398 -0.162121966 0.064676352 0.978263080
1341846320.390064 -0.170353398 0.035380382 -0.097592600 0.114062034 -0.165709615 0.060841661 0.977664828
1341846320.426544 -0.088111877 0.048958037 -0.065546207 0.118956961 -0.169753611 0.056862902 0.976626635
1341846320.458122 -0.018942401 0.044103153 -0.062636755 0.118439689 -0.171538934 0.055122461 0.976477325
1341846320.490186 0.049356561 0.049602609 -0.051935546 0.122297980 -0.172397494 0.051313579 0.976058006
1341846320.525911 0.103846997 0.059261434 -0.038374029 0.127433047 -0.170698673 0.047991470 0.975868642
1341846320.558091 0.153308973 0.059677210 -0.028895302 0.128438845 -0.172806397 0.043502428 0.975576222
1341846320.594093 0.189714566 0.059043292 -0.015062435 0.130291969 -0.171420842 0.035714637 0.975891054
1341846320.631955 0.244085178 0.067781761 0.008004923 0.134090245 -0.171706796 0.035737135 0.975325286
1341846320.664916 0.270845741 0.067526631 0.012158451 0.133867040 -0.172487617 0.035219815 0.975237012
1341846320.699927 0.282894552 0.081152931 0.036208488 0.137757480 -0.170188203 0.030222725 0.975266874
1341846320.731822 0.313453943 0.091199026 0.049498409 0.141475886 -0.167368397 0.028254824 0.975281537
1341846320.763877 0.343252778 0.114038102 0.051484507 0.142033130 -0.169528633 0.030438785 0.974761605
1341846320.799999 0.375809461 0.091616087 0.075037703 0.133271813 -0.175405428 0.022730028 0.975169182
1341846320.831871 0.392152756 0.102016628 0.065876797 0.136670277 -0.164283887 0.012956127 0.976813316
1341846320.863887 0.405064702 0.112660505 0.038282044 0.135117024 -0.154491350 0.017887587 0.978547871
1341846320.900014 0.438554883 0.107836783 0.069046974 0.129089117 -0.163674548 0.018768216 0.977851927
1341846320.931889 0.479598135 0.087184340 0.090645976 0.127591386 -0.167920843 0.012524507 0.977428377
1341846320.967866 0.538557649 0.093112618 0.079870850 0.126532570 -0.170983762 0.013193503 0.977026105
1341846321.000017 0.577493906 0.093825296 0.099685319 0.121151477 -0.176593751 0.012067351 0.976724803
1341846321.031860 0.606464267 0.092612259 0.136520416 0.120809957 -0.179561839 0.007092509 0.976274669
1341846321.068047 0.648352325 0.095330417 0.144147739 0.121606052 -0.182322040 0.004881018 0.975677609
1341846321.099840 0.691161990 0.095091715 0.143676907 0.119056262 -0.187031016 0.006232266 0.975092947
1341846321.131821 0.733850062 0.082595170 0.163024142 0.118370734 -0.190395594 0.003612585 0.974538267
1341846321.167887 0.781710863 0.097680300 0.184498683 0.123128816 -0.194104314 0.007779990 0.973191857
1341846321.200042 0.832378626 0.104658693 0.207726061 0.124562740 -0.199575260 0.007568892 0.971903622
1341846321.231950 0.880823493 0.102767192 0.231453255 0.124793261 -0.206148580 0.005513030 0.970514834
1341846321.267939 0.929918230 0.096681535 0.239007428 0.124845892 -0.210149527 -0.001406514 0.969664276
1341846321.299948 0.913714886 0.096760519 0.242206857 0.125488564 -0.202148512 -0.008389052 0.971245706
1341846321.331858 0.926885962 0.116795003 0.272119999 0.130633727 -0.201870039 -0.011299837 0.970595539
1341846321.367913 0.960907340 0.106692672 0.298958778 0.132711619 -0.204117596 -0.017704276 0.969747484
1341846321.399897 0.959178567 0.111874163 0.286997110 0.135516167 -0.197448879 -0.019497145 0.970705509
1341846321.435994 0.970971763 0.108927764 0.304512531 0.137402132 -0.196441963 -0.019587172 0.970642924
1341846321.467946 0.992427945 0.107991278 0.313588619 0.139573365 -0.196264803 -0.019147785 0.970377684
1341846321.499882 1.029408932 0.109074093 0.329756081 0.141746059 -0.198532641 -0.019184206 0.969600320
1341846321.536109 1.081184864 0.099700049 0.331453085 0.140675500 -0.199071795 -0.025229814 0.969507217
1341846321.568960 1.038767815 0.138160005 0.343897820 0.144064963 -0.186507106 -0.025863871 0.971489310
1341846321.603938 1.051849723 0.119128697 0.352238178 0.139120489 -0.185763031 -0.027775101 0.972299397
1341846321.637163 1.052463293 0.115959108 0.351925880 0.136771426 -0.179128140 -0.029583823 0.973823130
1341846321.668306 1.011838078 0.149556503 0.370392114 0.138076738 -0.165919214 -0.026714612 0.976059437
1341846321.704411 0.999351561 0.147449613 0.376647532 0.133608431 -0.164930627 -0.019618286 0.977016807
1341846321.736861 1.018143415 0.146930858 0.387083650 0.131219953 -0.169579282 -0.012306758 0.976664126
1341846321.771881 1.032468796 0.168632686 0.392528117 0.130279809 -0.170203567 -0.008080040 0.976725519
1341846321.804114 1.048690081 0.176128611 0.401872903 0.127980247 -0.169826046 -0.006455461 0.977107227
1341846321.836152 1.047213078 0.179718956 0.396774292 0.125005603 -0.166468605 -0.008261106 0.978056073
1341846321.871882 1.039685130 0.201275185 0.401219457 0.123493388 -0.163587913 -0.012564484 0.978688180
1341846321.904074 1.051671147 0.184394240 0.405032694 0.115690842 -0.163277000 -0.016471364 0.979635119
1341846321.939847 1.054535508 0.189127892 0.414249927 0.114016332 -0.160447463 -0.019769827 0.980237782
1341846322.004094 1.045726418 0.184957415 0.415091485 0.107055768 -0.161454156 -0.021055132 0.980830431
1341846322.066178 1.070526123 0.168024719 0.422982603 0.101175807 -0.158719704 -0.024779363 0.981813371
1341846322.107979 1.074272871 0.135097533 0.425305098 0.095387407 -0.158104688 -0.026559794 0.982445300
1341846322.166164 1.071626782 0.113266744 0.422527432 0.097132780 -0.158567697 -0.024485718 0.982253551
1341846322.202932 1.085560441 0.098114967 0.425734878 0.096628778 -0.162882447 -0.024977962 0.981584609
1341846322.234093 1.082354903 0.103723913 0.423759520 0.096488155 -0.163750410 -0.025403041 0.981443107
1341846322.265941 1.076474428 0.083838224 0.420899063 0.091603369 -0.165880680 -0.025015244 0.981563389
1341846322.301996 1.089295983 0.056800488 0.424013317 0.087059185 -0.169101909 -0.024776274 0.981433392
1341846322.333949 1.089207888 0.037952334 0.415576398 0.084621742 -0.171546966 -0.025596609 0.981201112
1341846322.369871 1.091475010 0.021448728 0.421235383 0.086264335 -0.176594958 -0.030720240 0.980014801
1341846322.402292 1.122032881 -0.003763225 0.438634485 0.087212853 -0.179864213 -0.035418458 0.979177415
1341846322.433955 1.081852913 -0.048166439 0.419014513 0.086843967 -0.173126161 -0.037770148 0.980336130
1341846322.470030 1.089536786 -0.054267578 0.424889803 0.094382487 -0.179253519 -0.033279076 0.978699446
1341846322.502433 1.106175065 -0.098169222 0.430707544 0.094659865 -0.184980005 -0.029202564 0.977736771
1341846322.534002 1.137209058 -0.125056952 0.439822674 0.100448370 -0.190428719 -0.026890695 0.976178229
1341846322.570196 1.139428973 -0.150296316 0.444715530 0.105784096 -0.191817716 -0.022582740 0.975451589
1341846322.601920 1.148177266 -0.170750827 0.458087415 0.108120777 -0.198061913 -0.016402958 0.974070013
1341846322.638119 1.178092957 -0.205900982 0.461114883 0.109561995 -0.204858407 -0.015354948 0.972519159
1341846322.669947 1.188412666 -0.207499504 0.463924825 0.115055285 -0.202555478 -0.014948526 0.972373426
1341846322.702026 1.201974392 -0.247172639 0.469197154 0.111958258 -0.204320580 -0.011887298 0.972407937
1341846322.738006 1.190733194 -0.220269576 0.465687394 0.117414378 -0.204777241 -0.010340677 0.971685767
1341846322.770087 1.205142140 -0.271116555 0.474325508 0.112234101 -0.206330940 -0.009908929 0.971973717
1341846322.806047 1.119572520 -0.302745193 0.446208745 0.112128772 -0.193350241 -0.010358963 0.974646330
1341846322.838063 1.111599565 -0.304132938 0.444002569 0.113668747 -0.196361706 -0.007757503 0.973889768
1341846322.870081 1.147663236 -0.330551654 0.463141173 0.113459289 -0.207930222 -0.005740396 0.971524119
1341846322.906018 1.159347415 -0.346663415 0.471776038 0.115460813 -0.210806549 -0.005707962 0.970668256
1341846322.938349 1.148972511 -0.323520541 0.469810992 0.118707895 -0.208515123 -0.005675664 0.970771670
1341846322.970069 1.149999499 -0.323787987 0.473103344 0.114526659 -0.208864942 -0.005404023 0.971200228
1341846323.011820 1.169201374 -0.335314155 0.483055323 0.111622699 -0.211386696 -0.002315672 0.971004963
1341846323.073951 1.166621685 -0.320122480 0.485289812 0.111138158 -0.211384341 0.001176250 0.971063137
1341846323.105962 1.160592079 -0.319443911 0.486205459 0.111674696 -0.210725203 -0.001135747 0.971144915
1341846323.138158 1.172696114 -0.319812596 0.488026202 0.113013148 -0.212345511 -0.002814590 0.970633566
1341846323.174092 1.166234255 -0.319917440 0.488861173 0.111383632 -0.212644055 -0.005932962 0.970742524
1341846323.206059 1.172883391 -0.312732071 0.491981417 0.111336648 -0.213171199 -0.007160324 0.970623970
1341846323.238053 1.197040915 -0.320792079 0.509209037 0.107719637 -0.213704363 -0.006967156 0.970916271
1341846323.273997 1.158702135 -0.342896163 0.490954310 0.099688068 -0.209042445 -0.008559151 0.972774565
1341846323.305946 1.157259464 -0.355899662 0.490251571 0.094233222 -0.211951673 -0.009878493 0.972676218
1341846323.342027 1.216046214 -0.352898568 0.505643904 0.095857859 -0.217434630 -0.010198775 0.971302986
1341846323.374048 1.178451657 -0.347197950 0.496436924 0.098021187 -0.209983289 -0.008351567 0.972743094
1341846323.405987 1.176672935 -0.378020376 0.493291348 0.092624508 -0.215181440 -0.003007810 0.972166955
1341846323.441956 1.172083497 -0.415861547 0.495166749 0.088748597 -0.217396662 -0.003816767 0.972032845
1341846323.473878 1.162089586 -0.439948738 0.496338278 0.090705521 -0.214155272 -0.004153183 0.972570181
1341846323.506129 1.158164501 -0.460228980 0.489794344 0.089665003 -0.214257896 -0.007667584 0.972622752
1341846323.541972 1.175297618 -0.441997916 0.506927013 0.091704182 -0.216956705 -0.008579726 0.971826375
1341846323.573913 1.210889220 -0.439207077 0.495354205 0.095610708 -0.215263367 -0.012674426 0.971781731
1341846323.609927 1.191423178 -0.436825097 0.498820305 0.096982554 -0.207655683 -0.014343772 0.973276854
1341846323.642014 1.179597616 -0.445785344 0.492190689 0.096344456 -0.205691621 -0.015495752 0.973739505
1341846323.674081 1.172723055 -0.455611706 0.498141199 0.094622068 -0.206824839 -0.011047350 0.973728955
1341846323.710069 1.152068853 -0.510534227 0.483043104 0.089190543 -0.204563409 -0.010487470 0.974725068
1341846323.742111 1.161243796 -0.529169858 0.499465972 0.091448650 -0.209201932 -0.008071784 0.973553598
1341846323.774928 1.180020452 -0.562040627 0.496899217 0.089561984 -0.213961512 -0.010545033 0.972670496
1341846323.810012 1.184426427 -0.540596843 0.504643500 0.096130274 -0.216281950 -0.014556232 0.971477866
1341846323.842207 1.186422110 -0.524267554 0.498960197 0.101655439 -0.215664640 -0.015874425 0.971031904
1341846323.878019 1.165930152 -0.552312613 0.486295730 0.099678837 -0.213361382 -0.019420773 0.971680999
1341846323.909826 1.186078787 -0.559529543 0.497253656 0.103599891 -0.218279943 -0.021993017 0.970122337
1341846323.942459 1.164984107 -0.565615892 0.479250491 0.106275447 -0.214591250 -0.021475611 0.970667303
1341846323.978055 1.152791977 -0.577857077 0.492069781 0.106967621 -0.217881054 -0.020762580 0.969873548
1341846324.015934 1.165593266 -0.567389548 0.486958593 0.113531113 -0.220462993 -0.021740751 0.968521595
1341846324.047722 1.183563113 -0.543529630 0.488488793 0.119844466 -0.220849663 -0.018599883 0.967738032
1341846324.083904 1.177849650 -0.533715308 0.493004382 0.119640656 -0.218852445 -0.019438194 0.968200386
1341846324.115968 1.172320843 -0.542143703 0.487319916 0.116751231 -0.216116726 -0.023968184 0.969065666
1341846324.151967 1.187661052 -0.530299544 0.486817837 0.118290767 -0.214824796 -0.026563546 0.969098568
1341846324.183941 1.168788195 -0.524329484 0.488358855 0.116079509 -0.208648115 -0.033054970 0.970514774
1341846324.219984 1.155472875 -0.508368671 0.501419604 0.113343999 -0.206305414 -0.032360185 0.971361995
1341846324.251968 1.162552238 -0.512815058 0.491528392 0.112588435 -0.206624076 -0.033037286 0.971359313
1341846324.284052 1.144960880 -0.496602774 0.494397879 0.114337720 -0.206003204 -0.035155799 0.971212447
1341846324.319880 1.135812044 -0.497116506 0.479118824 0.111454569 -0.207387567 -0.038634498 0.971120834
1341846324.351917 1.141200542 -0.493039727 0.485489815 0.106483951 -0.211613253 -0.041869104 0.970632792
1341846324.388001 1.149781942 -0.484651536 0.480880558 0.103306122 -0.211314797 -0.047884591 0.970763087
1341846324.419908 1.164931297 -0.471337706 0.495141774 0.099219546 -0.212029755 -0.048027471 0.971026361
1341846324.452027 1.169175386 -0.475748658 0.494026244 0.094257519 -0.212268278 -0.048004925 0.971469641
1341846324.487928 1.168030262 -0.449789286 0.494015455 0.095251679 -0.212412968 -0.044609290 0.971502900
1341846324.519985 1.158511519 -0.426700830 0.483058006 0.093940400 -0.213049397 -0.038544107 0.971750736
1341846324.556001 1.154498219 -0.394822180 0.494727373 0.094525322 -0.217828155 -0.035442483 0.970752180
1341846324.587888 1.155804038 -0.387129724 0.494418591 0.090298280 -0.220614851 -0.034311555 0.970565856
1341846324.620086 1.148426056 -0.365601182 0.490679979 0.091628179 -0.221516758 -0.038739804 0.970068991
1341846324.655955 1.159748435 -0.358798355 0.489038110 0.089968570 -0.223446786 -0.039774168 0.969739735
1341846324.688082 1.157420635 -0.349166662 0.493562609 0.090040199 -0.223404616 -0.038581803 0.969790995
1341846324.755922 1.123274207 -0.311807394 0.497617483 0.090181127 -0.223009020 -0.033871755 0.970044911
1341846324.814016 1.145983100 -0.270802081 0.490044802 0.088337086 -0.229071975 -0.041444995 0.968506575
1341846324.849979 1.140794992 -0.246102989 0.481545508 0.086057954 -0.224782765 -0.043641917 0.969619572
1341846324.881924 1.149597168 -0.223476544 0.491646200 0.086158417 -0.228742287 -0.042562671 0.968732238
1341846324.913902 1.141676426 -0.237944379 0.491321832 0.080342531 -0.228474677 -0.040780958 0.969371617
1341846324.949999 1.145499468 -0.244617045 0.495743543 0.079255268 -0.229791164 -0.038500369 0.969243169
1341846324.981922 1.120924234 -0.237028882 0.480117321 0.083073296 -0.229037002 -0.034795675 0.969242096
1341846325.018013 1.127150536 -0.207558453 0.482403725 0.090012439 -0.234884486 -0.030598911 0.967362821
1341846325.050079 1.140434146 -0.183377624 0.484073550 0.093280517 -0.241842374 -0.030920517 0.965326369
1341846325.081901 1.140236974 -0.156859368 0.482878625 0.094810501 -0.245952263 -0.033909079 0.964037657
1341846325.118531 1.136299133 -0.108689353 0.471945494 0.097323187 -0.244212106 -0.036050774 0.964151978
1341846325.149933 1.136872888 -0.106677040 0.466427356 0.092436820 -0.241656527 -0.039751757 0.965130746
1341846325.181925 1.110252500 -0.074926317 0.459390849 0.093041927 -0.236182109 -0.037645869 0.966511309
1341846325.218055 1.148620486 -0.075287238 0.486681640 0.088294737 -0.243840829 -0.032287914 0.965247750
1341846325.249811 1.133463621 -0.059905618 0.480991811 0.086770728 -0.241097555 -0.029459154 0.966165066
1341846325.285925 1.121736884 -0.054481220 0.476539284 0.083182424 -0.239186287 -0.028506031 0.966984034
1341846325.317988 1.114691496 -0.053468473 0.480310023 0.080952518 -0.234648585 -0.026915260 0.968329668
1341846325.349844 1.134627342 -0.054705523 0.493802130 0.084269360 -0.234723955 -0.024448900 0.968093812
1341846325.387302 1.142643213 -0.014170270 0.494937420 0.093352079 -0.233057395 -0.018800393 0.967789352
1341846325.417931 1.159015417 -0.012476224 0.490695298 0.095084071 -0.229389369 -0.016133660 0.968544900
1341846325.450747 1.139604688 -0.037318930 0.484511733 0.096798033 -0.218276680 -0.015578090 0.970949411
1341846325.485954 1.126955509 -0.018280718 0.491128117 0.105097435 -0.211707175 -0.011017033 0.971603453
1341846325.517875 1.134524345 -0.002180159 0.494078457 0.109934136 -0.210539356 -0.007876007 0.971352518
1341846325.553859 1.122300863 0.019152585 0.488170952 0.115709640 -0.204434514 -0.007881607 0.971985459
1341846325.585855 1.093974829 0.094348848 0.491284311 0.129289031 -0.197484240 -0.008033539 0.971709788
1341846325.617990 1.066140532 0.109056912 0.472432643 0.127306536 -0.190188080 -0.011118247 0.973395109
1341846325.653982 1.067338943 0.099855706 0.476114452 0.125107676 -0.189108744 -0.014661934 0.973843455
1341846325.685819 1.036888957 0.084435955 0.464265645 0.126603886 -0.182533264 -0.012026155 0.974940240
1341846325.717857 1.018469334 0.119585454 0.468963742 0.134678647 -0.179589957 -0.004945389 0.974466383
1341846325.754083 1.014663577 0.113795832 0.458754689 0.134981975 -0.179059699 -0.000371908 0.974534452
1341846325.786087 1.022556186 0.131344467 0.469166964 0.143560335 -0.180274189 0.002167954 0.973081231
1341846325.821856 1.023540258 0.163759708 0.471690029 0.150897726 -0.178671256 0.004071664 0.972260237
1341846325.853827 1.004202008 0.189071223 0.474965155 0.154392377 -0.176331982 0.007755945 0.972116232
1341846325.885958 1.009410501 0.209213704 0.462573588 0.153975293 -0.179652065 0.015411543 0.971482992
1341846325.921984 1.001026630 0.211277395 0.465714514 0.152649805 -0.182095572 0.017948955 0.971193671
1341846325.953899 1.013215065 0.217277482 0.475819468 0.156006724 -0.183205143 0.019191789 0.970427454
1341846325.985823 1.020526290 0.235243738 0.482946455 0.159502819 -0.182145000 0.024598986 0.969936609
1341846326.021991 0.997090101 0.246929586 0.475993305 0.162937462 -0.178762823 0.031019865 0.969810843
1341846326.054055 1.005938411 0.275279701 0.486504257 0.170419365 -0.181224927 0.034392267 0.967952490
1341846326.089984 0.998389542 0.321718931 0.480396539 0.178412318 -0.176995873 0.035450511 0.967256308
1341846326.121822 0.992757022 0.355213523 0.490655005 0.182140887 -0.172339648 0.036183737 0.967375100
1341846326.154079 0.977801621 0.337856770 0.493239015 0.180166870 -0.168121919 0.034293313 0.968555033
1341846326.190178 0.985331535 0.373626053 0.506279826 0.186914176 -0.170561239 0.037492618 0.966729760
1341846326.222162 0.986209750 0.405977637 0.507293761 0.186966434 -0.172948539 0.046147551 0.965920687
1341846326.259181 0.990019202 0.418912470 0.519829273 0.183725297 -0.176954985 0.048349816 0.965709269
1341846326.322766 0.987329602 0.407978833 0.519339800 0.171230525 -0.176285192 0.045213602 0.968276501
1341846326.359773 0.991814792 0.414063573 0.525215507 0.168076545 -0.175285190 0.041539490 0.969174922
1341846326.392109 0.998508632 0.434869856 0.540162683 0.171168983 -0.174694955 0.043739647 0.968643248
1341846326.423985 0.959241867 0.441515326 0.524210930 0.174278632 -0.167791963 0.050870191 0.968960822
1341846326.459869 0.986167848 0.450936317 0.536499679 0.174384400 -0.175989613 0.056347962 0.967182815
1341846326.526163 1.037763000 0.528566718 0.567824423 0.181971893 -0.182330623 0.058973283 0.964450121
1341846326.560211 0.986405969 0.569999158 0.567677617 0.183587760 -0.170207605 0.058214750 0.966403663
1341846326.591828 0.980270207 0.560613513 0.571835160 0.179013401 -0.167652190 0.056318253 0.967819870
1341846326.627027 0.987551630 0.564534426 0.568458796 0.177155748 -0.166457579 0.055893090 0.968392372
1341846326.658442 0.980315328 0.567168355 0.568089366 0.172827840 -0.161062047 0.054638445 0.970156848
1341846326.694856 0.981378615 0.562761903 0.570072889 0.165690571 -0.158584952 0.054957870 0.971790671
1341846326.726206 0.977799594 0.570247531 0.564800799 0.159727767 -0.156064183 0.051737878 0.973372638
1341846326.762753 0.992325425 0.597455740 0.573563278 0.157418206 -0.155408561 0.048409335 0.974024832
1341846326.826821 0.980847061 0.580589592 0.576587260 0.134689331 -0.147720277 0.042687718 0.978884757
1341846326.858887 0.986861348 0.551046252 0.586901963 0.122748010 -0.148416191 0.038834713 0.980508745
1341846326.895360 0.978793740 0.547028780 0.586440802 0.120654598 -0.148662537 0.039532114 0.980703413
1341846326.926897 0.992321312 0.545566678 0.603351414 0.119485199 -0.156009287 0.041679986 0.979615867
1341846326.958888 0.991644740 0.554668427 0.599885821 0.120607026 -0.156551674 0.045863591 0.979204893
1341846326.994594 0.993077815 0.557061255 0.598398030 0.119090833 -0.155871361 0.046385854 0.979474306
1341846327.026301 1.000034213 0.581882775 0.603137851 0.119554132 -0.155375913 0.045205317 0.979551733
1341846327.063945 1.007717490 0.558274090 0.607570171 0.112025484 -0.154231563 0.040600147 0.980823398
1341846327.094662 1.005107284 0.563142419 0.605570555 0.111239828 -0.151690289 0.039036170 0.981372476
1341846327.128901 0.961337447 0.576705992 0.585475206 0.111426473 -0.143803552 0.037196595 0.982609332
1341846327.161940 0.947879493 0.602031231 0.573844731 0.113262601 -0.142050415 0.036195058 0.982691824
1341846327.193867 0.908384085 0.618523419 0.554849684 0.115464188 -0.132614732 0.033727627 0.983841360
1341846327.229885 0.888035536 0.629041791 0.536805809 0.116132207 -0.125276402 0.029831804 0.984849870
1341846327.262014 0.867339909 0.650885344 0.508041561 0.118506961 -0.114611000 0.023507718 0.986036420
1341846327.294023 0.818222582 0.667374969 0.486854821 0.124384716 -0.093192205 0.020314118 0.987639129
1341846327.330015 0.798896551 0.681442916 0.457318038 0.124979772 -0.079112723 0.018492531 0.988827229
1341846327.361939 0.767026424 0.723565102 0.439342350 0.128386319 -0.068018436 0.015935332 0.989260614
1341846327.393887 0.737348199 0.729159892 0.427119076 0.127432004 -0.060373500 0.010238574 0.989955187
1341846327.429966 0.750796556 0.755953670 0.431898594 0.125906929 -0.063789591 0.010573735 0.989932597
1341846327.461965 0.739187121 0.763110995 0.431888103 0.118250765 -0.065918714 0.008514402 0.990756810
1341846327.497931 0.707219958 0.746240079 0.424369991 0.110618062 -0.060466900 0.000706169 0.992021620
1341846327.530068 0.663204670 0.752592742 0.412405342 0.108021304 -0.052250769 0.002266555 0.992771983
1341846327.561895 0.636717379 0.775572836 0.417835444 0.107941054 -0.050602347 0.008690333 0.992830634
1341846327.598010 0.581400990 0.769932270 0.418442547 0.107023008 -0.044008031 0.011022325 0.993220985
1341846327.629945 0.548624992 0.771756768 0.406910986 0.104287758 -0.043267019 0.007018998 0.993580818
1341846327.662003 0.518963397 0.751388311 0.391378015 0.099186413 -0.041349512 -0.000078255 0.994209409
1341846327.697919 0.484260648 0.758154035 0.371689498 0.099523343 -0.035787426 0.001348310 0.994390547
1341846327.730075 0.444222718 0.761991143 0.355369031 0.092387930 -0.029643508 0.001453280 0.995280683
1341846327.766017 0.399401397 0.773386836 0.354243547 0.088909186 -0.022394191 0.002137772 0.995785713
1341846327.797917 0.410979271 0.783733308 0.360032946 0.084095843 -0.024540510 0.002349602 0.996152699
1341846327.830054 0.402692646 0.794206679 0.361546308 0.078951016 -0.022884630 0.000794042 0.996615529
1341846327.865944 0.388209581 0.792412400 0.353235573 0.073538572 -0.018189386 0.001358227 0.997125566
1341846327.898010 0.357526988 0.808560669 0.355505586 0.072322138 -0.011834696 0.000975044 0.997310698
1341846327.929991 0.374448031 0.809535325 0.356583208 0.065896206 -0.016263284 -0.000319860 0.997693896
1341846327.966065 0.375983089 0.819650412 0.354399651 0.061780494 -0.015471190 -0.003039779 0.997965276
1341846327.998073 0.378775150 0.821401477 0.354058355 0.053892024 -0.014642292 -0.004788468 0.998427927
1341846328.034045 0.384008110 0.831386387 0.358145714 0.048830077 -0.014337913 -0.006629274 0.998682201
1341846328.065993 0.372600466 0.831301272 0.361620098 0.043606527 -0.011505753 -0.007008645 0.998957992
1341846328.098045 0.376177102 0.815529466 0.361816645 0.041106354 -0.011860956 -0.005467681 0.999069452
1341846328.133967 0.375217229 0.814570844 0.357873082 0.043517638 -0.013611220 -0.001504053 0.998958826
1341846328.166023 0.375906676 0.796447277 0.351073861 0.038996242 -0.017219258 -0.000173219 0.999091029
1341846328.198018 0.375553191 0.781748414 0.349223047 0.038319934 -0.019887334 -0.003279913 0.999062240
1341846328.234044 0.350529045 0.781255424 0.348568678 0.043651763 -0.016585277 -0.005780598 0.998892426
1341846328.265899 0.360855043 0.773050725 0.346472919 0.045471296 -0.020696141 -0.004336884 0.998741865
1341846328.302051 0.373294443 0.763427436 0.345548540 0.048853192 -0.023413746 -0.001763177 0.998530030
1341846328.333917 0.372783095 0.747575223 0.344693244 0.051004503 -0.024548057 0.002121804 0.998394430
1341846328.366008 0.351944923 0.732339501 0.355068207 0.057366244 -0.021872403 -0.001380183 0.998112619
1341846328.402010 0.380537868 0.747852445 0.367170990 0.076811843 -0.027625872 0.006725302 0.996640146
1341846328.433920 0.371713281 0.729535520 0.359367132 0.078547411 -0.028088650 0.005620833 0.996498764
1341846328.470003 0.381834745 0.710069716 0.347949803 0.079590358 -0.029135821 -0.003070000 0.996397078
1341846328.502194 0.345648348 0.704653382 0.346733004 0.085523322 -0.019891091 -0.011299718 0.996073484
1341846328.534033 0.382323116 0.676592648 0.342118710 0.084649459 -0.023845382 -0.012754330 0.996043801
1341846328.570125 0.355220944 0.659001768 0.332982212 0.086493477 -0.019154014 -0.008485819 0.996032119
1341846328.602804 0.325167894 0.638689935 0.330477118 0.092180222 -0.020674139 -0.005337716 0.995513380
1341846328.672663 0.355197787 0.597414851 0.314701915 0.099757865 -0.038123894 -0.006979437 0.994256616
1341846328.702975 0.339401990 0.585045755 0.324785411 0.102996618 -0.038544852 -0.009080660 0.993893147
1341846328.770129 0.344804376 0.563484371 0.310296178 0.112955570 -0.041667480 -0.012595209 0.992646098
1341846328.802331 0.353553087 0.550623417 0.315619260 0.114005089 -0.046850674 -0.011407105 0.992309332
1341846328.838051 0.353588790 0.555228949 0.313946277 0.121613577 -0.048381411 -0.015132543 0.991282225
1341846328.869939 0.350390643 0.572315216 0.316667646 0.125844464 -0.049027223 -0.014824077 0.990726948
1341846328.904486 0.353549868 0.541487634 0.306436598 0.118130304 -0.052353702 -0.016366031 0.991481960
1341846328.939814 0.362462103 0.536920190 0.309113204 0.124558792 -0.056228984 -0.016347248 0.990482867
1341846328.970217 0.360992163 0.529231668 0.298672616 0.126959324 -0.058193188 -0.011426565 0.990133524
1341846329.006232 0.360739172 0.529897153 0.301794976 0.129588127 -0.060388893 -0.007474119 0.989699125
1341846329.038243 0.362192959 0.513696671 0.289509237 0.133394539 -0.061225556 -0.007101265 0.989144564
1341846329.106125 0.357621372 0.527813017 0.279942274 0.140000805 -0.060137819 -0.008368805 0.988288045
1341846329.138340 0.357352495 0.522728741 0.277863503 0.143092170 -0.060752757 -0.009394681 0.987798333
1341846329.169991 0.361704022 0.517017663 0.272913486 0.144434214 -0.062505275 -0.010229878 0.987485349
1341846329.208656 0.356165975 0.523672402 0.269990355 0.147960588 -0.061851475 -0.011807255 0.986986697
1341846329.238169 0.353996933 0.508432806 0.262665778 0.144698486 -0.062078077 -0.011280626 0.987462163
1341846329.273827 0.356292367 0.507686853 0.263918012 0.144958109 -0.063574053 -0.010853205 0.987333655
1341846329.306052 0.356088281 0.508419335 0.258643389 0.146462858 -0.065922111 -0.011953179 0.986944854
1341846329.338104 0.356063664 0.490540922 0.265757769 0.140057445 -0.066895239 -0.014832529 0.987769663
1341846329.373907 0.355730414 0.470216513 0.255387694 0.135970846 -0.067392275 -0.016412280 0.988281786
1341846329.405985 0.356965095 0.470426619 0.252572417 0.138887882 -0.068795636 -0.019312261 0.987726867
1341846329.442057 0.358205885 0.466592252 0.251262993 0.138295844 -0.069025472 -0.023436120 0.987704694
1341846329.473950 0.359991699 0.461515844 0.249960005 0.139007062 -0.070373401 -0.029163141 0.987357140
1341846329.506147 0.358365417 0.468597591 0.245423064 0.141606063 -0.071703531 -0.030412216 0.986854374
1341846329.542121 0.371820778 0.445296317 0.235650465 0.137180135 -0.077361107 -0.031204520 0.987027466
1341846329.574086 0.375651091 0.424753726 0.232493937 0.138557196 -0.079934396 -0.032895438 0.986575067
1341846329.606387 0.363325715 0.426295310 0.224773675 0.141266927 -0.077856749 -0.034515657 0.986301541
1341846329.641955 0.352608532 0.425983161 0.223775163 0.141511366 -0.077619195 -0.034113828 0.986299217
1341846329.681570 0.350231379 0.399960905 0.219447508 0.137907654 -0.080518708 -0.034422051 0.986566484
1341846329.748113 0.350876212 0.386165172 0.216475800 0.138867155 -0.079740554 -0.036488708 0.986420751
1341846329.810175 0.351800889 0.381167382 0.211390793 0.139795840 -0.077277370 -0.031644735 0.986652911
1341846329.842255 0.343479872 0.360274345 0.210293233 0.138492495 -0.076450117 -0.028602082 0.986994028
1341846329.874044 0.342508346 0.337671787 0.208948985 0.137209713 -0.076924972 -0.025463074 0.987222254
1341846329.910073 0.329367846 0.356844038 0.209153727 0.140287444 -0.075045720 -0.022152551 0.987014115
1341846329.942009 0.313846111 0.342222303 0.207964242 0.133283034 -0.073496804 -0.018450441 0.988176823
1341846329.978087 0.325486898 0.306012213 0.207311377 0.128585815 -0.076091394 -0.018326165 0.988605082
1341846330.016305 0.345442593 0.328909606 0.202952519 0.133633420 -0.077358253 -0.019697338 0.987810612
1341846330.048192 0.320519805 0.342367172 0.205194727 0.131450504 -0.072667748 -0.017373359 0.988503098
1341846330.080418 0.323429972 0.323821396 0.199086368 0.126762524 -0.073136963 -0.015703978 0.989108503
1341846330.115886 0.334354341 0.297621042 0.193311095 0.126677021 -0.073586263 -0.015056434 0.989096224
1341846330.147839 0.353046536 0.322796345 0.190418556 0.131420881 -0.077377267 -0.012808129 0.988219261
1341846330.181257 0.324456841 0.308910161 0.193183616 0.122911796 -0.073173039 -0.010203281 0.989663780
1341846330.215852 0.348592043 0.299425036 0.190974101 0.116432518 -0.075983115 -0.011387387 0.990222394
1341846330.247833 0.339295685 0.316727340 0.188653439 0.118494868 -0.074454203 -0.011408359 0.990093708
1341846330.283913 0.338498652 0.302015692 0.179114595 0.110464826 -0.074826322 -0.013300098 0.990970075
1341846330.316011 0.342264384 0.311228096 0.187064111 0.108232729 -0.076230973 -0.012168930 0.991123855
1341846330.347868 0.334281236 0.312437803 0.183406204 0.107574821 -0.076750793 -0.013773106 0.991134346
1341846330.383835 0.337719947 0.306392968 0.186446488 0.105043948 -0.077323183 -0.013637686 0.991363168
1341846330.415934 0.335889995 0.289040744 0.183533579 0.103919163 -0.076364130 -0.016619094 0.991510570
1341846330.452561 0.325883269 0.292583913 0.180056438 0.107430980 -0.075582430 -0.016712241 0.991194546
1341846330.483903 0.322346032 0.292207807 0.174790248 0.106490016 -0.077371225 -0.013196860 0.991211116
1341846330.515970 0.335955113 0.291754067 0.179286227 0.106157929 -0.082308434 -0.010457004 0.990881681
1341846330.552099 0.333680302 0.280153453 0.175530002 0.105435714 -0.083045557 -0.008880151 0.990912676
1341846330.583876 0.337605268 0.276314408 0.170962244 0.102798566 -0.084286295 -0.009211116 0.991082013
1341846330.619992 0.328135341 0.290192276 0.162356824 0.099367827 -0.084101528 -0.010145789 0.991438448
1341846330.652136 0.324976623 0.292558819 0.165714517 0.094413169 -0.084463410 -0.012127993 0.991869509
1341846330.683796 0.332152754 0.303459555 0.162969872 0.092536151 -0.085588716 -0.013020049 0.991938651
1341846330.719991 0.329123497 0.290891886 0.154638901 0.089445025 -0.088041589 -0.012210342 0.992017746
1341846330.752103 0.314765900 0.270098954 0.147987023 0.087397628 -0.090345763 -0.009478610 0.992022872
1341846330.787952 0.319431633 0.284911245 0.141495451 0.089684263 -0.096542642 -0.003846863 0.991272688
1341846330.819823 0.326890677 0.293485761 0.146624565 0.090407819 -0.102095224 -0.003827365 0.990650535
1341846330.852208 0.323595226 0.297315419 0.137218699 0.089555643 -0.102932788 -0.003439539 0.990642667
1341846330.914111 0.315242112 0.305901974 0.136235982 0.080178775 -0.104676761 -0.005122499 0.991255760
1341846330.949903 0.308657676 0.300422102 0.133372247 0.077929221 -0.105522864 -0.007564722 0.991329789
1341846330.981986 0.306799173 0.288760066 0.130950972 0.075831629 -0.110364184 -0.006132134 0.990975142
1341846331.014111 0.307733506 0.290930480 0.127239063 0.075042099 -0.114056058 -0.005886307 0.990618646
1341846331.082139 0.321065933 0.291310698 0.116508707 0.077504322 -0.118929163 -0.007942324 0.989841342
1341846331.114334 0.310294718 0.299345762 0.112393491 0.078508720 -0.119293168 -0.008604808 0.989712894
1341846331.149989 0.308975011 0.276809901 0.116173677 0.075654462 -0.119977325 -0.011041967 0.989828289
1341846331.181954 0.315048188 0.285649300 0.113099374 0.080040216 -0.121612333 -0.011706558 0.989275992
1341846331.218151 0.309111267 0.276140958 0.104480289 0.075597249 -0.124527901 -0.010319429 0.989278257
1341846331.249914 0.309169948 0.290274113 0.097478509 0.078387365 -0.124544434 -0.014349221 0.989008725
1341846331.318141 0.289556742 0.297954440 0.070585020 0.090520941 -0.110628322 -0.018462939 0.989558756
1341846331.349926 0.265430599 0.288917422 0.062541559 0.087377936 -0.103810169 -0.018971227 0.990569890
1341846331.382003 0.281944245 0.358127773 0.058464013 0.105388805 -0.097084835 -0.021146771 0.989454687
1341846331.418008 0.300525159 0.348888427 0.049854118 0.108453549 -0.092716649 -0.020878317 0.989548147
1341846331.450327 0.311245292 0.323450804 0.041186057 0.103866681 -0.091021225 -0.020448094 0.990206480
1341846331.486219 0.313766092 0.328459054 0.043682162 0.104842030 -0.090318583 -0.020285631 0.990171373
1341846331.518344 0.304258525 0.324613065 0.036618758 0.103409246 -0.086733691 -0.022471486 0.990595222
1341846331.550202 0.281282306 0.360764444 0.051128011 0.114327632 -0.078046568 -0.020999726 0.990149975
1341846331.586139 0.285554945 0.346365720 0.049190342 0.112330869 -0.078319810 -0.023317343 0.990305126
1341846331.617931 0.290550113 0.340937853 0.055763412 0.110522017 -0.078491449 -0.023499899 0.990490675
1341846331.654027 0.256469339 0.360473037 0.066789582 0.115751632 -0.070228145 -0.020852437 0.990572989
1341846331.686123 0.273077965 0.364520162 0.073238596 0.117735684 -0.070742175 -0.019297283 0.990334034
1341846331.717954 0.262212485 0.346297890 0.068723835 0.109639145 -0.069477394 -0.022785936 0.991278529
1341846331.754076 0.249400809 0.336576998 0.087732486 0.107555695 -0.066649571 -0.022419885 0.991709173
1341846331.785920 0.222471014 0.330781132 0.107150137 0.110300511 -0.059465602 -0.023349520 0.991843045
1341846331.818053 0.201140314 0.316983879 0.109068535 0.106520303 -0.054438282 -0.024622316 0.992513835
1341846331.853849 0.180222392 0.320029557 0.117887124 0.107158698 -0.050532866 -0.025526807 0.992628753
1341846331.885987 0.169375688 0.316681862 0.115605526 0.110101327 -0.045143016 -0.027944922 0.992501378
1341846331.922014 0.150779605 0.314668566 0.121076696 0.111324847 -0.038500004 -0.029164270 0.992609680
1341846331.954037 0.146321386 0.294169158 0.123932846 0.107733808 -0.035331380 -0.028544383 0.993141651
1341846331.986135 0.120883614 0.312925071 0.132210180 0.115162998 -0.025221709 -0.024844529 0.992715597
1341846332.022364 0.106004193 0.318686515 0.142071843 0.123503387 -0.019026538 -0.024146533 0.991867840
1341846332.054175 0.091977000 0.315693408 0.137755334 0.128284127 -0.016550604 -0.023331553 0.991324842
1341846332.086502 0.098517612 0.305167973 0.155399367 0.129204214 -0.018206615 -0.021704454 0.991213322
1341846332.122051 0.101835683 0.289663941 0.155732423 0.128045946 -0.017245321 -0.023543412 0.991338789
1341846332.153983 0.080468573 0.278537422 0.153937131 0.122550920 -0.013868154 -0.025366874 0.992041051
1341846332.190165 0.061860241 0.288292676 0.170361072 0.117644027 -0.012327697 -0.026159689 0.992634654
1341846332.254145 0.061474133 0.290007800 0.184009507 0.120969661 -0.011169756 -0.028231053 0.992191851
1341846332.289948 0.096898139 0.247371614 0.209224507 0.114826076 -0.019570027 -0.025642931 0.992861748
1341846332.322172 0.095423386 0.244416654 0.220035210 0.115356766 -0.020050650 -0.024449356 0.992820799
1341846332.354003 0.113013431 0.240475267 0.228481069 0.117927678 -0.021013319 -0.026752122 0.992439330
1341846332.390180 0.087292582 0.246182948 0.218603760 0.119440742 -0.010865417 -0.030445563 0.992314935
1341846332.422055 0.058317199 0.236602649 0.235572800 0.115552112 -0.003850768 -0.034200437 0.992705047
1341846332.458114 0.053382512 0.236452714 0.240265295 0.115470283 -0.000247185 -0.037536506 0.992601454
1341846332.489993 0.042625900 0.250315368 0.257267475 0.118883386 0.003020619 -0.035463199 0.992270172
1341846332.522130 0.023326211 0.258220285 0.265529931 0.118996501 0.001565030 -0.030227827 0.992433250
1341846332.558114 -0.008619704 0.269876629 0.263466924 0.120770387 0.002581602 -0.020945493 0.992456138
1341846332.589874 -0.028573291 0.268585414 0.273403525 0.119948104 0.003841812 -0.018037736 0.992608905
1341846332.621889 -0.036521848 0.273999691 0.278391600 0.115997963 0.005564566 -0.017615369 0.993077695
1341846332.658202 -0.054036040 0.276804090 0.290070415 0.113254823 0.010252247 -0.019742712 0.993316948
1341846332.690001 -0.060106270 0.279167742 0.295349777 0.111397348 0.012280217 -0.019286303 0.993512928
1341846332.726000 -0.080206238 0.283315659 0.311460167 0.111970827 0.014862387 -0.014326350 0.993497074
1341846332.758386 -0.072222710 0.278377295 0.307432413 0.111554168 0.010996979 -0.017200578 0.993548632
1341846332.789937 -0.068747468 0.275173426 0.301209807 0.108201429 0.011796539 -0.016486127 0.993922293
1341846332.825925 -0.086305298 0.274035305 0.308243841 0.106475629 0.017593961 -0.017971070 0.993997216
1341846332.857898 -0.106904514 0.271422863 0.315567136 0.107019655 0.023241088 -0.019563792 0.993792713
1341846332.894069 -0.117546849 0.268112361 0.308729917 0.103773154 0.024912724 -0.022077164 0.994043887
1341846332.926029 -0.144294709 0.268286794 0.313017935 0.099903449 0.031497698 -0.025393393 0.994174242
1341846332.958015 -0.163143158 0.268813401 0.310983896 0.097105570 0.037339829 -0.027086271 0.994204521
1341846332.994073 -0.189557880 0.262449563 0.311705470 0.091774486 0.043897651 -0.030399412 0.994347215
1341846333.026545 -0.214890867 0.246173233 0.314013958 0.084827974 0.050292090 -0.034725424 0.994519532
1341846333.057998 -0.247769296 0.245464250 0.319612414 0.084131531 0.059478357 -0.034144849 0.994091749
1341846333.094024 -0.284794033 0.235679612 0.321748257 0.082016632 0.066778556 -0.030920038 0.993910372
1341846333.126095 -0.324096024 0.233567879 0.327377915 0.081914574 0.076517597 -0.028193988 0.993297637
1341846333.161973 -0.373252809 0.234208032 0.339245170 0.080739342 0.090841219 -0.025235930 0.992266178
1341846333.195660 -0.412459731 0.228015929 0.350079894 0.076834127 0.100756578 -0.023801269 0.991654277
1341846333.226331 -0.445622325 0.226357073 0.343757987 0.074111223 0.106790371 -0.024872625 0.991203666
1341846333.262056 -0.476876825 0.222194582 0.343332261 0.068867937 0.113720313 -0.027964264 0.990728498
1341846333.294147 -0.496231973 0.219440788 0.344814479 0.065132141 0.117124282 -0.029325180 0.990545213
1341846333.326100 -0.523335993 0.219128579 0.342207462 0.062907346 0.121714205 -0.031338472 0.990073919
1341846333.362100 -0.547152460 0.218664780 0.341595560 0.058383957 0.125952676 -0.032507479 0.989783108
1341846333.394119 -0.524564028 0.207610905 0.349852979 0.053787716 0.120775975 -0.031519655 0.990720212
1341846333.429974 -0.541533709 0.203957453 0.349111944 0.052173771 0.122563675 -0.032291245 0.990562141
1341846333.462115 -0.561220706 0.199094459 0.349212706 0.050814196 0.126364172 -0.032751027 0.990140080
1341846333.494040 -0.581315458 0.198070005 0.352123499 0.051312912 0.131113946 -0.034524452 0.989436328
1341846333.529953 -0.608451247 0.195209116 0.348819673 0.051530611 0.137451857 -0.035170771 0.988541663
1341846333.562063 -0.625497699 0.200851664 0.362893999 0.053806111 0.142663464 -0.032913148 0.987759471
1341846333.594090 -0.653545558 0.204552606 0.368468106 0.052381601 0.146798536 -0.030862659 0.987296283
1341846333.629994 -0.677612007 0.212215304 0.380928665 0.050094958 0.148793355 -0.031276468 0.987103283
1341846333.662127 -0.696555138 0.216468677 0.383707970 0.047846977 0.151121318 -0.031333338 0.986859322
1341846333.697964 -0.719510257 0.215397134 0.391887367 0.047202721 0.155563980 -0.030548066 0.986224473
1341846333.730092 -0.748303950 0.217651248 0.392220199 0.049803115 0.160372466 -0.028696537 0.985381603
1341846333.762089 -0.764311075 0.220862791 0.390889764 0.052068591 0.163749292 -0.028255511 0.984721661
1341846333.798006 -0.750270545 0.218560427 0.387174904 0.053249184 0.161090985 -0.028075619 0.985101998
1341846333.830055 -0.746140003 0.220716745 0.379287153 0.055827659 0.161237851 -0.029902987 0.984881461
1341846333.866045 -0.749218762 0.218876526 0.377793700 0.056258172 0.162197456 -0.030818166 0.984671175
1341846333.897987 -0.767263591 0.219828174 0.378808916 0.058342103 0.165297747 -0.032677233 0.983974099
1341846333.930099 -0.758745968 0.214704752 0.370677173 0.060246289 0.163972020 -0.033448741 0.984055281
1341846333.965889 -0.757917464 0.209524930 0.365615577 0.060951896 0.163816929 -0.033237170 0.984044850
1341846333.997985 -0.755886495 0.213431463 0.361396044 0.065064184 0.164042130 -0.034097441 0.983714461
1341846334.030076 -0.773791194 0.215621158 0.360712320 0.068186253 0.167606011 -0.033853929 0.982910395
1341846334.066000 -0.789668858 0.215742812 0.362179607 0.069996677 0.169412956 -0.032779608 0.982509673
1341846334.097932 -0.807766616 0.228941485 0.359328628 0.074835584 0.172195464 -0.034336779 0.981615722
1341846334.133884 -0.822935879 0.245026544 0.360879213 0.079697751 0.175471589 -0.034398172 0.980650246
1341846334.166115 -0.822191179 0.242325664 0.357887208 0.079351455 0.173256651 -0.033509664 0.981102824
1341846334.198072 -0.787160099 0.214503661 0.326395929 0.073651545 0.163714916 -0.033186894 0.983194590
1341846334.234097 -0.779255211 0.213113457 0.317509234 0.073249713 0.162192315 -0.033593975 0.983463049
1341846334.266045 -0.805345833 0.212155774 0.320713341 0.073548742 0.167576000 -0.033250254 0.982549429
1341846334.297946 -0.805503368 0.212093204 0.313259929 0.074411027 0.164731264 -0.030920809 0.983041525
1341846334.334036 -0.800420523 0.220252410 0.305501997 0.076380417 0.161880672 -0.031544369 0.983344138
1341846334.365871 -0.796863317 0.206453174 0.286465973 0.072491825 0.160541773 -0.032793552 0.983816981
1341846334.401845 -0.808102906 0.223172992 0.287740082 0.074561186 0.163104698 -0.034503639 0.983182132
1341846334.433864 -0.817681670 0.224462122 0.291479945 0.075036295 0.162547782 -0.032936718 0.983291864
1341846334.466105 -0.829858124 0.229616150 0.288727015 0.076258630 0.162728563 -0.032832906 0.983171403
1341846334.502142 -0.839972317 0.227685779 0.287800640 0.074230745 0.162548989 -0.031584006 0.983397245
1341846334.540153 -0.845656872 0.230754986 0.285549462 0.074442767 0.161846489 -0.032868262 0.983454943
1341846334.602351 -0.866707325 0.227607250 0.273120403 0.066352889 0.160253569 -0.036841065 0.984153867
1341846334.670161 -0.874201298 0.237147093 0.259837806 0.062791131 0.158109620 -0.044506855 0.984417498
1341846334.702085 -0.876663268 0.235739604 0.250843763 0.061352435 0.155168220 -0.043375958 0.985026538
1341846334.734751 -0.879604220 0.238225102 0.244745061 0.062358506 0.152444214 -0.042874627 0.985410571
1341846334.770889 -0.882338643 0.243300855 0.231196076 0.063220702 0.150153309 -0.039119218 0.985863507
1341846334.802194 -0.878503740 0.246294439 0.221583575 0.062960267 0.145873651 -0.038345560 0.986552835
1341846334.833908 -0.877677917 0.254518270 0.210045204 0.063583389 0.143920302 -0.040838003 0.986699760
1341846334.869874 -0.875578701 0.251966268 0.192958459 0.061062712 0.142193332 -0.038924150 0.987186611
1341846334.902006 -0.868303478 0.245755374 0.181718484 0.058221180 0.137594447 -0.036877010 0.988088131
1341846334.938010 -0.873315334 0.241463542 0.183312342 0.056646660 0.134932652 -0.038553655 0.988482654
1341846334.970032 -0.881541789 0.242684975 0.173489869 0.056864321 0.135395169 -0.040748209 0.988318920
1341846335.002203 -0.895467460 0.233212590 0.164640725 0.056871895 0.136879548 -0.039246336 0.988174736
1341846335.037880 -0.914723516 0.245136261 0.159491062 0.061330929 0.136262283 -0.036524229 0.988097727
1341846335.069990 -0.914796650 0.254014641 0.147395954 0.062670633 0.133146688 -0.037498705 0.988401890
1341846335.106038 -0.916817009 0.254105806 0.139040247 0.062980279 0.134175926 -0.039171610 0.988178074
1341846335.138045 -0.918398499 0.250814497 0.130765900 0.063806564 0.134365290 -0.038964838 0.988107562
1341846335.169900 -0.925659478 0.250351846 0.113527782 0.062707394 0.131725073 -0.038367853 0.988556683
1341846335.206091 -0.934770882 0.251959234 0.113773510 0.062125109 0.131423667 -0.042419255 0.988467991
1341846335.239365 -0.937276483 0.251576662 0.105703413 0.062155567 0.132737637 -0.044501338 0.988198996
1341846335.269948 -0.946988583 0.249207154 0.098486632 0.063078433 0.134644419 -0.045291249 0.987846494
1341846335.305972 -0.955247998 0.246754691 0.087758280 0.064497665 0.133008733 -0.044538587 0.988010645
1341846335.338012 -0.953999519 0.243984193 0.082448609 0.065661430 0.131164253 -0.044593487 0.988178074
1341846335.374005 -0.955509186 0.242108613 0.067897871 0.070719786 0.132915884 -0.045547649 0.987551272
1341846335.406025 -0.963874817 0.239576951 0.060841188 0.077084810 0.135618418 -0.043640684 0.986793399
1341846335.438079 -0.968632817 0.246177688 0.045759086 0.082936354 0.135814145 -0.042062540 0.986360431
1341846335.473998 -0.966659784 0.253830671 0.042306785 0.085974917 0.136572942 -0.041100811 0.986036003
1341846335.507038 -0.977747917 0.255550981 0.033626780 0.086418360 0.140516266 -0.044265963 0.985305846
1341846335.538040 -0.983300626 0.267680466 0.029985739 0.086788990 0.143158153 -0.045560412 0.984833896
1341846335.574119 -0.988773584 0.271904349 0.021325702 0.084464505 0.143032730 -0.044511311 0.985102117
1341846335.605970 -1.002622843 0.257787377 0.012060346 0.081168935 0.144014224 -0.045333080 0.985198677
1341846335.641978 -0.996908069 0.272916853 0.001065483 0.084356628 0.144193023 -0.048646819 0.984746635
1341846335.673993 -1.001465797 0.270097911 -0.007949349 0.082807161 0.144461304 -0.047872864 0.984876692
1341846335.706178 -1.006929278 0.268609345 -0.016297041 0.082123548 0.143160433 -0.046611190 0.985184371
1341846335.741982 -1.006280780 0.269901335 -0.027981736 0.082655489 0.142595738 -0.047766089 0.985166490
1341846335.773960 -1.012579441 0.274962217 -0.039267451 0.082788005 0.143316254 -0.048367649 0.985021412
1341846335.806271 -1.024664402 0.274410337 -0.048121788 0.080209993 0.144021884 -0.047862869 0.985156476
1341846335.842031 -1.016531706 0.272499681 -0.055688869 0.078459263 0.143396422 -0.047089294 0.985425889
1341846335.873966 -1.028051615 0.273932189 -0.063780434 0.079467900 0.146010816 -0.048507325 0.984892249
1341846335.910005 -1.034205675 0.277940601 -0.079995066 0.079072975 0.145685837 -0.046064403 0.985089421
1341846335.941936 -1.039938807 0.278053492 -0.088373594 0.077991426 0.143813506 -0.045502622 0.985476792
1341846335.974198 -1.037069917 0.280855536 -0.092473671 0.077906296 0.142409086 -0.047450721 0.985595584
1341846336.010032 -1.049811602 0.281621099 -0.093483560 0.077261411 0.143690616 -0.048707902 0.985399008
1341846336.042129 -1.056889057 0.285858989 -0.109684981 0.076610573 0.142194346 -0.047464140 0.985727549
1341846336.078076 -1.061479330 0.284046948 -0.108816884 0.076446310 0.140624389 -0.049293373 0.985875726
1341846336.110739 -1.062588096 0.290783912 -0.111120388 0.077462040 0.140522316 -0.050388213 0.985755622
1341846336.142002 -1.069731236 0.285763621 -0.128159150 0.076494046 0.140168160 -0.048723999 0.985965252
1341846336.183953 -1.076690435 0.292653054 -0.137532279 0.076602317 0.137932286 -0.047982812 0.986308515
1341846336.241891 -1.082033992 0.297926515 -0.143212482 0.075221188 0.137726188 -0.049131937 0.986387014
1341846336.277946 -1.084940791 0.289296985 -0.149094388 0.074911520 0.137246832 -0.045084991 0.986670613
1341846336.309977 -1.041677237 0.297648787 -0.183939472 0.079308800 0.125914291 -0.041897275 0.987977922
1341846336.346143 -0.984660089 0.303498805 -0.207823873 0.081656948 0.115200594 -0.041562483 0.989107430
1341846336.377975 -0.925317585 0.302263439 -0.227524281 0.082324266 0.104988299 -0.040759265 0.990221620
1341846336.410032 -0.876252115 0.299020827 -0.245458364 0.082968257 0.096283779 -0.039905086 0.991086960
1341846336.446041 -0.818012893 0.294900119 -0.256734341 0.081268810 0.085574999 -0.037462890 0.992304862
1341846336.477990 -0.770954072 0.301048458 -0.276634157 0.081609733 0.077536717 -0.036518995 0.992972434
1341846336.510056 -0.731431127 0.299777240 -0.295782685 0.082309626 0.071407147 -0.036365222 0.993379951
1341846336.546024 -0.683225274 0.297760159 -0.315552741 0.083070457 0.063270271 -0.033156559 0.993980289
1341846336.578003 -0.642078936 0.298621982 -0.333345711 0.082027897 0.056676865 -0.030577976 0.994547188
1341846336.614020 -0.598184526 0.304890782 -0.350552171 0.082328096 0.050779339 -0.032330416 0.994785607
1341846336.645982 -0.584419489 0.322291762 -0.353667974 0.083482549 0.049744982 -0.031924851 0.994754732
1341846336.678036 -0.545066714 0.316275567 -0.370105237 0.081269339 0.040557414 -0.031575557 0.995365977
1341846336.714024 -0.496489048 0.313709825 -0.361113429 0.083385818 0.031216888 -0.031460218 0.995531321
1341846336.746016 -0.433476329 0.304477364 -0.372132838 0.086208470 0.017452994 -0.026986267 0.995758712
1341846336.778014 -0.388256609 0.314351618 -0.397585630 0.089898840 0.007144996 -0.025245190 0.995605290
1341846336.820006 -0.343606621 0.309212595 -0.414780617 0.088892050 -0.002905944 -0.022640577 0.995779693
1341846336.882056 -0.250337929 0.287709415 -0.422472686 0.086679034 -0.019638235 -0.016955948 0.995898426
1341846336.914273 -0.179392070 0.281303912 -0.385661930 0.088324152 -0.038145382 -0.016912950 0.995217443
1341846336.945998 -0.111740343 0.288586706 -0.380191892 0.096151575 -0.055712488 -0.016878108 0.993663073
1341846336.981980 -0.063795261 0.297577202 -0.378956318 0.098051913 -0.065326735 -0.012947974 0.992950439
1341846337.014238 0.006195934 0.305245310 -0.362537265 0.096609205 -0.080473170 -0.013670837 0.991969705
1341846337.046017 0.052079026 0.296478212 -0.357657880 0.090028673 -0.085416071 -0.007048258 0.992244601
1341846337.082104 0.103790686 0.295975983 -0.383485019 0.086773276 -0.092145965 -0.003059050 0.991952717
1341846337.114317 0.143873513 0.292200387 -0.360561162 0.084080666 -0.101333432 -0.000450241 0.991293013
1341846337.150037 0.166395679 0.285875231 -0.353774816 0.081036568 -0.106314138 -0.001296719 0.991024077
1341846337.181873 0.203847855 0.292762339 -0.342369467 0.082260288 -0.111582115 -0.002182857 0.990342319
1341846337.214073 0.246670157 0.295463890 -0.330215216 0.079134926 -0.117905617 0.000535242 0.989866495
1341846337.250087 0.268671483 0.304842830 -0.311952651 0.080483049 -0.123503618 0.005400683 0.989060283
1341846337.282028 0.300498784 0.296227783 -0.301934123 0.079410203 -0.132499680 0.008708155 0.987958491
1341846337.317920 0.328870863 0.298024267 -0.295671076 0.078924835 -0.138205186 0.009248130 0.987210572
1341846337.350018 0.355010837 0.288049400 -0.295643896 0.074456923 -0.142683044 0.011105884 0.986901402
1341846337.382159 0.365550101 0.286411434 -0.287971169 0.072601974 -0.143590584 0.008613672 0.986932933
1341846337.417941 0.386621892 0.285042167 -0.281347364 0.073733084 -0.147043109 0.010037717 0.986327052
1341846337.450137 0.411738127 0.278923094 -0.294555545 0.072110355 -0.153342232 0.007511450 0.985509932
1341846337.482096 0.413472950 0.278442323 -0.292004585 0.070646361 -0.153680801 0.006536704 0.985570252
1341846337.518008 0.415194988 0.288220912 -0.284597576 0.074251950 -0.154710531 0.006431710 0.985144675
1341846337.549978 0.423138440 0.291067958 -0.291834086 0.073743075 -0.156559512 0.005219212 0.984897912
1341846337.585971 0.420211792 0.291678816 -0.288093805 0.071885712 -0.156018540 0.007098318 0.985109270
1341846337.617903 0.421802342 0.295259923 -0.278003216 0.075673938 -0.156914443 0.007593926 0.984679461
1341846337.650141 0.424216807 0.287323594 -0.282444715 0.074776672 -0.157049283 0.009108349 0.984713674
1341846337.686352 0.437589228 0.293376178 -0.278856695 0.073624454 -0.159432560 0.009661228 0.984412193
1341846337.718002 0.446106195 0.299333930 -0.266797215 0.073533587 -0.160685822 0.008213686 0.984228373
1341846337.749920 0.457999408 0.297982723 -0.256111503 0.072292052 -0.160569116 0.009142952 0.984331191
1341846337.786157 0.476396918 0.309187382 -0.242423862 0.070830330 -0.161565840 0.011141181 0.984253764
1341846337.817945 0.473702461 0.305299640 -0.236490399 0.068254128 -0.158871770 0.012361893 0.984859526
1341846337.854071 0.496967494 0.300838858 -0.224980742 0.065675035 -0.160196990 0.011616948 0.984829307
1341846337.885951 0.501279235 0.324365765 -0.215883374 0.067463353 -0.158831328 0.010680274 0.984940231
1341846337.918223 0.514363170 0.331143767 -0.200252920 0.065207154 -0.159781516 0.009931442 0.984946370
1341846337.954120 0.535835385 0.326317191 -0.179005921 0.062120166 -0.162797958 0.011363911 0.984636426
1341846337.985994 0.512936294 0.330328405 -0.186436698 0.059305754 -0.156765252 0.012139656 0.985778928
1341846338.018107 0.532181740 0.326182067 -0.156981707 0.055532109 -0.159011513 0.013334327 0.985623538
1341846338.054055 0.521035373 0.329012036 -0.171448931 0.053542320 -0.155422941 0.010805452 0.986336768
1341846338.085986 0.545653999 0.331445098 -0.142551854 0.050816018 -0.157046482 0.011429437 0.986216784
1341846338.121875 0.544114232 0.334567815 -0.132537067 0.050090361 -0.154942378 0.014732829 0.986542881
1341846338.154089 0.581175566 0.332217872 -0.100082368 0.047787510 -0.162645698 0.020069543 0.985322297
1341846338.186029 0.605195403 0.322807044 -0.068962730 0.043499231 -0.167959943 0.023958014 0.984542191
1341846338.222071 0.617471337 0.310583055 -0.049819179 0.039129134 -0.168363258 0.023409761 0.984669924
1341846338.254107 0.608309746 0.322378159 -0.045467988 0.040676832 -0.165787488 0.024635479 0.985014200
1341846338.290130 0.620108545 0.319952846 -0.028683037 0.040523432 -0.168286026 0.025805224 0.984566808
1341846338.321952 0.620106280 0.322392583 -0.024332792 0.040073100 -0.167670518 0.027621597 0.984640956
1341846338.354022 0.618585110 0.326878160 -0.013415731 0.040842418 -0.167238742 0.027327681 0.984691024
1341846338.389969 0.622397780 0.321403056 -0.004204855 0.038181838 -0.167523891 0.028017405 0.984729886
1341846338.422377 0.627759755 0.326369882 0.006249403 0.038278479 -0.168815523 0.027264645 0.984526694
1341846338.454010 0.613946855 0.330962270 0.008268487 0.038058035 -0.167020634 0.025047783 0.984900177
1341846338.489894 0.612204611 0.331781864 0.017679343 0.036827188 -0.167643800 0.024947714 0.984843671
1341846338.522066 0.602600992 0.325382620 0.027247157 0.036754128 -0.165585831 0.024661163 0.985201716
1341846338.558058 0.590880454 0.314693183 0.033157077 0.033201486 -0.163854524 0.024889108 0.985611439
1341846338.589842 0.576902092 0.310047060 0.045853727 0.030919196 -0.161375031 0.024049560 0.986115456
1341846338.622019 0.569191694 0.305735737 0.050099064 0.031151135 -0.158990562 0.025052711 0.986470461
1341846338.657984 0.560802400 0.292351633 0.049798727 0.027830144 -0.157718331 0.028244624 0.986687779
1341846338.690198 0.558815181 0.306098461 0.054177076 0.028781570 -0.157656327 0.025451591 0.986746371
1341846338.722454 0.551111996 0.303854942 0.063043639 0.028794788 -0.155083969 0.024995651 0.987165153
1341846338.757945 0.552973449 0.297671497 0.070404485 0.026332824 -0.156326473 0.026276017 0.987004697
1341846338.790039 0.546338379 0.304455876 0.083019987 0.025845412 -0.157523930 0.025662048 0.986843348
1341846338.826048 0.536917448 0.301828027 0.088608883 0.026607640 -0.154270470 0.022755096 0.987408161
1341846338.858027 0.537932515 0.299231231 0.093430258 0.025264895 -0.153396100 0.022880174 0.987576783
1341846338.889902 0.535909534 0.303935379 0.100140460 0.023840340 -0.154128119 0.021832779 0.987521887
1341846338.925948 0.530150712 0.300410360 0.107570499 0.023267556 -0.151793674 0.019292414 0.987949967
1341846338.958108 0.523682117 0.299853683 0.117923759 0.023597686 -0.148762956 0.019412603 0.988400698
1341846338.990057 0.522272527 0.301454455 0.128375635 0.024627060 -0.148813903 0.020501275 0.988345921
1341846339.025928 0.516935349 0.300757170 0.138036057 0.026636329 -0.146880001 0.019734262 0.988598704
1341846339.057939 0.513025522 0.296176732 0.147735670 0.027826129 -0.143469825 0.020396400 0.989053190
1341846339.093927 0.520617664 0.299627602 0.156792745 0.026279170 -0.146566734 0.023135705 0.988581002
1341846339.126562 0.515115380 0.298889905 0.161591828 0.022942999 -0.145759076 0.019941982 0.988852978
1341846339.157969 0.509844363 0.302364171 0.174615249 0.021709027 -0.141850889 0.017213862 0.989500225
1341846339.194113 0.515493572 0.309015274 0.188287660 0.020407638 -0.143115237 0.019597849 0.989301562
1341846339.228165 0.522545755 0.307994604 0.199513122 0.016138589 -0.146689445 0.021446167 0.988818407
1341846339.257998 0.522034407 0.304037958 0.217217147 0.013007846 -0.145501912 0.021012696 0.989049315
1341846339.294132 0.520452380 0.311714858 0.219956249 0.014050482 -0.143019393 0.022843359 0.989356458
1341846339.326577 0.499165952 0.326767147 0.219378561 0.011439237 -0.141628444 0.023223324 0.989581347
1341846339.362269 0.498484075 0.319307446 0.227326468 0.007308517 -0.142466724 0.018566251 0.989598513
1341846339.394725 0.510159671 0.321811855 0.246717766 0.007004292 -0.142576188 0.020726666 0.989542067
1341846339.462186 0.518645227 0.314042538 0.273522139 0.001816500 -0.145612225 0.019782385 0.989142299
1341846339.496743 0.518606603 0.304747939 0.279514819 0.003376183 -0.140501484 0.019293113 0.989886761
1341846339.562052 0.521155655 0.307255447 0.301159352 0.005022706 -0.139418021 0.021635272 0.989984512
1341846339.595122 0.528579414 0.315918118 0.316282094 0.008900132 -0.139673203 0.020704465 0.989941239
1341846339.632085 0.528145134 0.318392396 0.331229299 0.010833029 -0.135901690 0.017882304 0.990501702
1341846339.664568 0.525278747 0.310211897 0.333890200 0.009929058 -0.132342845 0.016137894 0.991022885
1341846339.698896 0.526738465 0.304233938 0.340613484 0.008865779 -0.131747782 0.015708879 0.991119206
1341846339.731977 0.524116576 0.311360389 0.350058705 0.011261160 -0.130971074 0.013229988 0.991234004
1341846339.762241 0.522989511 0.305842012 0.356254607 0.010829042 -0.129044384 0.012884468 0.991495967
1341846339.797873 0.521898866 0.299077064 0.361456454 0.009344623 -0.128555223 0.014515110 0.991552114
1341846339.830245 0.519423008 0.299431980 0.369840533 0.009393062 -0.128401279 0.014670580 0.991569340
1341846339.862015 0.520432174 0.304510206 0.374858916 0.010008228 -0.128389418 0.013360726 0.991583347
1341846339.897797 0.520134866 0.309432030 0.385196209 0.010400699 -0.126903683 0.012206710 0.991785407
1341846339.929916 0.520051360 0.298529446 0.396365047 0.008314077 -0.126397893 0.014689476 0.991836011
1341846339.961960 0.518549919 0.297352433 0.403193951 0.009474925 -0.126531020 0.015359043 0.991798460
1341846339.997845 0.521821558 0.296949953 0.413809299 0.010580964 -0.125638857 0.014659916 0.991911292
1341846340.029925 0.521650136 0.300177634 0.419233322 0.012363664 -0.123268649 0.016793165 0.992154241
1341846340.066044 0.522619486 0.291078001 0.422698706 0.012557031 -0.121969111 0.018309377 0.992285550
1341846340.098009 0.520243824 0.292135656 0.426719993 0.013294773 -0.121017069 0.019123835 0.992377162
1341846340.130102 0.524682224 0.304790735 0.446639597 0.015796795 -0.122031145 0.016592959 0.992261827
1341846340.166041 0.529589295 0.309383690 0.459443301 0.018480550 -0.120701924 0.013970308 0.992418528
1341846340.197867 0.511901796 0.301922470 0.445949227 0.017526543 -0.114341207 0.015139737 0.993171573
1341846340.229904 0.520532370 0.306955814 0.456332475 0.017237706 -0.116443865 0.015541772 0.992926061
1341846340.265859 0.528012037 0.308669150 0.474569768 0.017884208 -0.116770372 0.014431516 0.992893040
1341846340.298061 0.523421705 0.312647760 0.479296505 0.020910207 -0.113346308 0.014732902 0.993226290
1341846340.334063 0.517737567 0.312012285 0.478042573 0.019022910 -0.113403872 0.016562045 0.993228853
1341846340.366064 0.526396215 0.307730436 0.491512775 0.017203644 -0.117109701 0.015622308 0.992847145
1341846340.397995 0.524870932 0.306498259 0.493501961 0.019125449 -0.115673020 0.015630038 0.992980242
1341846340.433895 0.527191520 0.306600630 0.502563834 0.019422125 -0.116485067 0.016931215 0.992858171
1341846340.465959 0.528944075 0.309158832 0.509914875 0.020781366 -0.119244233 0.018189916 0.992480814
1341846340.501858 0.528694272 0.303314358 0.504135549 0.020132761 -0.121870115 0.018184552 0.992175221
1341846340.534329 0.533631325 0.305827409 0.504681110 0.021134134 -0.123518921 0.017843461 0.991956711
1341846340.566041 0.537888408 0.303815663 0.510235906 0.022467023 -0.124916218 0.018658092 0.991737425
1341846340.601909 0.542611778 0.306242049 0.510868907 0.025382595 -0.125829101 0.019372020 0.991537988
1341846340.634005 0.542712331 0.307231545 0.500057638 0.025854491 -0.125225961 0.017471774 0.991637409
1341846340.666028 0.549522400 0.308409423 0.506364405 0.026678955 -0.125649512 0.014876411 0.991604328
1341846340.701946 0.555467427 0.313979566 0.510826230 0.030181983 -0.124892205 0.013207668 0.991623223
1341846340.733954 0.565853059 0.311519057 0.518282413 0.030753110 -0.125047237 0.011283147 0.991609931
1341846340.770081 0.561272860 0.307811052 0.505646944 0.029090108 -0.123373494 0.009389934 0.991889477
1341846340.801980 0.564288318 0.310157090 0.502238393 0.030577321 -0.121949129 0.003862713 0.992057741
1341846340.833999 0.566123009 0.310551345 0.503056765 0.030286595 -0.119835772 0.000901927 0.992331266
1341846340.870013 0.566550255 0.307235152 0.503642499 0.028704584 -0.120181680 -0.000822061 0.992336512
1341846340.901955 0.570770621 0.307006150 0.502990842 0.029853318 -0.121073648 -0.000167079 0.992194593
1341846340.933918 0.572102308 0.303440928 0.498594850 0.030337583 -0.121917039 0.003399006 0.992070735
1341846340.970122 0.572243750 0.298764169 0.492520064 0.029602956 -0.124923036 0.008971187 0.991684198
1341846341.001922 0.572369218 0.306217104 0.491754264 0.032210506 -0.128837928 0.013288904 0.991053343
1341846341.037923 0.569338858 0.302268416 0.486623108 0.032218270 -0.130362689 0.015339154 0.990824103
1341846341.070300 0.569051981 0.307978690 0.488903522 0.034135774 -0.131244496 0.014965763 0.990649164
1341846341.102028 0.567164779 0.309688836 0.487872511 0.034383032 -0.132390827 0.015371757 0.990481794
1341846341.137982 0.568993390 0.308918118 0.486154139 0.034398600 -0.134374216 0.015466146 0.990212679
1341846341.170048 0.568955839 0.306037039 0.484000921 0.034235712 -0.134579629 0.016895777 0.990167081
1341846341.202110 0.568773329 0.305318385 0.481243908 0.035555445 -0.134955198 0.018659003 0.990037739
1341846341.237996 0.572046995 0.308347911 0.481286407 0.037765868 -0.135146201 0.019059943 0.989922285
1341846341.269883 0.569188237 0.306850344 0.477840543 0.038471274 -0.134183243 0.019805294 0.990011394
1341846341.306107 0.568726659 0.302573234 0.474265635 0.038071856 -0.134734422 0.018477833 0.989977658
1341846341.338109 0.567038476 0.307043612 0.469013453 0.040302340 -0.133340240 0.016423587 0.990114331
1341846341.370120 0.575331211 0.305168092 0.467843354 0.040619191 -0.133326605 0.014437202 0.990134180
1341846341.406074 0.567984581 0.301953346 0.464813590 0.040024024 -0.131745860 0.014320049 0.990371704
1341846341.438113 0.568293810 0.301855326 0.466055036 0.041805584 -0.133925393 0.014615049 0.990001440
1341846341.470024 0.571065068 0.306872159 0.465942413 0.045630433 -0.134176627 0.013131867 0.989819229
1341846341.506077 0.566761374 0.310301840 0.461809903 0.045635175 -0.132793576 0.012472915 0.990014017
1341846341.538156 0.564355254 0.305298209 0.463402957 0.044082765 -0.134768486 0.012584886 0.989816070
1341846341.574016 0.573463142 0.306484729 0.465188682 0.045207243 -0.138547793 0.013589901 0.989230096
1341846341.612466 0.571252823 0.309453309 0.462229103 0.046019569 -0.138660997 0.013531118 0.989177644
1341846341.643972 0.572222590 0.306015044 0.461059570 0.044371396 -0.140335992 0.012154683 0.989034534
1341846341.679982 0.571374416 0.307644725 0.459548652 0.044524923 -0.141789734 0.013584221 0.988801658
1341846341.712332 0.567825139 0.305231959 0.456380159 0.044128396 -0.143641427 0.016749706 0.988503635
1341846341.744185 0.569664896 0.306729704 0.454126507 0.044770051 -0.145618439 0.018118201 0.988161325
1341846341.780061 0.566390038 0.307230920 0.453720182 0.044978485 -0.145629838 0.019582855 0.988122165
1341846341.842595 0.564879775 0.305905879 0.442171514 0.046853174 -0.145242751 0.024953365 0.987971008
1341846341.906227 0.570990443 0.307681024 0.439191431 0.049923550 -0.146987334 0.030815359 0.987397015
1341846341.942069 0.574672997 0.292069823 0.434345007 0.050611664 -0.147383600 0.033042196 0.987230897
1341846341.974775 0.584771693 0.289112836 0.434654713 0.052796595 -0.149328008 0.035416957 0.986741781
1341846342.010161 0.590800881 0.285321414 0.433819741 0.052158229 -0.151827633 0.037465692 0.986318588
1341846342.042024 0.601772010 0.282901675 0.437927663 0.054025069 -0.154085070 0.037518147 0.985865831
1341846342.080032 0.606979311 0.285227418 0.437014967 0.056164119 -0.152487516 0.038145535 0.985970676
1341846342.112265 0.611845613 0.277362943 0.433446497 0.054893557 -0.152866766 0.040208831 0.985901535
1341846342.147954 0.618621767 0.274219900 0.429327875 0.056522883 -0.154871643 0.043269906 0.985366762
1341846342.179852 0.621209145 0.279607505 0.428328902 0.059910990 -0.154327571 0.044862218 0.985180795
1341846342.211848 0.621568084 0.283754110 0.427854240 0.061375894 -0.153845280 0.043807264 0.985213459
1341846342.247920 0.625949860 0.276740283 0.424672514 0.061574183 -0.154201239 0.042803545 0.985189557
1341846342.279870 0.630146205 0.272471428 0.423354030 0.062057599 -0.154363602 0.043756492 0.985091925
1341846342.316068 0.627402425 0.278793335 0.421421200 0.064307712 -0.153619349 0.045123167 0.985002339
1341846342.347894 0.625734448 0.278688520 0.420437217 0.064576633 -0.153027996 0.044802669 0.985091388
1341846342.379953 0.627257824 0.275587320 0.423188090 0.064182490 -0.152607590 0.045428909 0.985153675
1341846342.416195 0.626538575 0.274732530 0.423695236 0.064287625 -0.152433485 0.047112510 0.985094726
