1341846313.592026 0.000000000 0.000000000 0.000000000 -0.000000000 -0.000000000 -0.000000000 1.000000000
1341846313.654184 0.013874064 0.001147959 -0.001353681 -0.000458834 -0.004385343 0.005064057 0.999977469
1341846313.686156 0.026233595 0.003346752 0.003488193 0.000845687 -0.007664752 0.005428577 0.999955535
1341846313.721918 0.025834216 0.006103961 0.000007820 0.001096181 -0.007612533 0.005635602 0.999954581
1341846313.753994 0.031407338 0.007275393 0.004132332 0.000789841 -0.008065320 0.006942543 0.999943137
1341846313.789969 0.036328349 0.008199020 0.006784644 0.002077504 -0.008863913 0.004588605 0.999948025
1341846313.822075 0.030673027 0.008738448 0.005319469 0.001667567 -0.005625260 0.002196742 0.999980390
1341846313.853928 0.013658796 0.018153355 0.002045123 0.003476271 0.001053845 0.000591597 0.999993205
1341846313.890011 -0.002449066 0.014544754 -0.001563550 0.002448883 0.006788477 0.000948109 0.999973595
1341846313.922055 -0.021469254 0.009665212 -0.004746627 -0.001427587 0.011405052 0.002545087 0.999930739
1341846313.957927 -0.045948911 0.024486886 -0.011242048 0.000141248 0.021382792 0.000175793 0.999771357
1341846313.990058 -0.063637786 0.019963158 -0.007845208 -0.002010910 0.031840716 0.002110827 0.999488711
1341846314.022042 -0.090869203 0.017643448 -0.007082833 -0.005453517 0.039109793 0.003283835 0.999214649
1341846314.057816 -0.112500802 0.024596987 -0.001081249 -0.007390875 0.047324624 0.004912679 0.998840153
1341846314.089801 -0.131753832 0.027322667 0.002842465 -0.005831894 0.056722283 0.003876472 0.998365462
1341846314.122037 -0.154530600 0.021879902 0.000182150 -0.008469302 0.065537840 0.007160427 0.997788429
1341846314.157989 -0.167123154 0.032355610 0.006784285 -0.008127508 0.071855709 0.006425929 0.997361243
1341846314.190094 -0.180474162 0.035509430 0.005747130 -0.007477399 0.079159804 0.006874586 0.996810198
1341846314.225969 -0.186502472 0.040300954 0.006125746 -0.009299366 0.082782701 0.008932233 0.996484220
1341846314.257923 -0.182078466 0.053558826 0.015046583 -0.008126440 0.085103326 0.009619396 0.996292591
1341846314.290052 -0.197704598 0.061274059 0.012708513 -0.005374856 0.089808419 0.007870674 0.995913506
1341846314.325981 -0.200352967 0.070410468 0.012522661 -0.005204531 0.092438482 0.006057416 0.995686412
1341846314.357905 -0.213420317 0.060278866 0.018342583 -0.007426322 0.099320032 0.003732281 0.995020866
1341846314.389899 -0.216398999 0.061310735 0.018327013 -0.005879716 0.102921575 0.002946954 0.994667768
1341846314.427905 -0.229655296 0.066875391 0.016963808 -0.005271967 0.108560421 0.000997272 0.994075358
1341846314.493987 -0.242567256 0.077283584 0.005920785 -0.001955905 0.121792287 -0.006673794 0.992531300
1341846314.526085 -0.255820215 0.085270546 -0.001222577 -0.000565768 0.127000511 -0.009127704 0.991860569
1341846314.558292 -0.251831532 0.094210923 -0.001388268 -0.000186171 0.130173042 -0.009967440 0.991441190
1341846314.594085 -0.267906249 0.096547388 -0.003530729 0.002469022 0.138403654 -0.009895100 0.990323424
1341846314.626096 -0.298289299 0.084452040 0.003950262 -0.000106422 0.149019226 -0.008281304 0.988799632
1341846314.658455 -0.304998696 0.090964355 -0.000254127 -0.000972584 0.152797922 -0.009555572 0.988210797
1341846314.694004 -0.297657758 0.092693016 0.010798084 0.000153347 0.157096729 -0.013186513 0.987495184
1341846314.725910 -0.313355416 0.098717161 0.000619125 0.006409936 0.162263721 -0.010123393 0.986674726
1341846314.761942 -0.311219126 0.092177108 0.005007487 0.008773376 0.163158745 -0.004356379 0.986551225
1341846314.794030 -0.321875304 0.102988653 0.000347426 0.013587069 0.168518841 -0.004880289 0.985592782
1341846314.826092 -0.358332425 0.103336729 -0.005271609 0.015684091 0.180003479 -0.004067448 0.983532488
1341846314.862145 -0.374312490 0.103424087 -0.010310217 0.015658151 0.186394587 -0.003203809 0.982344985
1341846314.894072 -0.408693552 0.103296161 -0.006981176 0.015981684 0.198218837 -0.001106011 0.980026841
1341846314.925969 -0.411743313 0.102361485 -0.009790363 0.016140236 0.201844588 0.002859093 0.979280412
1341846314.961937 -0.441665620 0.089205302 -0.012305791 0.010313188 0.207510978 0.009675320 0.978130519
1341846314.994564 -0.440240145 0.102705583 -0.009423293 0.010025244 0.209183067 0.007868391 0.977793455
1341846315.029900 -0.440995246 0.127030894 -0.011160791 0.014448478 0.213967487 0.003897628 0.976726174
1341846315.061965 -0.459938645 0.126780286 -0.011221427 0.014108518 0.219419762 0.007815204 0.975497246
1341846315.094388 -0.470965743 0.136168897 -0.004909657 0.015948867 0.221533418 0.009227427 0.974978685
1341846315.129851 -0.486353278 0.148564339 -0.004764760 0.020150421 0.225520298 0.007642976 0.974000096
1341846315.161941 -0.533278644 0.144656584 -0.010372031 0.016519936 0.233594015 0.013085039 0.972105861
1341846315.197984 -0.532465041 0.169883102 -0.006629007 0.014393059 0.232000545 0.008754039 0.972569823
1341846315.230076 -0.529214144 0.184976920 -0.012337530 0.012657532 0.230890781 0.002638928 0.972893775
1341846315.262069 -0.537134886 0.158924818 -0.007066827 0.005784149 0.231012657 0.009369439 0.972888470
1341846315.298000 -0.539343178 0.175712541 -0.003929256 0.007571871 0.228448689 0.009834749 0.973476887
1341846315.329931 -0.531922042 0.217278153 -0.007443594 0.019560086 0.226484403 0.007057338 0.973792791
1341846315.361981 -0.552913785 0.211468935 -0.002653705 0.024014279 0.230234325 0.011307105 0.972773194
1341846315.397962 -0.573362172 0.227265194 0.000547703 0.029923471 0.234409958 0.012246002 0.971599996
1341846315.429923 -0.580668330 0.250249058 0.001945108 0.035991196 0.237880453 0.010262019 0.970573187
1341846315.466047 -0.608942747 0.242641643 0.012627142 0.036010839 0.248248860 0.013014924 0.967939258
1341846315.497883 -0.636172414 0.254995048 0.014907308 0.038843401 0.255531609 0.017746000 0.965857089
1341846315.530008 -0.607057631 0.235886022 0.016851999 0.035091266 0.252509177 0.018707030 0.966777027
1341846315.566108 -0.632008314 0.244489983 0.023145091 0.036282890 0.258492023 0.020335143 0.965117633
1341846315.597986 -0.608688533 0.235738352 0.021009780 0.034158546 0.256143838 0.019279156 0.965842545
1341846315.630109 -0.633194983 0.247972682 0.034324761 0.036547709 0.262609214 0.018162714 0.964038849
1341846315.666042 -0.615070224 0.239090711 0.020922406 0.033471867 0.260299236 0.017329091 0.964792013
1341846315.698114 -0.646028161 0.238026783 0.032904547 0.027458353 0.270141959 0.016655916 0.962284744
1341846315.733985 -0.641938925 0.228699476 0.039426520 0.024970310 0.272059023 0.019948510 0.961749732
1341846315.766041 -0.610585451 0.205635533 0.024935687 0.020672278 0.263131052 0.022184586 0.964283466
1341846315.798188 -0.636340797 0.214187413 0.034909219 0.021093067 0.267679989 0.020665238 0.963055313
1341846315.834140 -0.588091254 0.225628510 0.027362837 0.024471451 0.261108726 0.018639026 0.964819133
1341846315.866751 -0.603174210 0.224169895 0.039354928 0.026379125 0.265523970 0.017755337 0.963579774
1341846315.898492 -0.585230052 0.214475468 0.027465237 0.025780423 0.261926770 0.018172842 0.964572191
1341846315.936901 -0.594733298 0.214399561 0.030936705 0.028851433 0.264805615 0.017412262 0.963712811
1341846315.966572 -0.586641192 0.203159496 0.025247291 0.030253457 0.263720393 0.016172396 0.963988960
1341846316.034204 -0.580256581 0.200514302 0.018716415 0.033273753 0.260670692 0.014284191 0.964748502
1341846316.066113 -0.589725316 0.202156007 0.023995452 0.035957307 0.261440039 0.015279857 0.964428782
1341846316.101867 -0.562786937 0.205319166 0.011199996 0.037334241 0.254053682 0.015898401 0.966338575
1341846316.134066 -0.557281554 0.207011968 0.007979287 0.036414672 0.249089286 0.014490175 0.967687249
1341846316.202049 -0.576584578 0.189983472 0.010721162 0.034087837 0.245999113 0.011744780 0.968599260
1341846316.233979 -0.560665965 0.191357017 0.003607247 0.034229442 0.240973040 0.011062601 0.969864964
1341846316.270052 -0.565991700 0.183216199 0.004668931 0.031173361 0.242265448 0.008748334 0.969669580
1341846316.301915 -0.566169918 0.179715678 0.021030858 0.031057060 0.243550718 0.007090353 0.969364882
1341846316.334208 -0.535809755 0.187903449 -0.000790708 0.034159329 0.235185817 0.007893137 0.971317947
1341846316.370006 -0.530219018 0.181798935 0.001848269 0.035497833 0.232038468 0.008303700 0.972023189
1341846316.401994 -0.595112741 0.228042722 0.018568177 0.045559827 0.241423070 0.008786134 0.969310045
1341846316.438069 -0.575382888 0.230460569 0.023140125 0.048898093 0.237255871 0.011015764 0.970153213
1341846316.470076 -0.563412011 0.224389896 0.024511410 0.052797094 0.233865917 0.013592526 0.970739126
1341846316.502034 -0.529153407 0.223856881 -0.003205411 0.053277344 0.222576186 0.013860923 0.973359764
1341846316.537975 -0.492469847 0.219357312 -0.009622041 0.049409751 0.212761909 0.012233992 0.975777328
1341846316.570121 -0.440425694 0.217314407 -0.019367464 0.048708554 0.202019647 0.008172407 0.978135347
1341846316.601885 -0.416976929 0.222937047 -0.016330929 0.052154128 0.197333306 0.007497305 0.978919446
1341846316.638009 -0.377572924 0.228240922 -0.012860637 0.056268957 0.188092723 0.009548130 0.980491638
1341846316.669925 -0.341682732 0.227864876 -0.015758522 0.058787391 0.179778144 0.008736356 0.981910169
1341846316.705941 -0.323732495 0.221152917 -0.011243900 0.061716709 0.176281899 0.007505275 0.982374370
1341846316.738062 -0.307467818 0.232345164 -0.011558819 0.065832503 0.171476871 0.008962736 0.982945323
1341846316.770433 -0.270281732 0.222731024 -0.025044225 0.061963364 0.162013009 0.008680883 0.984803021
1341846316.805932 -0.254756927 0.218216509 -0.011545451 0.062445249 0.159349158 0.007213607 0.985219002
1341846316.838029 -0.219596967 0.224339038 -0.006454761 0.065120310 0.150567248 0.007407358 0.986424863
1341846316.870034 -0.199232638 0.221817896 -0.003160958 0.065369077 0.142140463 0.007693862 0.987655699
1341846316.906344 -0.210155919 0.199108258 -0.004118107 0.062000245 0.140310585 0.008463473 0.988128185
1341846316.937940 -0.202950314 0.200484410 -0.008084248 0.061947919 0.136380255 0.005600819 0.988701940
1341846316.973994 -0.198780224 0.193415448 -0.007359331 0.059873145 0.132737964 0.006351891 0.989320755
1341846317.005913 -0.199799195 0.192620188 -0.007738394 0.058685731 0.128690884 0.006193412 0.989927411
1341846317.037936 -0.214058295 0.192903459 0.001734836 0.059589978 0.127641380 0.004894442 0.990016580
1341846317.073972 -0.232410952 0.182071880 0.010126544 0.058872230 0.128194198 0.006009716 0.989981890
1341846317.106113 -0.259104520 0.173369586 0.010764999 0.060152125 0.130306199 0.010334640 0.989593446
1341846317.137887 -0.247387156 0.173405692 0.033355705 0.062833011 0.120824017 0.013865817 0.990586340
1341846317.173970 -0.254896522 0.179232433 0.021024261 0.065054335 0.113511302 0.016245265 0.991271555
1341846317.205887 -0.263345927 0.182099655 0.010510159 0.065302990 0.110569537 0.017089659 0.991573453
1341846317.248131 -0.277596742 0.171509087 0.024043506 0.065543979 0.109647006 0.019804968 0.991609454
1341846317.306289 -0.285600722 0.187493175 0.022011496 0.069504507 0.102195971 0.021874094 0.992092073
1341846317.348137 -0.309574723 0.198752940 0.022992723 0.073350497 0.107305303 0.021974996 0.991273105
1341846317.410120 -0.345606953 0.198129088 0.024425048 0.074485168 0.111034602 0.025728732 0.990687311
1341846317.442569 -0.358363986 0.191143110 0.031526171 0.076083310 0.113092571 0.027908549 0.990274012
1341846317.474010 -0.364853323 0.193982676 0.039399609 0.082759626 0.113577694 0.030664453 0.989601254
1341846317.509927 -0.373568803 0.205490857 0.038661048 0.087468654 0.111818954 0.035566133 0.989232421
1341846317.542282 -0.377715498 0.208416387 0.041280635 0.087220974 0.109084405 0.037691075 0.989480913
1341846317.573943 -0.383189231 0.195949584 0.040717307 0.084772646 0.110371351 0.035642434 0.989626944
1341846317.610159 -0.396657616 0.194238707 0.044840325 0.087571263 0.113376714 0.036467668 0.989013195
1341846317.643553 -0.394818425 0.207786143 0.038262427 0.092063881 0.110652335 0.041946579 0.988696516
1341846317.677993 -0.395120919 0.210691497 0.035918660 0.093912303 0.105942912 0.042432420 0.989017725
1341846317.709996 -0.403494895 0.205164775 0.031507395 0.094798699 0.104946293 0.043765154 0.988981366
1341846317.741834 -0.395746887 0.215784788 0.027514324 0.096348539 0.101593181 0.044597987 0.989144504
1341846317.777923 -0.407222688 0.211148918 0.039400250 0.094510168 0.102251254 0.044729251 0.989248097
1341846317.810021 -0.390185803 0.210365787 0.038637534 0.093907133 0.096610606 0.043211792 0.989939690
1341846317.841886 -0.389688641 0.223014891 0.039896946 0.095569611 0.094835408 0.042197898 0.989996016
1341846317.878017 -0.369142741 0.224923223 0.035046745 0.093015313 0.090570822 0.039959997 0.990731180
1341846317.909910 -0.346491873 0.211111784 0.034663439 0.088624395 0.087213077 0.033997674 0.991657078
1341846317.946031 -0.316281050 0.215284899 0.040992916 0.090895340 0.080819197 0.037599225 0.991863191
1341846317.978041 -0.271260023 0.208492577 0.040252183 0.091811955 0.070104949 0.036380261 0.992639124
1341846318.009897 -0.253042579 0.208899662 0.038116738 0.093841702 0.066741049 0.032889556 0.992802918
1341846318.045949 -0.229234397 0.214974284 0.038014658 0.095009364 0.062258530 0.031739507 0.993020475
1341846318.078074 -0.178326085 0.205659866 0.033244070 0.091586843 0.050796591 0.029545205 0.994061708
1341846318.109894 -0.118400618 0.201147228 0.036045533 0.090030856 0.034995329 0.027124880 0.994954288
1341846318.145957 -0.081288062 0.201701999 0.042601444 0.089717165 0.024896355 0.023509055 0.995378494
1341846318.178001 -0.069489755 0.201137260 0.040406633 0.088455319 0.022141706 0.019310409 0.995646775
1341846318.214074 -0.064318813 0.195693046 0.050180543 0.088879183 0.018521598 0.019066740 0.995687664
1341846318.245970 -0.062683783 0.206908688 0.057337165 0.094695650 0.011751450 0.022572672 0.995180964
1341846318.278018 -0.048796259 0.212102398 0.053361244 0.098833263 0.003561670 0.022370156 0.994846165
1341846318.313937 -0.030503372 0.210369572 0.057356678 0.099606626 -0.007944016 0.021321954 0.994766712
1341846318.345989 -0.028289517 0.214290619 0.068212755 0.102077074 -0.018636176 0.019650845 0.994407773
1341846318.382046 -0.017179223 0.217737377 0.071349077 0.104364090 -0.029076995 0.019611951 0.993920565
1341846318.414072 -0.029210579 0.206707418 0.079631954 0.103803128 -0.034969281 0.020783151 0.993765652
1341846318.446035 -0.031793967 0.221431360 0.071172006 0.109015144 -0.041607138 0.022726873 0.992908895
1341846318.482196 -0.031123415 0.227900118 0.061850607 0.110818133 -0.044683233 0.022334291 0.992584467
1341846318.514144 -0.038351241 0.229559377 0.067206167 0.111524664 -0.045486823 0.025658099 0.992388487
1341846318.546259 -0.032692689 0.216486543 0.071444161 0.110978380 -0.049478784 0.023110311 0.992321312
1341846318.582042 -0.036388043 0.213230714 0.076815926 0.111179166 -0.050091051 0.024186047 0.992242455
1341846318.614115 -0.027523676 0.216441184 0.060252443 0.110869236 -0.053809941 0.024822418 0.992066681
1341846318.650038 -0.047595773 0.206844285 0.069585592 0.109362639 -0.051798888 0.021492623 0.992418647
1341846318.682350 -0.057414848 0.199697137 0.068856850 0.107461356 -0.051993683 0.021181991 0.992622793
1341846318.714063 -0.073038161 0.193623126 0.057900280 0.106230959 -0.051993772 0.020117050 0.992777407
1341846318.749905 -0.085127234 0.196091160 0.051824395 0.108086258 -0.050862037 0.021645507 0.992603600
1341846318.782036 -0.098998971 0.196798533 0.047563836 0.109464020 -0.051695537 0.022268740 0.992395759
1341846318.814121 -0.107846536 0.196783796 0.036965184 0.108788043 -0.057901233 0.020849939 0.992158175
1341846318.850072 -0.124401636 0.195031479 0.031390298 0.109865464 -0.062094536 0.017090937 0.991857767
1341846318.883516 -0.152902946 0.196566448 0.043276165 0.113160536 -0.067350052 0.016125025 0.991160274
1341846318.918047 -0.175807610 0.199953005 0.021935657 0.115639120 -0.077787362 0.015716184 0.990116000
1341846318.950044 -0.179651812 0.199852720 0.024766508 0.118078224 -0.087184690 0.008487036 0.989133179
1341846318.982028 -0.178447664 0.205807865 0.013552415 0.120214678 -0.091753170 0.007285251 0.988471925
1341846319.018123 -0.177943960 0.204493016 0.018884059 0.118755408 -0.099524409 0.010134355 0.987871110
1341846319.050745 -0.180623680 0.200931221 0.037593234 0.120846219 -0.105796218 0.008830428 0.986977935
1341846319.081905 -0.185811043 0.209306598 0.041048557 0.127560839 -0.105121724 0.004319103 0.986234784
1341846319.117976 -0.202603579 0.216055393 0.023171458 0.129485771 -0.103810243 0.009291717 0.986088514
1341846319.150093 -0.200932920 0.209505543 0.022979442 0.130288824 -0.109646820 0.018238626 0.985225737
1341846319.186069 -0.204309508 0.219406366 0.006588846 0.132326752 -0.110261247 0.017084349 0.984906197
1341846319.218149 -0.232178137 0.223509952 0.007044247 0.129431024 -0.103826106 0.015595228 0.986014485
1341846319.250034 -0.242788196 0.225900039 0.010229089 0.124386720 -0.096416898 0.011851301 0.987467110
1341846319.286594 -0.237242967 0.225037545 0.024123183 0.122303113 -0.095200479 0.017757732 0.987756789
1341846319.318034 -0.247183844 0.224333152 0.024098566 0.123033077 -0.094080985 0.020394525 0.987722516
1341846319.350268 -0.264494419 0.223604873 0.024496010 0.123468749 -0.093467064 0.027564436 0.987552345
1341846319.386163 -0.273088247 0.219403416 0.015000744 0.124038935 -0.098578259 0.037434887 0.986658633
1341846319.418386 -0.284233987 0.226713419 0.013271008 0.125936151 -0.102999993 0.036343340 0.986007273
1341846319.453961 -0.278626323 0.229139641 0.013123073 0.126648217 -0.105625987 0.033169769 0.985750079
1341846319.486271 -0.292129248 0.230558828 -0.002341405 0.125514105 -0.105337568 0.031824809 0.985970318
1341846319.554083 -0.308811992 0.225997150 0.020583987 0.120363034 -0.111492999 0.030936776 0.985964000
1341846319.586296 -0.326414376 0.225784302 0.010527012 0.120605268 -0.109364428 0.027033262 0.986287475
1341846319.622031 -0.351621836 0.234238073 0.004098087 0.119894966 -0.111583546 0.022928447 0.986229539
1341846319.653962 -0.362571925 0.235417724 0.034678232 0.119893178 -0.116409093 0.021176351 0.985710979
1341846319.686352 -0.370677948 0.227216050 0.030565104 0.120370679 -0.120448910 0.026271412 0.985044599
1341846319.721992 -0.346598119 0.234832302 0.055821382 0.122388005 -0.131113186 0.029989297 0.983326614
1341846319.754063 -0.336241782 0.248495832 0.022175319 0.119364768 -0.135954857 0.031817392 0.982983232
1341846319.786397 -0.405762255 0.250222921 0.031808421 0.116814353 -0.124686696 0.031318292 0.984797895
1341846319.822008 -0.406030089 0.251877010 0.021762773 0.112453610 -0.125173256 0.031310868 0.985243917
1341846319.853917 -0.386277646 0.235212937 0.012255339 0.105312012 -0.129727736 0.035026647 0.985318840
1341846319.889942 -0.391757309 0.215212077 0.013932576 0.099980406 -0.130579993 0.039712187 0.985583961
1341846319.922039 -0.416087031 0.212637737 0.010566288 0.099746041 -0.132025242 0.040815625 0.985370100
1341846319.953946 -0.417395651 0.209017754 0.031648442 0.100530140 -0.138017550 0.035693556 0.984667897
1341846319.990054 -0.407827854 0.214051008 0.022528429 0.103587754 -0.142000228 0.029305164 0.983995378
1341846320.028122 -0.415825635 0.207574874 -0.003105490 0.104151025 -0.143778518 0.032875434 0.983564734
1341846320.090047 -0.393148214 0.223216727 0.009535179 0.111097090 -0.153251782 0.032105707 0.981397271
1341846320.122011 -0.383867621 0.228936255 0.016937889 0.112410307 -0.151584864 0.033073988 0.981474459
1341846320.157952 -0.376242638 0.223869562 0.015649043 0.112190150 -0.149114817 0.032845896 0.981885612
1341846320.190003 -0.361500591 0.223297253 0.021155883 0.115401037 -0.146371573 0.030130830 0.982013345
1341846320.221941 -0.347410500 0.233853653 0.062555507 0.121114694 -0.145907581 0.030866144 0.981371284
1341846320.258015 -0.340644896 0.215849534 0.034743380 0.123064242 -0.144370317 0.033872511 0.981256902
1341846320.289887 -0.332588673 0.209476560 0.048535682 0.128374204 -0.145591304 0.033718403 0.980401099
1341846320.321954 -0.306979120 0.209756345 0.030042056 0.136662185 -0.148125291 0.034521047 0.978872120
1341846320.357890 -0.296358645 0.212662637 0.044849254 0.142597839 -0.147905722 0.033998817 0.978076637
1341846320.390064 -0.282279432 0.220859960 0.032920748 0.144172862 -0.144348562 0.035861321 0.978310585
1341846320.426544 -0.259151340 0.214937776 0.070533022 0.147359341 -0.138442129 0.033264145 0.978781104
1341846320.458122 -0.270156115 0.214368135 0.067719392 0.148685858 -0.129681692 0.030362653 0.979874134
1341846320.490186 -0.236401990 0.213380307 0.027154110 0.151484370 -0.122995734 0.029545680 0.980332375
1341846320.525911 -0.201004595 0.211218566 0.018444724 0.154384449 -0.117033862 0.029080624 0.980623722
1341846320.558091 -0.178335741 0.213011965 0.012993380 0.155661523 -0.113745421 0.025653683 0.980904341
1341846320.594093 -0.178608596 0.202800721 0.035322580 0.157011345 -0.108757801 0.021467146 0.981355369
1341846320.631955 -0.150114641 0.207868904 0.028469490 0.159948155 -0.101856567 0.021033384 0.981630981
1341846320.664916 -0.148244455 0.212098300 0.015380192 0.159835815 -0.099032953 0.020286508 0.981953919
1341846320.699927 -0.149896622 0.203226358 0.042328790 0.160277233 -0.095235258 0.018663989 0.982289732
1341846320.731822 -0.127332941 0.208119467 0.047921617 0.162770882 -0.089493521 0.017608427 0.982439101
1341846320.763877 -0.116576530 0.238272652 0.004912344 0.161529675 -0.087584801 0.018487874 0.982799709
1341846320.799999 -0.110675432 0.218263894 0.016804049 0.153485119 -0.089239523 0.013904655 0.984014869
1341846320.831871 -0.076832205 0.214306548 0.011428004 0.154498994 -0.080488205 0.007437628 0.984680891
1341846320.863887 -0.113583922 0.222424954 0.032360639 0.155205444 -0.067990713 0.009612449 0.985492826
1341846320.900014 -0.095419608 0.214545116 0.042702686 0.147738874 -0.074134469 0.016211608 0.986110806
1341846320.931889 -0.060441244 0.204631612 0.052180342 0.148584515 -0.075457036 0.013838793 0.985919535
1341846320.967866 -0.064587906 0.232087702 0.052244738 0.149868309 -0.069339208 0.011128222 0.986208737
1341846321.000017 -0.054414388 0.224805579 0.054309413 0.143438056 -0.069460258 0.008924992 0.987178385
1341846321.031860 -0.038183253 0.213019520 0.051678214 0.140657514 -0.069061220 0.006548493 0.987625062
1341846321.068047 -0.028488692 0.221101210 0.053597987 0.141936958 -0.065633222 0.004097018 0.987688959
1341846321.099840 -0.033348441 0.213767707 0.034664262 0.138779044 -0.063426472 0.005663669 0.988273978
1341846321.131821 -0.004940947 0.204402134 0.056790497 0.138891935 -0.063057244 0.006381810 0.988277316
1341846321.167887 -0.003542674 0.210150152 0.055645332 0.141907990 -0.058651190 0.007147219 0.988114893
1341846321.200042 0.002197789 0.213567927 0.052612200 0.142445862 -0.056078244 0.006892504 0.988188684
1341846321.231950 -0.004557519 0.212651372 0.060138706 0.142373115 -0.053100321 0.004132872 0.988379061
1341846321.267939 0.029939001 0.209151864 0.040594894 0.142029703 -0.053916045 0.001856893 0.988391221
1341846321.299948 0.042774320 0.209494784 0.060796011 0.141439334 -0.049664602 -0.004111559 0.988691807
1341846321.331858 0.041296840 0.207526192 0.065373801 0.141886935 -0.046124563 -0.007694363 0.988777757
1341846321.367913 0.068497188 0.196462035 0.060085859 0.142564371 -0.044866063 -0.011223934 0.988704443
1341846321.399897 0.071678989 0.201327950 0.065704904 0.144911587 -0.039354317 -0.012776164 0.988579094
1341846321.435994 0.071881942 0.196522132 0.065270960 0.146111086 -0.035605092 -0.012931487 0.988542676
1341846321.467946 0.083538011 0.200575367 0.072499529 0.148566484 -0.033426892 -0.012249837 0.988261402
1341846321.499882 0.095935926 0.202794001 0.079520136 0.150254428 -0.030888531 -0.011668427 0.988095880
1341846321.536109 0.126594186 0.211218879 0.059860718 0.150102884 -0.026988210 -0.014392930 0.988197148
1341846321.568960 0.108745731 0.217805102 0.085307352 0.148004293 -0.018392451 -0.017477904 0.988661230
1341846321.603938 0.114009537 0.211264670 0.083082691 0.144546106 -0.016074654 -0.017314805 0.989215970
1341846321.637163 0.144131497 0.212848216 0.067734577 0.141948760 -0.012896580 -0.016787339 0.989647627
1341846321.668306 0.138780683 0.214791521 0.084331915 0.137793899 -0.002774403 -0.014100916 0.990356684
1341846321.704411 0.123061627 0.211516947 0.092542738 0.134327620 -0.000745681 -0.007103338 0.990911245
1341846321.736861 0.135363862 0.213501364 0.095739394 0.133274600 -0.003980197 0.001121870 0.991070509
1341846321.771881 0.150590211 0.227561757 0.096309669 0.131398126 -0.004630187 0.006013191 0.991300642
1341846321.804114 0.159705967 0.223578200 0.101332441 0.126917362 -0.002850143 0.008812007 0.991870105
1341846321.836152 0.156603947 0.229897112 0.101164266 0.124563642 0.000637370 0.007576278 0.992182553
1341846321.871882 0.163681850 0.238506675 0.107879609 0.119665317 0.001166951 0.005692284 0.992797315
1341846321.904074 0.192294896 0.237154469 0.103907287 0.113187663 -0.000742260 0.004614099 0.993562639
1341846321.939847 0.203558445 0.234160364 0.108385116 0.109230779 0.001171090 0.001835089 0.994014084
1341846322.004094 0.202037901 0.224901989 0.100158960 0.101206698 -0.000758857 0.001484846 0.994864047
1341846322.066178 0.188123584 0.216382131 0.108655758 0.097324133 0.008018119 -0.003150650 0.995215476
1341846322.107979 0.179369092 0.200064704 0.110516369 0.094213076 0.011219056 -0.004458434 0.995478928
1341846322.166164 0.178336322 0.163634986 0.108457096 0.094613589 0.010889232 -0.004415032 0.995444775
1341846322.202932 0.186582670 0.172920212 0.103397615 0.098070167 0.007859329 -0.003603005 0.995141983
1341846322.234093 0.187101692 0.178298771 0.102744304 0.097992040 0.006436447 -0.004226423 0.995157480
1341846322.265941 0.183380634 0.160443053 0.101313680 0.094376899 0.003736901 -0.005377729 0.995515049
1341846322.301996 0.185021982 0.153438881 0.107994042 0.092987888 0.002547510 -0.002625072 0.995660603
1341846322.333949 0.163598940 0.130079955 0.095464125 0.089828543 0.002878546 -0.002462241 0.995950103
1341846322.369871 0.179863662 0.115205579 0.107710876 0.090724662 -0.003858239 -0.006659096 0.995846272
1341846322.402292 0.210572213 0.103552014 0.099134646 0.093143702 -0.005385742 -0.013272846 0.995549619
1341846322.433955 0.197544500 0.080953658 0.095808372 0.097777419 -0.003075637 -0.018455498 0.995032430
1341846322.470030 0.188857481 0.071090676 0.095461592 0.105762661 -0.006851716 -0.014675489 0.994259477
1341846322.502433 0.201768488 0.056229237 0.095814273 0.111365959 -0.010942426 -0.011496141 0.993652701
1341846322.534002 0.212721765 0.034376916 0.095764525 0.118763573 -0.012412562 -0.008663155 0.992807209
1341846322.570196 0.206743687 0.029514957 0.097775578 0.128528446 -0.012325217 -0.006658918 0.991606891
1341846322.601920 0.200229079 0.025579320 0.092139289 0.134460613 -0.015271341 -0.002591466 0.990797937
1341846322.638119 0.223101571 0.009865601 0.082836598 0.138801843 -0.020138176 -0.004729486 0.990104139
1341846322.669947 0.225922123 0.001145469 0.092824697 0.143670514 -0.016869683 -0.004300148 0.989472449
1341846322.702026 0.212073371 -0.009207717 0.098025277 0.146514818 -0.014108969 -0.002279176 0.989105225
1341846322.738006 0.209743321 -0.006890557 0.090154737 0.147442341 -0.016305516 -0.000738819 0.988935947
1341846322.770087 0.207138360 -0.046489835 0.097264223 0.144727230 -0.014223659 -0.000966060 0.989368916
1341846322.806047 0.217112824 -0.036995504 0.097357795 0.151377633 -0.017059995 0.001525402 0.988327622
1341846322.838063 0.226382524 -0.049138740 0.091421939 0.151593253 -0.023326043 0.003475203 0.988161564
1341846322.870081 0.220391050 -0.065714650 0.099407144 0.153521493 -0.027129835 0.005099508 0.987759709
1341846322.906018 0.230931908 -0.066160932 0.097071633 0.158996150 -0.028842101 0.003940763 0.986849964
1341846322.938349 0.245405123 -0.067492507 0.104185715 0.158734262 -0.030378122 0.007182066 0.986827731
1341846322.970069 0.247100309 -0.070424542 0.117902093 0.154814690 -0.031061659 0.009251909 0.987411797
1341846323.011820 0.225342244 -0.071483575 0.100273654 0.152332023 -0.026424004 0.007725661 0.987945914
1341846323.073951 0.218252927 -0.074959204 0.103366122 0.149568111 -0.026049852 0.010895432 0.988348186
1341846323.105962 0.220141470 -0.091666408 0.103016794 0.145928279 -0.026019726 0.010816285 0.988893867
1341846323.138158 0.224987447 -0.105787702 0.094551213 0.144858256 -0.026181594 0.008821257 0.989066720
1341846323.174092 0.221418381 -0.101996005 0.093737356 0.143501386 -0.026400572 0.007298097 0.989271045
1341846323.206059 0.234778807 -0.114340968 0.080433086 0.139706239 -0.027574640 0.003429285 0.989803076
1341846323.238053 0.239316121 -0.113516681 0.087431364 0.137251049 -0.025007920 0.003756051 0.990213454
1341846323.273997 0.210215777 -0.107753746 0.104421452 0.135215655 -0.022176558 0.002628948 0.990564525
1341846323.305946 0.221615463 -0.117841333 0.107796580 0.129622623 -0.027237466 0.002854074 0.991185188
1341846323.342027 0.255566448 -0.141814604 0.106522985 0.126902685 -0.029039616 0.000558185 0.991489887
1341846323.374048 0.229177102 -0.140302613 0.110778607 0.128384128 -0.023924962 0.003600221 0.991429389
1341846323.405987 0.217231616 -0.149260119 0.094624311 0.128239110 -0.027617747 0.008434656 0.991322815
1341846323.441956 0.235393807 -0.168610111 0.104839891 0.128204167 -0.033152074 0.011121187 0.991131127
1341846323.473878 0.241725639 -0.189656436 0.099984691 0.130761698 -0.032449346 0.009717906 0.990835011
1341846323.506129 0.231654972 -0.175248995 0.106960796 0.135170892 -0.031414550 0.008124244 0.990290821
1341846323.541972 0.241326407 -0.176733226 0.099971294 0.133597106 -0.032005798 0.005180907 0.990505278
1341846323.573913 0.264062017 -0.193814650 0.085906200 0.131369323 -0.029549927 0.000423738 0.990892947
1341846323.609927 0.244892746 -0.190184593 0.099857070 0.133308768 -0.021727217 -0.003916878 0.990828633
1341846323.642014 0.225362808 -0.196348503 0.087567575 0.132343635 -0.018475557 -0.004206690 0.991022766
1341846323.674081 0.229250565 -0.210641131 0.100917682 0.132113069 -0.020624455 -0.000107857 0.991020083
1341846323.710069 0.232588559 -0.225840658 0.098178603 0.133251816 -0.022702450 0.003654573 0.990815461
1341846323.742111 0.231716737 -0.239371255 0.096497603 0.137076169 -0.024706632 0.003848795 0.990244925
1341846323.774928 0.233535230 -0.233421192 0.092455685 0.140885666 -0.027031746 0.001775652 0.989655256
1341846323.810012 0.233166128 -0.236779258 0.097784646 0.142969221 -0.028028935 -0.001879863 0.989328444
1341846323.842207 0.236147985 -0.246596098 0.074662402 0.143589810 -0.027774211 -0.006792548 0.989224195
1341846323.878019 0.229606643 -0.258194983 0.084249273 0.144259721 -0.028288288 -0.011116786 0.989072978
1341846323.909826 0.230604619 -0.271612853 0.091206141 0.147400528 -0.029813182 -0.015303181 0.988509059
1341846323.942459 0.229381993 -0.263429314 0.084210008 0.151852787 -0.029962955 -0.014578507 0.987841368
1341846323.978055 0.222559422 -0.273388177 0.083046690 0.153466001 -0.032529041 -0.013880191 0.987520874
1341846324.015934 0.232310995 -0.277039468 0.074994311 0.156779453 -0.034845840 -0.012817461 0.986935556
1341846324.047722 0.251462966 -0.268385828 0.066099875 0.160759613 -0.034759879 -0.013773107 0.986285150
1341846324.083904 0.250261664 -0.256718516 0.070536934 0.161365181 -0.033176780 -0.014321688 0.986232996
1341846324.115968 0.251772851 -0.247626826 0.081878722 0.159761056 -0.031599410 -0.015239195 0.986532152
1341846324.151967 0.262764096 -0.246730939 0.074014157 0.159294859 -0.029156869 -0.019812107 0.986601532
1341846324.183941 0.243350744 -0.235695913 0.089822799 0.157367900 -0.023440829 -0.023992823 0.986970246
1341846324.219984 0.238554314 -0.225392729 0.080539860 0.153210968 -0.021271288 -0.022619173 0.987705588
1341846324.251968 0.232614592 -0.227394283 0.088814609 0.152429372 -0.020750992 -0.022867609 0.987831891
1341846324.284052 0.226146832 -0.217002556 0.085178733 0.152848288 -0.021223914 -0.024444398 0.987719357
1341846324.319880 0.223032042 -0.212344021 0.076302089 0.150920570 -0.024265788 -0.025743537 0.987912714
1341846324.351917 0.230268732 -0.184763089 0.096113667 0.149425879 -0.028229183 -0.026526259 0.988013923
1341846324.388001 0.238181323 -0.180197701 0.086740732 0.144740030 -0.028007466 -0.031353500 0.988576293
1341846324.419908 0.232042864 -0.163555279 0.103885859 0.140902802 -0.025592495 -0.033712465 0.989118278
1341846324.452027 0.226784989 -0.163968086 0.107186660 0.136076212 -0.024926167 -0.034019429 0.989800334
1341846324.487928 0.223334774 -0.156849280 0.096828736 0.134435654 -0.024934078 -0.032621715 0.990071356
1341846324.519985 0.214597061 -0.141828179 0.089282721 0.133181900 -0.026842570 -0.027858820 0.990336359
1341846324.556001 0.217892632 -0.126926795 0.096679986 0.131794408 -0.032177202 -0.024282543 0.990457118
1341846324.587888 0.215000078 -0.109166697 0.109684311 0.129016936 -0.035262261 -0.022250058 0.990765512
1341846324.620086 0.215531990 -0.106111474 0.113057762 0.126434341 -0.037549432 -0.024610573 0.990958571
1341846324.655955 0.217857987 -0.091322497 0.118520468 0.125944719 -0.038831141 -0.026314739 0.990927696
1341846324.688082 0.217778683 -0.086610429 0.119714968 0.125020459 -0.038694147 -0.024884926 0.991087019
1341846324.755922 0.205880210 -0.052552152 0.106913477 0.126489475 -0.041207530 -0.021801041 0.990871847
1341846324.814016 0.221224785 -0.015354546 0.118516453 0.122174218 -0.047439557 -0.025932876 0.991035044
1341846324.849979 0.211615965 -0.013982942 0.127802715 0.116130047 -0.044045992 -0.027352294 0.991879880
1341846324.881924 0.200584635 -0.004345221 0.131297529 0.113773219 -0.044339631 -0.028189488 0.992116451
1341846324.913902 0.208244368 0.003744821 0.141475186 0.112743430 -0.046568152 -0.024694698 0.992225111
1341846324.949999 0.207224250 -0.000022714 0.144886777 0.112680376 -0.046936419 -0.021239595 0.992294848
1341846324.981922 0.201577693 0.009293272 0.138971642 0.117157057 -0.049619075 -0.017554251 0.991717756
1341846325.018013 0.198713452 0.024757046 0.139472082 0.121716917 -0.054478716 -0.015990606 0.990939677
1341846325.050079 0.194074839 0.039619319 0.138880491 0.123494476 -0.059091020 -0.016801883 0.990441918
1341846325.081901 0.190078154 0.052733302 0.133930951 0.122822382 -0.063328713 -0.019748021 0.990209162
1341846325.118531 0.201756537 0.077110030 0.137670100 0.119965427 -0.065464564 -0.022753241 0.990356028
1341846325.149933 0.200043485 0.075979412 0.140935913 0.113916107 -0.062889829 -0.024215631 0.991202116
1341846325.181925 0.194497332 0.080752037 0.139564916 0.110834830 -0.061218373 -0.022559514 0.991695046
1341846325.218055 0.198909149 0.083237231 0.142867222 0.107610591 -0.062211290 -0.017935069 0.992082715
1341846325.249811 0.192712009 0.095904022 0.139004409 0.105704874 -0.061400253 -0.014342845 0.992396474
1341846325.285925 0.196165174 0.101440907 0.149216667 0.103114218 -0.062687986 -0.011868057 0.992621243
1341846325.317988 0.213881701 0.094996192 0.157041162 0.099914536 -0.061937846 -0.008578312 0.993029356
1341846325.349844 0.208759636 0.094028041 0.157912463 0.102972113 -0.056855828 -0.005581156 0.993042290
1341846325.387302 0.210153118 0.105608329 0.159761697 0.107875824 -0.054357320 -0.003340563 0.992671609
1341846325.417931 0.218753606 0.114269137 0.166642323 0.110961393 -0.050008893 0.000203001 0.992565691
1341846325.450747 0.233016461 0.099878460 0.163792238 0.113885790 -0.043568559 0.004152847 0.992529452
1341846325.485954 0.213042289 0.124432117 0.171779111 0.124149792 -0.035386223 0.005224779 0.991618574
1341846325.517875 0.207838520 0.137046307 0.169556648 0.128339082 -0.032132920 0.007526778 0.991181076
1341846325.553859 0.208215967 0.142725632 0.174950168 0.131508633 -0.028766870 0.007650805 0.990868092
1341846325.585855 0.205793470 0.163575649 0.172233284 0.134644002 -0.025545830 0.005430343 0.990549803
1341846325.617990 0.198659524 0.184993699 0.176315069 0.132613361 -0.022987038 0.003902161 0.990893602
1341846325.653982 0.196736977 0.164406434 0.175719768 0.128404170 -0.020924315 0.001182127 0.991500437
1341846325.685819 0.196374938 0.168726549 0.180995345 0.134131029 -0.019834975 0.003145449 0.990760148
1341846325.717857 0.190957248 0.183861271 0.188054293 0.138780415 -0.018781142 0.010043096 0.990094185
1341846325.754083 0.187283263 0.185750470 0.187646300 0.141461492 -0.018889198 0.014137700 0.989662588
1341846325.786087 0.193806261 0.190219551 0.187909722 0.147935838 -0.018959956 0.016519384 0.988677204
1341846325.821856 0.193667203 0.210163131 0.187881365 0.152265474 -0.017399017 0.017364828 0.988033891
1341846325.853827 0.189120993 0.214453116 0.190099061 0.152854174 -0.016789505 0.021133255 0.987880170
1341846325.885958 0.167711541 0.234372735 0.187309936 0.154244289 -0.017742699 0.026074531 0.987529278
1341846325.921984 0.174196869 0.235536560 0.188789889 0.152459592 -0.021978637 0.030557828 0.987592638
1341846325.953899 0.192523256 0.234320372 0.199552268 0.155005366 -0.023666248 0.032481238 0.987095833
1341846325.985823 0.188316226 0.248994112 0.201475739 0.158294424 -0.020556901 0.036138963 0.986516237
1341846326.021991 0.186804682 0.247285023 0.195930839 0.160015032 -0.021095254 0.043409500 0.985934019
1341846326.054055 0.186884657 0.262811482 0.204492986 0.165931702 -0.021501083 0.045637134 0.984845996
1341846326.089984 0.197293505 0.281366706 0.206072688 0.168705598 -0.020933883 0.045664005 0.984385610
1341846326.121822 0.192161486 0.292816222 0.213439509 0.168734610 -0.016063323 0.043214019 0.984582722
1341846326.154079 0.189049706 0.298090667 0.221030608 0.169629186 -0.013503851 0.042453643 0.984500587
1341846326.190178 0.181188390 0.305330426 0.217220351 0.171589851 -0.013271493 0.044121616 0.984090507
1341846326.222162 0.174610630 0.328196853 0.212446064 0.171743408 -0.014748042 0.050054114 0.983758807
1341846326.259181 0.179201573 0.337879777 0.219382063 0.168770716 -0.017769327 0.052759234 0.984081924
1341846326.322766 0.183727756 0.362984836 0.232857868 0.161975548 -0.018648464 0.051511802 0.985272944
1341846326.359773 0.182732671 0.367512941 0.236827940 0.158156037 -0.016719608 0.049849804 0.986013234
1341846326.392109 0.186880276 0.358889967 0.245264798 0.155904412 -0.015484273 0.051900726 0.986286163
1341846326.423985 0.181808829 0.367432505 0.239421695 0.160345078 -0.014115770 0.055468794 0.985400140
1341846326.459869 0.175769567 0.381486267 0.239793286 0.162489027 -0.016351264 0.058837730 0.984818816
1341846326.526163 0.187091798 0.419208050 0.256889910 0.164139882 -0.015617564 0.058893662 0.984553576
1341846326.560211 0.184696421 0.423481196 0.267378241 0.159097850 -0.011715163 0.058764707 0.985442758
1341846326.591828 0.178968772 0.422532976 0.267047167 0.155484021 -0.008855047 0.059666116 0.985995054
1341846326.627027 0.187143371 0.439611733 0.267644227 0.155624256 -0.008309881 0.059811614 0.985968888
1341846326.658442 0.189782843 0.462190688 0.273216397 0.154217139 -0.004793891 0.059256930 0.986246765
1341846326.694856 0.182071179 0.481398910 0.278278798 0.151538625 -0.000983688 0.059457105 0.986661017
1341846326.726206 0.181822181 0.496949166 0.278610438 0.146378919 0.000500924 0.056767847 0.987598300
1341846326.762753 0.187212601 0.511161566 0.278325826 0.140849814 0.003164498 0.053416684 0.988583803
1341846326.826821 0.181259185 0.528725207 0.277696073 0.124953561 0.010072136 0.050109301 0.990845203
1341846326.858887 0.179304495 0.527780235 0.294214427 0.116846636 0.011358112 0.049522497 0.991849482
1341846326.895360 0.171289533 0.520049572 0.298436522 0.113953255 0.011295930 0.050696414 0.992127478
1341846326.926897 0.167986184 0.526549757 0.297828496 0.115655616 0.007879343 0.052278083 0.991881371
1341846326.958888 0.181355685 0.545286000 0.305170685 0.119219214 0.004189766 0.055059720 0.991331279
1341846326.994594 0.183201313 0.562940657 0.305874974 0.120738678 0.004513353 0.056184486 0.991082788
1341846327.026301 0.181534857 0.579821706 0.310384601 0.118957132 0.006587731 0.054897897 0.991358697
1341846327.063945 0.186104611 0.580762327 0.318852663 0.116170548 0.008403785 0.052249677 0.991818428
1341846327.094662 0.182780832 0.589802325 0.315555036 0.115730502 0.011031762 0.050016504 0.991959214
1341846327.128901 0.183366150 0.599121034 0.321237206 0.114987701 0.010936448 0.049095731 0.992092669
1341846327.161940 0.180664197 0.615711749 0.321177721 0.114647627 0.010129577 0.048108369 0.992188990
1341846327.193867 0.167809412 0.620162129 0.304477006 0.113277577 0.013615091 0.043535110 0.992515743
1341846327.229885 0.153997853 0.642763436 0.284491420 0.115061551 0.018559018 0.040940832 0.992340803
1341846327.262014 0.126654118 0.648853660 0.274021029 0.114285290 0.027776334 0.033344053 0.992499650
1341846327.294023 0.084976666 0.638288736 0.271430314 0.114493027 0.046514686 0.025737867 0.992000639
1341846327.330015 0.056504093 0.663334429 0.253804803 0.118358359 0.060301930 0.023332125 0.990863621
1341846327.361939 0.022749830 0.668380320 0.256957889 0.114431053 0.071208723 0.016445557 0.990739346
1341846327.393887 -0.010099238 0.672898352 0.261163682 0.112459041 0.079189740 0.011198239 0.990432501
1341846327.429966 -0.036186993 0.695284426 0.235278130 0.110088982 0.083224170 0.007013004 0.990406513
1341846327.461965 -0.031860638 0.685340703 0.220805198 0.097239628 0.076861069 0.004872302 0.992276728
1341846327.497931 -0.053471714 0.683824539 0.228924513 0.092592560 0.080099851 0.002713202 0.992473364
1341846327.530068 -0.097183451 0.685094118 0.231842473 0.089404926 0.087774307 0.004906221 0.992108047
1341846327.561895 -0.133850768 0.690964997 0.237396404 0.087151460 0.091589324 0.008782092 0.991936982
1341846327.598010 -0.142993987 0.689554811 0.239490569 0.087417886 0.089754447 0.012423240 0.992042303
1341846327.629945 -0.183850542 0.693138361 0.233109325 0.084721647 0.091703385 0.009486116 0.992130458
1341846327.662003 -0.214180201 0.685725629 0.242274955 0.083041467 0.094225109 0.006533214 0.992060006
1341846327.697919 -0.215373784 0.713962615 0.240273342 0.087698177 0.093907565 0.006611353 0.991688848
1341846327.730075 -0.248864159 0.714531302 0.228026852 0.080132440 0.098471768 0.008869990 0.991868675
1341846327.766017 -0.267655075 0.711239994 0.233222991 0.073907621 0.101566389 0.009474728 0.992034376
1341846327.797917 -0.274910390 0.731583953 0.233854592 0.070506543 0.102586232 0.012230819 0.992146850
1341846327.830054 -0.280618399 0.730137289 0.235570371 0.063079342 0.103526182 0.012198895 0.992549539
1341846327.865944 -0.282773495 0.734834850 0.245525062 0.059097506 0.105721489 0.011505955 0.992571414
1341846327.898010 -0.285178930 0.723542631 0.240781114 0.051561579 0.106716633 0.013297106 0.992862642
1341846327.929991 -0.286903888 0.740076303 0.244520381 0.048316598 0.105631724 0.011083102 0.993169010
1341846327.966065 -0.283323854 0.760349810 0.245953873 0.046389703 0.105759554 0.009251147 0.993265986
1341846327.998073 -0.280448616 0.763413846 0.246065915 0.038971469 0.106408596 0.007467656 0.993530452
1341846328.034045 -0.295070589 0.770289600 0.246801302 0.033099648 0.110478878 0.005760737 0.993310452
1341846328.065993 -0.309895217 0.772678256 0.257199883 0.027947888 0.114095025 0.006456943 0.993055701
1341846328.098045 -0.300387383 0.754881680 0.254864693 0.024880810 0.112815969 0.008078272 0.993271470
1341846328.133967 -0.301571190 0.754563749 0.249607250 0.027942479 0.111258507 0.011907119 0.993327260
1341846328.166023 -0.300508738 0.754716694 0.248793840 0.028005864 0.107518330 0.013140813 0.993721724
1341846328.198018 -0.303570300 0.745113194 0.249649763 0.027591556 0.105509125 0.009844091 0.993986785
1341846328.234044 -0.306623071 0.723786771 0.241851896 0.027918112 0.104108430 0.008770150 0.994135380
1341846328.265899 -0.313875467 0.722499669 0.243034557 0.031505156 0.103603944 0.009090013 0.994077981
1341846328.302051 -0.309869647 0.725421190 0.245553970 0.038050052 0.102335505 0.009764864 0.993974030
1341846328.333917 -0.330420583 0.715351939 0.260298282 0.042677280 0.105184987 0.010517517 0.993480861
1341846328.366008 -0.323057473 0.717673719 0.269628078 0.051060248 0.102272317 0.009595531 0.993398845
1341846328.402010 -0.323992848 0.726660907 0.275090337 0.068580754 0.103349805 0.013183313 0.992190361
1341846328.433920 -0.317125440 0.697338283 0.268198758 0.068822920 0.099011295 0.016425939 0.992567539
1341846328.470003 -0.330206960 0.671340227 0.280918419 0.068121463 0.100908458 0.006923210 0.992536664
1341846328.502194 -0.339151084 0.678611338 0.277970403 0.074989073 0.105248332 -0.001470238 0.991613448
1341846328.534033 -0.367734760 0.678118944 0.295668364 0.079847686 0.113002501 -0.004223061 0.990372121
1341846328.570125 -0.394542992 0.665245295 0.306003213 0.083642222 0.118008636 -0.002109672 0.989481449
1341846328.602804 -0.425453097 0.651222825 0.312427819 0.090588108 0.118074514 -0.003917594 0.988856375
1341846328.672663 -0.451554537 0.619016588 0.308428258 0.099869512 0.111231476 -0.009219228 0.988720715
1341846328.702975 -0.448545963 0.611418903 0.317865431 0.103588864 0.108077586 -0.010192834 0.988678277
1341846328.770129 -0.452003300 0.598445296 0.306879550 0.115351111 0.106256418 -0.015040558 0.987510741
1341846328.802331 -0.443687409 0.585466146 0.307848632 0.116446406 0.101499088 -0.014600628 0.987889171
1341846328.838051 -0.441983581 0.592394352 0.316782892 0.124327265 0.099745177 -0.019765446 0.987017214
1341846328.869939 -0.446178764 0.596126020 0.308585972 0.125003904 0.099049047 -0.020284027 0.986991346
1341846328.904486 -0.447311372 0.592303693 0.312859416 0.122716732 0.096600160 -0.021319412 0.987499118
1341846328.939814 -0.435005009 0.596242666 0.315940917 0.131420791 0.092332207 -0.021816960 0.986776233
1341846328.970217 -0.451099157 0.583170891 0.308068067 0.132531002 0.092714176 -0.017643055 0.986675382
1341846329.006232 -0.445214152 0.585697472 0.312340111 0.136419356 0.089398354 -0.013620472 0.986515164
1341846329.038243 -0.447969317 0.587523341 0.318316430 0.144655272 0.089937486 -0.014476364 0.985279918
1341846329.106125 -0.452289641 0.592530191 0.303293318 0.149272457 0.089690149 -0.014409925 0.984614551
1341846329.138340 -0.440705955 0.584903836 0.297762573 0.151875973 0.086815886 -0.016780145 0.984436452
1341846329.169991 -0.440474540 0.583807826 0.292055577 0.153587058 0.085560769 -0.017805612 0.984262824
1341846329.208656 -0.427594095 0.578869104 0.287776291 0.155087441 0.082008265 -0.017038500 0.984343529
1341846329.238169 -0.435573250 0.574143648 0.284807950 0.153250232 0.082693577 -0.017855240 0.984559476
1341846329.273827 -0.439793348 0.559358716 0.277371049 0.151022732 0.082286350 -0.016374929 0.984963477
1341846329.306052 -0.446888089 0.562367082 0.271423876 0.152446151 0.081108496 -0.019099494 0.984792769
1341846329.338104 -0.445419133 0.552100658 0.269406676 0.147016227 0.079841800 -0.021958534 0.985661924
1341846329.373907 -0.450227171 0.535068512 0.263596326 0.143642724 0.079779066 -0.021785894 0.986168087
1341846329.405985 -0.444992661 0.552412093 0.266303539 0.149748221 0.077715516 -0.025282996 0.985340834
1341846329.442057 -0.443282336 0.537950814 0.262496084 0.146423832 0.077241622 -0.029807892 0.985751212
1341846329.473950 -0.446350992 0.525022328 0.257920891 0.144575328 0.076669760 -0.035046104 0.985896289
1341846329.506147 -0.455347866 0.528825879 0.257671803 0.146255687 0.076324314 -0.037012134 0.985603392
1341846329.542121 -0.449752539 0.495924383 0.246730313 0.140307024 0.071598582 -0.036856603 0.986827850
1341846329.574086 -0.438500494 0.476362109 0.237641096 0.140883982 0.067536265 -0.039079070 0.986946523
1341846329.606387 -0.447880179 0.485836357 0.235727847 0.145355538 0.068735033 -0.040983625 0.986137748
1341846329.641955 -0.454628855 0.479770213 0.234815955 0.145157501 0.067943342 -0.038768284 0.986311316
1341846329.681570 -0.459993094 0.466761470 0.234812438 0.143190295 0.066047214 -0.039808992 0.986686170
1341846329.748113 -0.479196787 0.455239356 0.232819095 0.144039035 0.070169970 -0.042393677 0.986170232
1341846329.810175 -0.512004495 0.426056325 0.243778616 0.140991628 0.078640848 -0.037536122 0.986168325
1341846329.842255 -0.514939666 0.417209029 0.240710974 0.142614543 0.078412585 -0.034420718 0.986066818
1341846329.874044 -0.517113030 0.392839432 0.242813036 0.141156137 0.078388587 -0.031964779 0.986361206
1341846329.910073 -0.530115008 0.404483974 0.251849473 0.143450201 0.080285795 -0.029961297 0.985940456
1341846329.942009 -0.528724611 0.403214872 0.249257565 0.139245793 0.079257078 -0.024742041 0.986770868
1341846329.978087 -0.529251397 0.364152312 0.238520712 0.133333504 0.078376450 -0.024842113 0.987654924
1341846330.016305 -0.517686367 0.361641079 0.225006163 0.133507952 0.077433512 -0.027967039 0.987622201
1341846330.048192 -0.519081414 0.379268736 0.230569899 0.133041844 0.078659602 -0.025191708 0.987662852
1341846330.080418 -0.514401853 0.355383039 0.227131441 0.125955641 0.078023091 -0.022553112 0.988705695
1341846330.115886 -0.521168709 0.314313978 0.221281216 0.124089621 0.080274142 -0.022137739 0.988770843
1341846330.147839 -0.532737851 0.345046401 0.232544497 0.130620360 0.082091160 -0.021604883 0.987791777
1341846330.181257 -0.528559029 0.361868173 0.219265014 0.127656862 0.080327451 -0.017086508 0.988412499
1341846330.215852 -0.525122762 0.340066105 0.223363504 0.119444184 0.080965035 -0.016211785 0.989401340
1341846330.247833 -0.535481989 0.332130522 0.234363422 0.117266998 0.083217584 -0.017394016 0.989454746
1341846330.283913 -0.544269919 0.342925191 0.221980557 0.114586681 0.083340891 -0.015830928 0.989784598
1341846330.316011 -0.530639768 0.326563716 0.234716296 0.107074834 0.081317529 -0.015415109 0.990800083
1341846330.347868 -0.534566224 0.312118262 0.233042434 0.103206791 0.080236912 -0.016530374 0.991280556
1341846330.383835 -0.522087395 0.317956626 0.232479990 0.102490976 0.078415059 -0.016132271 0.991507173
1341846330.415934 -0.531743944 0.279100180 0.226757497 0.096885577 0.080957130 -0.018041022 0.991833508
1341846330.452561 -0.546972930 0.271027446 0.213681340 0.098208383 0.081854761 -0.019521201 0.991601646
1341846330.483903 -0.560583532 0.277984142 0.217527688 0.098815016 0.081928715 -0.018864838 0.991548002
1341846330.515970 -0.551848292 0.258268654 0.216690972 0.095176004 0.078387216 -0.014426081 0.992264509
1341846330.552099 -0.553012252 0.265693307 0.213804260 0.098231100 0.077091105 -0.012951694 0.992088616
1341846330.583876 -0.552312195 0.278571695 0.215174198 0.099215232 0.076328307 -0.012190534 0.992059350
1341846330.619992 -0.570125341 0.290562212 0.219037890 0.096560337 0.077928819 -0.011664998 0.992203176
1341846330.652136 -0.557947099 0.271832228 0.212088048 0.086631492 0.074516580 -0.012578893 0.993370056
1341846330.683796 -0.562233388 0.267908365 0.208596379 0.081783511 0.075119294 -0.012172647 0.993740618
1341846330.719991 -0.566502273 0.241029024 0.204045340 0.076026887 0.073210120 -0.010480012 0.994359314
1341846330.752103 -0.574515164 0.243767604 0.198228538 0.078443684 0.069881573 -0.006919455 0.994442225
1341846330.787952 -0.582555413 0.238329768 0.191181391 0.078051396 0.065852642 -0.002724679 0.994768322
1341846330.819823 -0.580387950 0.238244429 0.175799534 0.077608131 0.061025642 -0.002836623 0.995110452
1341846330.852208 -0.579901576 0.249703750 0.161075473 0.077964008 0.058718175 -0.000957615 0.995225012
1341846330.914111 -0.583281219 0.278034270 0.169483110 0.071979433 0.056243636 -0.001143924 0.995818436
1341846330.949903 -0.607472956 0.255427957 0.174593344 0.066443056 0.058848709 -0.000741727 0.996053040
1341846330.981986 -0.611760795 0.245951355 0.165643647 0.064937614 0.053899806 -0.003552691 0.996426284
1341846331.014111 -0.590102136 0.250805080 0.150801331 0.064636350 0.046406314 -0.000850880 0.996828914
1341846331.082139 -0.605307043 0.260203689 0.159284681 0.067976691 0.046413705 -0.003580642 0.996600270
1341846331.114334 -0.619630098 0.256291300 0.149087653 0.066607989 0.045954764 -0.004279712 0.996711254
1341846331.149989 -0.608614206 0.240543783 0.149959326 0.064843901 0.043325894 -0.004269565 0.996945262
1341846331.181954 -0.620094180 0.238348097 0.144344032 0.067453042 0.044414595 -0.006778441 0.996710360
1341846331.218151 -0.622093797 0.251009822 0.132824153 0.068033643 0.040764228 -0.005249374 0.996836066
1341846331.249914 -0.624331176 0.238012314 0.126476794 0.064452969 0.040353544 -0.008259343 0.997070312
1341846331.318141 -0.662754178 0.223748788 0.119316019 0.072161488 0.056406435 -0.015659342 0.995673537
1341846331.349926 -0.677899957 0.220645666 0.113899007 0.070215210 0.061469477 -0.016070105 0.995506465
1341846331.382003 -0.731479168 0.174313352 0.145852789 0.067559980 0.078530572 -0.027175048 0.994248509
1341846331.418008 -0.753964007 0.192532480 0.143168241 0.076332383 0.090024784 -0.022676561 0.992751062
1341846331.450327 -0.734762013 0.216303557 0.131293133 0.082206704 0.090199746 -0.017480075 0.992371202
1341846331.486219 -0.714247465 0.229209885 0.120810591 0.083712108 0.088046104 -0.014306353 0.992489576
1341846331.518344 -0.716004610 0.208961189 0.115226604 0.079697512 0.090262264 -0.017260386 0.992573977
1341846331.550202 -0.721372068 0.204098850 0.134636313 0.082026847 0.097080886 -0.018232813 0.991723001
1341846331.586139 -0.705993474 0.232876539 0.136394963 0.087618604 0.094742633 -0.016460720 0.991501808
1341846331.617931 -0.702555120 0.239842698 0.140035257 0.088109739 0.094865993 -0.016406814 0.991447449
1341846331.654027 -0.715257466 0.229017869 0.151350066 0.087511688 0.100724682 -0.017723406 0.990899682
1341846331.686123 -0.687659383 0.237553284 0.147531942 0.090645567 0.097996213 -0.014775370 0.990939856
1341846331.717954 -0.701947689 0.249298945 0.157504827 0.089186192 0.099703781 -0.015628008 0.990888894
1341846331.754076 -0.703193903 0.235187665 0.168021604 0.085695803 0.101888478 -0.016457401 0.990961194
1341846331.785920 -0.712940753 0.241826877 0.180333391 0.090128534 0.106341921 -0.017227566 0.990086615
1341846331.818053 -0.728576005 0.246238187 0.192162976 0.089857854 0.111004524 -0.017275602 0.989598453
1341846331.853849 -0.685429215 0.239008367 0.180177227 0.088039853 0.104008459 -0.017310547 0.990520835
1341846331.885987 -0.672291815 0.252735466 0.184363037 0.093600333 0.105241343 -0.020407140 0.989821613
1341846331.922014 -0.679012239 0.258038908 0.189254373 0.095626958 0.109843910 -0.021248186 0.989109874
1341846331.954037 -0.704119325 0.260189027 0.200065494 0.096148826 0.117799468 -0.021065004 0.988147259
1341846331.986135 -0.713394582 0.262841195 0.208950087 0.100782767 0.125773519 -0.021788513 0.986685932
1341846332.022364 -0.726091623 0.271553606 0.226705521 0.109338291 0.132129237 -0.022305384 0.984931231
1341846332.054175 -0.717221677 0.277448773 0.240381464 0.115957156 0.130250886 -0.019836497 0.984477103
1341846332.086502 -0.692791045 0.287840575 0.254287720 0.120901644 0.126830056 -0.019824389 0.984329164
1341846332.122051 -0.706765652 0.283931315 0.252384931 0.120871849 0.130683452 -0.022709077 0.983766317
1341846332.153983 -0.724435568 0.290026993 0.263502896 0.119220428 0.133703113 -0.025761520 0.983486831
1341846332.190165 -0.721730053 0.289393216 0.277417898 0.112760596 0.132493928 -0.025742292 0.984412432
1341846332.254145 -0.708983004 0.299898058 0.302595019 0.117465086 0.131879061 -0.027847804 0.983887374
1341846332.289948 -0.728818119 0.297919482 0.314265758 0.118894719 0.135027632 -0.026544256 0.983324468
1341846332.322172 -0.719003022 0.302587718 0.326739103 0.121140815 0.133407012 -0.024862483 0.983315527
1341846332.354003 -0.702702165 0.296646327 0.327460259 0.123140894 0.133483484 -0.027371125 0.982990026
1341846332.390180 -0.710579157 0.308124244 0.336264610 0.124737374 0.139880285 -0.031471454 0.981775820
1341846332.422055 -0.706947446 0.337236047 0.356158882 0.128836378 0.142484233 -0.035220809 0.980744064
1341846332.458114 -0.705393612 0.321523368 0.359123081 0.125158191 0.145417854 -0.039058685 0.980644464
1341846332.489993 -0.719186425 0.328929394 0.379373759 0.127256766 0.149302885 -0.037789278 0.979839981
1341846332.522130 -0.734370887 0.329755664 0.377868950 0.126972556 0.146938354 -0.032320745 0.980429709
1341846332.558114 -0.748482645 0.330788136 0.379519284 0.127925858 0.144800067 -0.027376581 0.980774403
1341846332.589874 -0.757236481 0.336067557 0.391063601 0.128381148 0.144727722 -0.024208911 0.980808914
1341846332.621889 -0.759983063 0.338396072 0.395176977 0.123446733 0.145918965 -0.023912834 0.981273055
1341846332.658202 -0.779388428 0.332776457 0.412961125 0.118802972 0.151750505 -0.026795210 0.980887175
1341846332.690001 -0.786401868 0.333443463 0.423879087 0.116900519 0.154788166 -0.025715558 0.980669975
1341846332.726000 -0.799961925 0.330940545 0.447320491 0.116689928 0.156746507 -0.022658281 0.980459392
1341846332.758386 -0.798308969 0.329509914 0.442035049 0.116756864 0.154494703 -0.023833029 0.980780959
1341846332.789937 -0.803628922 0.320833147 0.437818021 0.112461358 0.157145172 -0.024621971 0.980842292
1341846332.825925 -0.811837912 0.326098502 0.447396368 0.112559952 0.160912037 -0.025678929 0.980192959
1341846332.857898 -0.832551062 0.325165033 0.458515167 0.113134988 0.166861579 -0.026055710 0.979121506
1341846332.894069 -0.848178923 0.321656257 0.464818507 0.110195413 0.169907287 -0.026469210 0.978921771
1341846332.926029 -0.865551770 0.313003689 0.470997214 0.103036039 0.174652964 -0.029571695 0.978777587
1341846332.958015 -0.886355281 0.308790267 0.476508826 0.098574989 0.181353778 -0.032307900 0.977931499
1341846332.994073 -0.908431649 0.303671747 0.481002927 0.093504682 0.186699003 -0.034741674 0.977339983
1341846333.026545 -0.937938571 0.288380027 0.493774325 0.086422920 0.194646731 -0.038001399 0.976319432
1341846333.057998 -0.966679513 0.278293848 0.508376896 0.082426503 0.203100652 -0.039234042 0.974893153
1341846333.094024 -0.987323165 0.270271719 0.505899966 0.081177831 0.206972674 -0.036550410 0.974287748
1341846333.126095 -1.024542451 0.266467422 0.523145080 0.081353575 0.216487125 -0.033235848 0.972322166
1341846333.161973 -1.057958603 0.251248866 0.527471781 0.073002949 0.225151017 -0.036658436 0.970893264
1341846333.195660 -1.095123768 0.247178197 0.544373691 0.070361920 0.234757200 -0.033288974 0.968932509
1341846333.226331 -1.147149444 0.248790622 0.562347114 0.068986923 0.245775014 -0.033216346 0.966298163
1341846333.262056 -1.164890051 0.243925318 0.556873202 0.063950270 0.248986274 -0.032905143 0.965833068
1341846333.294147 -1.193998814 0.229690447 0.573436618 0.057036918 0.256424755 -0.034633666 0.964258075
1341846333.326100 -1.180669069 0.227190226 0.574037075 0.054338291 0.253451318 -0.034311794 0.965211093
1341846333.362100 -1.180556536 0.228381559 0.572844446 0.050030231 0.253444731 -0.035716716 0.965394795
1341846333.394119 -1.194715023 0.223866045 0.582864940 0.046506505 0.255216688 -0.035179518 0.965123832
1341846333.429974 -1.218047500 0.218083739 0.586529613 0.044253048 0.257988214 -0.034406647 0.964520574
1341846333.462115 -1.233205438 0.217557758 0.599422455 0.043603595 0.261863738 -0.035598915 0.963461876
1341846333.494040 -1.257406354 0.218706459 0.608416915 0.044423290 0.267689437 -0.038334381 0.961716890
1341846333.529953 -1.286071301 0.223241553 0.626922190 0.046494566 0.274766654 -0.036970995 0.959674239
1341846333.562063 -1.306372523 0.223539829 0.636626244 0.047267765 0.281065613 -0.035670999 0.957859814
1341846333.594090 -1.336414814 0.221881941 0.647343516 0.045084842 0.286094248 -0.033139590 0.956566393
1341846333.629994 -1.360699415 0.224793598 0.661193609 0.041820940 0.288953632 -0.032523267 0.955876052
1341846333.662127 -1.376835465 0.224680677 0.670769691 0.038655471 0.290887356 -0.031292003 0.955463827
1341846333.697964 -1.399078608 0.223033026 0.685996056 0.037841558 0.295649707 -0.029425398 0.954093039
1341846333.730092 -1.425055504 0.222548231 0.696202040 0.040032513 0.299978495 -0.028119665 0.952690721
1341846333.762089 -1.438519597 0.228752360 0.701448262 0.042989567 0.303009659 -0.027203653 0.951628625
1341846333.798006 -1.466674328 0.227218017 0.708935082 0.044257324 0.308452666 -0.028045015 0.949795663
1341846333.830055 -1.488285542 0.237522870 0.718172491 0.048636988 0.313522011 -0.030859798 0.947832286
1341846333.866045 -1.500206232 0.238204286 0.720459640 0.049189523 0.316428900 -0.032670978 0.946776509
1341846333.897987 -1.497500777 0.241785884 0.720417917 0.051687200 0.315643132 -0.034169406 0.946852863
1341846333.930099 -1.514125228 0.244506940 0.722492278 0.054991085 0.319183290 -0.036947154 0.945374489
1341846333.965889 -1.498216391 0.247809678 0.710183442 0.057638440 0.315612346 -0.036428425 0.946435273
1341846333.997985 -1.517817020 0.253681421 0.720860302 0.062140193 0.320520729 -0.037844297 0.944443166
1341846334.030076 -1.534878731 0.257093817 0.725549102 0.065702379 0.324058086 -0.039274078 0.942935348
1341846334.066000 -1.552522659 0.262044460 0.739221513 0.068845443 0.327134818 -0.037965890 0.941701472
1341846334.097932 -1.567315936 0.271716833 0.743448973 0.072392933 0.329338700 -0.039990537 0.940582871
1341846334.133884 -1.586047769 0.276515782 0.742772579 0.074589543 0.332487017 -0.039641965 0.939317465
1341846334.166115 -1.598061919 0.276850224 0.745992780 0.074657425 0.332615405 -0.039363183 0.939278364
1341846334.198072 -1.594326735 0.290293545 0.742311358 0.078163072 0.329758853 -0.042094093 0.939881742
1341846334.234097 -1.612269878 0.288884580 0.742808580 0.077317692 0.333662450 -0.043979142 0.938486636
1341846334.266045 -1.617226124 0.282641739 0.745465457 0.076714009 0.334813267 -0.042627577 0.938188672
1341846334.297946 -1.622933745 0.282537729 0.750903308 0.078273304 0.333947390 -0.041071307 0.938437819
1341846334.334036 -1.633568287 0.287182301 0.752306640 0.078977071 0.333780110 -0.042802002 0.938361108
1341846334.365871 -1.655101061 0.294718623 0.758037508 0.078624323 0.337943286 -0.045110431 0.936791122
1341846334.401845 -1.664052367 0.292216778 0.762440741 0.076703258 0.339905143 -0.045229342 0.936234772
1341846334.433864 -1.667137146 0.289889455 0.766605377 0.076846026 0.338937998 -0.044448484 0.936610937
1341846334.466105 -1.674803495 0.290924549 0.771364093 0.077460520 0.338458449 -0.043488551 0.936778784
1341846334.502142 -1.687601089 0.291138232 0.772245347 0.076292470 0.338670641 -0.041236769 0.936899781
1341846334.540153 -1.694513559 0.288336277 0.775165617 0.075257294 0.338481426 -0.040653631 0.937077403
1341846334.602351 -1.719406009 0.294583648 0.762645006 0.067514710 0.336035937 -0.047560014 0.938221514
1341846334.670161 -1.730020285 0.295035869 0.756079078 0.061149392 0.334316880 -0.051749405 0.939050019
1341846334.702085 -1.739291430 0.294560373 0.747842431 0.060452361 0.332156032 -0.050142229 0.939948797
1341846334.734751 -1.748389959 0.300199121 0.738712728 0.061763246 0.329832554 -0.049620796 0.940709114
1341846334.770889 -1.759154558 0.302547604 0.728360891 0.063067973 0.328620702 -0.046498951 0.941206038
1341846334.802194 -1.762993813 0.305901349 0.717052281 0.063045345 0.324993014 -0.046286449 0.942476809
1341846334.833908 -1.775466919 0.319927275 0.705111206 0.063702278 0.324737608 -0.050383013 0.942310512
1341846334.869874 -1.779592276 0.318818271 0.689710557 0.061876323 0.323030889 -0.048851456 0.943099141
1341846334.902006 -1.778026700 0.315401256 0.671662807 0.060182743 0.319153875 -0.046246819 0.944658697
1341846334.938010 -1.767480612 0.315539837 0.655690551 0.059275407 0.312582791 -0.046955440 0.946875751
1341846334.970032 -1.753246069 0.323680282 0.638659477 0.060732771 0.308269531 -0.047590241 0.948164880
1341846335.002203 -1.753537178 0.326273859 0.621820033 0.063921332 0.306134701 -0.045621965 0.948743522
1341846335.037880 -1.763686776 0.335604370 0.599966288 0.067431830 0.302068412 -0.044203594 0.949870348
1341846335.069990 -1.762211323 0.340276599 0.585105419 0.067595735 0.297060639 -0.044536084 0.951421201
1341846335.106038 -1.769309640 0.349691033 0.577412367 0.069407649 0.298701048 -0.047296662 0.950643659
1341846335.138045 -1.758558273 0.348778993 0.567577422 0.070666499 0.296098918 -0.046990354 0.951379836
1341846335.169900 -1.770475626 0.354623377 0.552132547 0.071389012 0.293196201 -0.046301570 0.952258229
1341846335.206091 -1.772145271 0.354000032 0.546393931 0.069084786 0.291210175 -0.048681542 0.952918708
1341846335.239365 -1.780378699 0.368653297 0.540541530 0.071461037 0.293249398 -0.053021241 0.951885939
1341846335.269948 -1.781618476 0.367792189 0.539462388 0.072845034 0.293166399 -0.054655489 0.951714218
1341846335.305972 -1.782580614 0.370444894 0.525907040 0.075066477 0.289645523 -0.054682650 0.952617645
1341846335.338012 -1.788538694 0.373717159 0.517714083 0.077047527 0.288320392 -0.054383542 0.952878535
1341846335.374005 -1.800364614 0.371895820 0.516692817 0.081659205 0.291561216 -0.054892313 0.951478124
1341846335.406025 -1.817579269 0.352967381 0.509943485 0.084817186 0.294898838 -0.052800275 0.950290978
1341846335.438079 -1.826737404 0.361842453 0.499068886 0.091185786 0.295117915 -0.051298864 0.949715257
1341846335.473998 -1.838139415 0.368788064 0.499681652 0.094060466 0.298138648 -0.051958352 0.948454678
1341846335.507038 -1.844445229 0.376765728 0.492600113 0.095273487 0.300893009 -0.054431330 0.947324455
1341846335.538040 -1.848667860 0.393582821 0.485400558 0.096377760 0.302311480 -0.057543945 0.946576893
1341846335.574119 -1.865166426 0.389830291 0.493173867 0.093226224 0.304507822 -0.056918576 0.946226239
1341846335.605970 -1.894798279 0.365209311 0.497153044 0.087564707 0.308407605 -0.056754511 0.945513666
1341846335.641978 -1.887597322 0.383640826 0.481752187 0.090879284 0.307170242 -0.060076326 0.945398510
1341846335.673993 -1.908507109 0.373240620 0.483307570 0.087926626 0.310197979 -0.059305973 0.944737494
1341846335.706178 -1.914339781 0.370604008 0.476745844 0.087267689 0.308540523 -0.058268912 0.945405662
1341846335.741982 -1.917222977 0.376216412 0.467583686 0.088582560 0.308110386 -0.059548393 0.945343971
1341846335.773960 -1.949292660 0.372799218 0.476586699 0.086811952 0.313440621 -0.060109984 0.943718970
1341846335.806271 -1.959600449 0.361254305 0.470339686 0.082540177 0.313465476 -0.058450826 0.944198132
1341846335.842031 -1.962757349 0.354237258 0.476086557 0.080466822 0.315185279 -0.057820614 0.943843305
1341846335.873966 -1.967524529 0.355470419 0.472262859 0.081320927 0.316732228 -0.058613412 0.943203092
1341846335.910005 -1.989670753 0.353088468 0.477831364 0.080907419 0.319115847 -0.055703934 0.942611337
1341846335.941936 -2.011794329 0.350357473 0.475825131 0.078887008 0.319856703 -0.056172967 0.942503691
1341846335.974198 -2.024411201 0.355961978 0.477456570 0.078549542 0.321068943 -0.058618952 0.941970527
1341846336.010032 -2.014245987 0.356477380 0.467168331 0.077903986 0.318802208 -0.058798317 0.942782521
1341846336.042129 -2.032635927 0.352894515 0.466074347 0.076464869 0.319198936 -0.056146845 0.942927718
1341846336.078076 -2.047178984 0.345573872 0.473576486 0.074934602 0.319815695 -0.057620861 0.942752659
1341846336.110739 -2.065363169 0.352860481 0.480096430 0.075504690 0.322095662 -0.059927709 0.941786647
1341846336.142002 -2.078236580 0.345451742 0.475171387 0.074624568 0.322552860 -0.057375226 0.941859305
1341846336.183953 -2.087669373 0.348328978 0.475532860 0.074010924 0.320634991 -0.056229249 0.942631364
1341846336.241891 -2.091790676 0.352033824 0.466106117 0.072762698 0.319832295 -0.055076804 0.943069220
1341846336.277946 -2.082959652 0.339045018 0.457398653 0.072121844 0.316889614 -0.051972575 0.944287241
1341846336.309977 -2.060791492 0.342806309 0.403539956 0.075603545 0.307033300 -0.048878059 0.947431028
1341846336.346143 -2.020163774 0.353880256 0.367454052 0.079274379 0.296896070 -0.047320090 0.950436294
1341846336.377975 -1.992232561 0.357373416 0.311987877 0.080745980 0.288624614 -0.046698391 0.952887833
1341846336.410032 -1.978149891 0.356384218 0.293249190 0.081630841 0.285267711 -0.042988226 0.953997254
1341846336.446041 -1.965187669 0.364820719 0.272485197 0.082642242 0.280885130 -0.041395761 0.955280185
1341846336.477990 -1.937875271 0.358543992 0.236643225 0.080593765 0.274600685 -0.040820502 0.957304955
1341846336.510056 -1.916604757 0.355440199 0.198717415 0.080239683 0.269746274 -0.040621020 0.958722293
1341846336.546024 -1.899998903 0.356246293 0.167199433 0.081723660 0.265487164 -0.039480325 0.959832847
1341846336.578003 -1.879105687 0.362404197 0.138050556 0.082555324 0.259647518 -0.037705351 0.961429179
1341846336.614020 -1.887804031 0.381743431 0.157634765 0.082775734 0.263087153 -0.039833382 0.960388839
1341846336.645982 -1.903443694 0.377633601 0.151791289 0.081886694 0.265255243 -0.039147712 0.959896743
1341846336.678036 -1.852869391 0.370912671 0.119443767 0.079267189 0.255508989 -0.038870610 0.962767363
1341846336.714024 -1.836693645 0.385011911 0.107793994 0.083209075 0.249875709 -0.041112248 0.963819563
1341846336.746016 -1.812405109 0.388315916 0.078078181 0.087429091 0.242337406 -0.041356154 0.965359271
1341846336.778014 -1.799604893 0.389565080 0.061080508 0.088844396 0.236746296 -0.041922674 0.966592133
1341846336.820006 -1.774956465 0.388416052 0.030462056 0.090137646 0.226876423 -0.038906693 0.968962610
1341846336.882056 -1.749330401 0.391223490 -0.007508621 0.093126446 0.218181744 -0.038626730 0.970686495
1341846336.914273 -1.692184448 0.396962494 -0.045758575 0.098824330 0.201258689 -0.035604898 0.973889649
1341846336.945998 -1.626267314 0.409808069 -0.078109294 0.106795266 0.182031274 -0.040139042 0.976651609
1341846336.981980 -1.581265092 0.418179989 -0.115001447 0.107773818 0.170968413 -0.041093647 0.978501916
1341846337.014238 -1.512191176 0.416167259 -0.131317511 0.103976957 0.156184882 -0.041799791 0.981350064
1341846337.046017 -1.466982722 0.423613399 -0.144169539 0.103010997 0.147607893 -0.045381706 0.982619584
1341846337.082104 -1.414704800 0.420076787 -0.162405744 0.101350412 0.137534723 -0.046258997 0.984211624
1341846337.114317 -1.364160657 0.412178308 -0.161918417 0.097801261 0.127348825 -0.045435693 0.985978127
1341846337.150037 -1.317417026 0.418474913 -0.163088337 0.098063685 0.118158877 -0.046905573 0.987026811
1341846337.181873 -1.278524637 0.417433798 -0.168639332 0.097507462 0.112362973 -0.048438761 0.987684429
1341846337.214073 -1.234525084 0.418151289 -0.181166708 0.094201587 0.105655171 -0.048267536 0.988753438
1341846337.250087 -1.208353877 0.405512571 -0.186476186 0.089455456 0.099963531 -0.046300564 0.989879429
1341846337.282028 -1.175947905 0.405687869 -0.195480898 0.091022998 0.090677492 -0.042781621 0.990788639
1341846337.317920 -1.145992637 0.398020059 -0.205333546 0.089059927 0.083715990 -0.042044461 0.991610944
1341846337.350018 -1.123079419 0.395696938 -0.213211671 0.086941697 0.079996616 -0.040295124 0.992178440
1341846337.382159 -1.108673811 0.396538764 -0.213872567 0.085278705 0.078728832 -0.042750388 0.992321372
1341846337.417941 -1.092691422 0.384916365 -0.220053941 0.084136084 0.076325834 -0.043654021 0.992567301
1341846337.450137 -1.093930960 0.380942494 -0.222865477 0.083351657 0.076286748 -0.045599818 0.992549002
1341846337.482096 -1.080982089 0.384257048 -0.224967748 0.082683049 0.074015647 -0.045987215 0.992758989
1341846337.518008 -1.075930357 0.380349189 -0.218242183 0.083255507 0.072779030 -0.045757934 0.992813170
1341846337.549978 -1.071933627 0.390025645 -0.232806340 0.084139109 0.070702925 -0.046332598 0.992862046
1341846337.585971 -1.067658663 0.389237791 -0.227290645 0.081791684 0.070115872 -0.046940368 0.993071258
1341846337.617903 -1.058934331 0.384028018 -0.216312975 0.083100438 0.068709455 -0.047797993 0.993019998
1341846337.650141 -1.049748659 0.394266188 -0.222533733 0.086312525 0.066745535 -0.049348310 0.992804050
1341846337.686352 -1.037847638 0.400804222 -0.226149723 0.085802518 0.064849064 -0.048095349 0.993035436
1341846337.718002 -1.025556326 0.401837945 -0.216132939 0.084712997 0.064083479 -0.048631869 0.993152559
1341846337.749920 -1.008055449 0.410052150 -0.214970022 0.085911147 0.063330099 -0.049265303 0.993066788
1341846337.786157 -0.979821146 0.417613238 -0.207815468 0.084437326 0.061690953 -0.047521614 0.993381262
1341846337.817945 -0.969048381 0.424080610 -0.208265319 0.084618308 0.062295955 -0.046707362 0.993366718
1341846337.854071 -0.960464835 0.430314362 -0.206790730 0.084226526 0.064562552 -0.049079385 0.993140876
1341846337.885951 -0.951147854 0.434105664 -0.206224173 0.081484929 0.065821066 -0.049334809 0.993274331
1341846337.918223 -0.929542065 0.435971707 -0.195870534 0.078272074 0.064603835 -0.049086202 0.993624866
1341846337.954120 -0.889857113 0.434393138 -0.181192219 0.076659776 0.059118737 -0.048218921 0.994134426
1341846337.985994 -0.897721231 0.446618915 -0.180942804 0.075349934 0.062199272 -0.048085112 0.994053066
1341846338.018107 -0.882840395 0.449935138 -0.172874153 0.073605925 0.061902110 -0.048031297 0.994204879
1341846338.054055 -0.841629624 0.455237567 -0.170093700 0.072334088 0.056916535 -0.047296483 0.994631231
1341846338.085986 -0.846181154 0.454360425 -0.157516748 0.069330424 0.062341526 -0.046589799 0.994553268
1341846338.121875 -0.832425714 0.453126311 -0.144760266 0.068761460 0.062734611 -0.043895442 0.994690657
1341846338.154089 -0.803807914 0.453688145 -0.136478275 0.068539299 0.057846624 -0.039305944 0.995194077
1341846338.186029 -0.792248368 0.445395619 -0.122305788 0.065902300 0.056563128 -0.037285101 0.995523632
1341846338.222071 -0.768649578 0.435434133 -0.112922527 0.062500574 0.054895516 -0.037530150 0.995827138
1341846338.254107 -0.757236362 0.433353156 -0.104042135 0.061569139 0.054871000 -0.036894660 0.995910227
1341846338.290130 -0.746914387 0.432817221 -0.096114084 0.062453989 0.053420775 -0.035741575 0.995976031
1341846338.321952 -0.742896438 0.428434312 -0.090260960 0.061247736 0.054049436 -0.033280458 0.996102333
1341846338.354022 -0.735074222 0.430060416 -0.078869313 0.061618712 0.053726111 -0.033046748 0.996104717
1341846338.389969 -0.721552491 0.431166500 -0.071555197 0.060918342 0.052187029 -0.030914204 0.996298015
1341846338.422377 -0.709995329 0.422615707 -0.051483646 0.058132246 0.051380306 -0.032779258 0.996446788
1341846338.454010 -0.702072382 0.421004683 -0.041805860 0.056827150 0.049954310 -0.033636633 0.996566057
1341846338.489894 -0.699965298 0.421994328 -0.032847140 0.055784266 0.049318366 -0.032567747 0.996692121
1341846338.522066 -0.705964327 0.426716119 -0.024045985 0.057893697 0.051644795 -0.033441473 0.996425033
1341846338.558058 -0.705965519 0.426871300 -0.028149789 0.056788180 0.051452465 -0.033437468 0.996498704
1341846338.589842 -0.714448631 0.419291854 -0.013844457 0.053400077 0.053704128 -0.032772068 0.996589363
1341846338.622019 -0.719981551 0.416086525 -0.008335271 0.054098755 0.056024797 -0.031506758 0.996464670
1341846338.657984 -0.722300351 0.407022715 -0.007194181 0.052243341 0.055786587 -0.028382283 0.996670961
1341846338.690198 -0.736411452 0.396880329 0.001438992 0.048309423 0.059124190 -0.029366691 0.996648490
1341846338.722454 -0.735979736 0.397557974 0.011659959 0.048830215 0.060718909 -0.029345652 0.996527851
1341846338.757945 -0.731423140 0.394485980 0.012805840 0.048004214 0.059296120 -0.027060112 0.996718287
1341846338.790039 -0.730544984 0.399548084 0.010741500 0.046923932 0.057312075 -0.027847970 0.996864080
1341846338.826048 -0.736288071 0.387736231 0.023926657 0.045012269 0.060581334 -0.030786490 0.996672451
1341846338.858027 -0.733723700 0.395324111 0.021848157 0.046313103 0.061316948 -0.030658409 0.996571839
1341846338.889902 -0.740951121 0.390615493 0.039594401 0.042715527 0.063215323 -0.030494580 0.996618927
1341846338.925948 -0.741691768 0.389163524 0.048337169 0.042404499 0.065254763 -0.032580230 0.996434808
1341846338.958108 -0.737798274 0.386047453 0.053814024 0.042309128 0.066576526 -0.032770697 0.996345103
1341846338.990057 -0.734820545 0.386623085 0.065181956 0.043545321 0.066658109 -0.031388763 0.996330976
1341846339.025928 -0.737627804 0.386746258 0.076892205 0.045945480 0.069208317 -0.032483559 0.996014059
1341846339.057939 -0.731649876 0.381768435 0.083418436 0.047177181 0.070613474 -0.031602230 0.995886207
1341846339.093927 -0.730371058 0.385642976 0.089320794 0.045560118 0.069996916 -0.028857276 0.996088326
1341846339.126562 -0.729107082 0.380941093 0.098868921 0.041254006 0.070415713 -0.029957496 0.996213973
1341846339.157969 -0.739532769 0.387503177 0.114634678 0.040710937 0.077036709 -0.032719571 0.995659292
1341846339.194113 -0.728607595 0.386207908 0.118186295 0.038082130 0.075543582 -0.029841406 0.995968103
1341846339.228165 -0.711261272 0.390147716 0.131960914 0.035417959 0.071065277 -0.027906800 0.996451974
1341846339.257998 -0.706778288 0.387523919 0.145481482 0.033204678 0.072467335 -0.028064009 0.996422768
1341846339.294132 -0.700392902 0.390711039 0.160656616 0.033041120 0.074406788 -0.026374290 0.996331453
1341846339.326577 -0.692187369 0.376155496 0.154975802 0.025501063 0.070774816 -0.020999551 0.996945143
1341846339.362269 -0.692859530 0.376052856 0.171175644 0.021893274 0.070950553 -0.024462139 0.996939540
1341846339.394725 -0.684955180 0.398778796 0.186024576 0.025689300 0.072496273 -0.026854984 0.996676087
1341846339.462186 -0.674584866 0.375369996 0.199961424 0.018298738 0.071418710 -0.026018994 0.996939123
1341846339.496743 -0.666711330 0.364187002 0.203918770 0.019453635 0.074840270 -0.027239615 0.996633649
1341846339.562052 -0.656372547 0.377879769 0.223457575 0.023545343 0.076326840 -0.025516924 0.996478200
1341846339.595122 -0.648496151 0.377210647 0.229002506 0.025549650 0.076545842 -0.026792489 0.996378541
1341846339.632085 -0.654991806 0.387275457 0.236752540 0.028498312 0.082802415 -0.030251307 0.995698988
1341846339.664568 -0.655645251 0.371831387 0.240647525 0.025511498 0.086008653 -0.030665634 0.995495558
1341846339.698896 -0.654999018 0.381002694 0.253116280 0.028426766 0.087925375 -0.031794142 0.995213687
1341846339.731977 -0.653694868 0.378525794 0.260307401 0.028325217 0.088709630 -0.033196148 0.995101213
1341846339.762241 -0.642600894 0.378909260 0.268451869 0.028989982 0.088756882 -0.034717251 0.995025933
1341846339.797873 -0.644999921 0.372216672 0.274983346 0.028055198 0.089924321 -0.032931894 0.995008588
1341846339.830245 -0.651142955 0.375739098 0.273613542 0.029362727 0.091475710 -0.032255828 0.994851589
1341846339.862015 -0.651844382 0.374671370 0.276529640 0.028549656 0.092261255 -0.033364475 0.994766116
1341846339.897797 -0.638360023 0.374795794 0.289398551 0.027390869 0.091486171 -0.034149792 0.994843602
1341846339.929916 -0.633973300 0.366788030 0.298053831 0.026385205 0.092057616 -0.032056104 0.994887769
1341846339.961960 -0.627167463 0.368924230 0.307753414 0.028538639 0.091045149 -0.031589508 0.994936407
1341846339.997845 -0.610970378 0.362264216 0.311605096 0.028561192 0.089814849 -0.031871300 0.995038629
1341846340.029925 -0.616321146 0.360402435 0.317496955 0.030057862 0.093610823 -0.030223574 0.994695961
1341846340.066044 -0.604014814 0.362646639 0.328455716 0.033147190 0.093248017 -0.029910993 0.994641364
1341846340.098009 -0.608751893 0.365547448 0.330409378 0.034447554 0.094961077 -0.028818449 0.994467318
1341846340.130102 -0.590544045 0.379831225 0.347676337 0.036911204 0.092829391 -0.031379778 0.994502723
1341846340.166041 -0.580510497 0.367461473 0.354389071 0.035822615 0.093799166 -0.031786356 0.994438589
1341846340.197867 -0.589636207 0.368730068 0.354304641 0.037026957 0.097850792 -0.032099888 0.993993878
1341846340.229904 -0.578823030 0.380357176 0.365424335 0.038233474 0.096777923 -0.032347191 0.994045258
1341846340.265859 -0.576822519 0.365902781 0.370913208 0.035361007 0.097991817 -0.032841437 0.994016469
1341846340.298061 -0.578104496 0.365714818 0.375557840 0.037579440 0.100822911 -0.032171413 0.993673801
1341846340.334063 -0.579454005 0.375074238 0.383241951 0.038172327 0.100395121 -0.031065736 0.993729651
1341846340.366064 -0.562874198 0.372000545 0.395274490 0.036807358 0.096565701 -0.032263227 0.994122446
1341846340.397995 -0.565035105 0.365047634 0.391289443 0.037132610 0.097517319 -0.031841293 0.994031012
1341846340.433895 -0.559215724 0.369201899 0.402710497 0.038771812 0.097150959 -0.031043498 0.994029582
1341846340.465959 -0.564811230 0.361901850 0.396143526 0.037879020 0.095274873 -0.029115489 0.994303882
1341846340.501858 -0.550497234 0.370996386 0.404823184 0.040911410 0.090467341 -0.029927988 0.994608641
1341846340.534329 -0.556474745 0.363092840 0.394915223 0.039373029 0.090021327 -0.029556066 0.994722247
1341846340.566041 -0.543204725 0.365957171 0.402041256 0.041875206 0.087298788 -0.029669404 0.994859397
1341846340.601909 -0.536701620 0.374813020 0.404626608 0.046608452 0.086128354 -0.030597504 0.994722784
1341846340.634005 -0.545241237 0.363163680 0.387882948 0.043614399 0.086942822 -0.030198582 0.994799852
1341846340.666028 -0.534614205 0.366241038 0.392473012 0.044320900 0.086116083 -0.033158660 0.994746387
1341846340.701946 -0.515102625 0.363491386 0.397153705 0.045920759 0.083898462 -0.034301884 0.994824469
1341846340.733954 -0.521743476 0.364508033 0.391892731 0.046669424 0.087489039 -0.035767343 0.994428694
1341846340.770081 -0.514031887 0.369822204 0.395235538 0.047050834 0.086654760 -0.038585823 0.994378388
1341846340.801980 -0.519102514 0.366795719 0.387197763 0.046013739 0.089016519 -0.043873705 0.993998945
1341846340.833999 -0.524661958 0.364868879 0.380852610 0.044670530 0.092430256 -0.047636222 0.993575335
1341846340.870013 -0.522167802 0.361589223 0.383182943 0.042611159 0.091928937 -0.049066696 0.993642747
1341846340.901955 -0.521351635 0.365229219 0.381305188 0.044848412 0.091642901 -0.048874605 0.993580163
1341846340.933918 -0.521611035 0.360453248 0.378196567 0.045724615 0.090710953 -0.046016064 0.993762195
1341846340.970122 -0.520519674 0.359013081 0.373442262 0.046549715 0.087188192 -0.041186936 0.994250953
1341846341.001922 -0.525499880 0.359276474 0.370073825 0.048397616 0.083478227 -0.035897933 0.994686067
1341846341.037923 -0.525754750 0.360065430 0.370846838 0.049691800 0.081515595 -0.034628794 0.994830072
1341846341.070300 -0.521521926 0.360462993 0.366886586 0.050394692 0.079559013 -0.034392145 0.994961262
1341846341.102028 -0.523309290 0.365561396 0.364774793 0.051313512 0.078083262 -0.034278240 0.995035172
1341846341.137982 -0.525189221 0.361297667 0.362186491 0.050365623 0.076664902 -0.034444116 0.995188177
1341846341.170048 -0.523073077 0.356829584 0.358952641 0.050222486 0.075653009 -0.032637041 0.995333731
1341846341.202110 -0.522856951 0.356510997 0.359292984 0.051934887 0.075311497 -0.031417333 0.995310962
1341846341.237996 -0.525176048 0.358709812 0.355777115 0.054111373 0.075722449 -0.031240731 0.995169401
1341846341.269883 -0.531745732 0.357394040 0.353280038 0.054687016 0.077320158 -0.030915597 0.995025218
1341846341.306107 -0.530537546 0.357418269 0.349861890 0.055119205 0.076152265 -0.031965606 0.995058239
1341846341.338109 -0.528724432 0.355854988 0.349725097 0.055531658 0.076471135 -0.033244036 0.994968951
1341846341.370120 -0.523174107 0.358543873 0.350276679 0.056541294 0.076858014 -0.036437780 0.994770408
1341846341.406074 -0.532703757 0.352293342 0.346288115 0.055007439 0.078383833 -0.036124457 0.994748771
1341846341.438113 -0.531891406 0.352382421 0.342782587 0.056537513 0.076137587 -0.036383558 0.994828045
1341846341.470024 -0.531416714 0.355879009 0.346502781 0.060087726 0.076093405 -0.038968857 0.994525373
1341846341.506077 -0.537249565 0.357739955 0.344675124 0.059475355 0.077938877 -0.040342510 0.994364440
1341846341.538156 -0.543215811 0.354485333 0.345959663 0.058210228 0.076814085 -0.039476719 0.994561613
1341846341.574016 -0.541347384 0.357801408 0.342810005 0.059674371 0.074466676 -0.039469816 0.994653642
1341846341.612466 -0.541419208 0.360928506 0.342268527 0.060553800 0.073631682 -0.040161174 0.994634986
1341846341.643972 -0.544771492 0.362391114 0.342411786 0.059481066 0.072850011 -0.040291633 0.994751990
1341846341.679982 -0.551924765 0.364177167 0.337852418 0.060233790 0.072693139 -0.039030131 0.994768441
1341846341.712332 -0.548636317 0.360875219 0.338887393 0.059990920 0.069175728 -0.036703065 0.995122433
1341846341.744185 -0.561466157 0.354080886 0.333015949 0.058842503 0.069576807 -0.034943704 0.995226443
1341846341.780061 -0.570093393 0.352164805 0.328561187 0.058589343 0.070262082 -0.033334311 0.995248437
1341846341.842595 -0.548732221 0.355540127 0.330537438 0.063035749 0.065369286 -0.028689228 0.995454848
1341846341.906227 -0.544419885 0.348349571 0.325948983 0.065778732 0.063308127 -0.023298305 0.995551348
1341846341.942069 -0.544051588 0.347671866 0.321066171 0.069394574 0.063042812 -0.022010799 0.995351970
1341846341.974775 -0.541574836 0.344381332 0.315706462 0.071835071 0.062246986 -0.020721043 0.995256662
1341846342.010161 -0.541433215 0.342673451 0.312389493 0.072606683 0.060316123 -0.017990068 0.995372593
1341846342.042024 -0.533122897 0.334748745 0.310992360 0.073265992 0.058518987 -0.018368686 0.995424688
1341846342.080032 -0.528968692 0.333444834 0.303941339 0.074971922 0.060289085 -0.017953185 0.995199561
1341846342.112265 -0.534597456 0.325922012 0.301627874 0.074257739 0.061464358 -0.015774695 0.995218098
1341846342.147954 -0.520132005 0.321649224 0.298632294 0.076374047 0.057217013 -0.013680578 0.995342195
1341846342.179852 -0.519885123 0.327698410 0.293916345 0.080291338 0.058100168 -0.012701376 0.994995654
1341846342.211848 -0.519888401 0.327508926 0.293271124 0.080453105 0.058757149 -0.013088066 0.994938970
1341846342.247920 -0.516661584 0.327279538 0.293122143 0.082006991 0.058414012 -0.013636643 0.994825006
1341846342.279870 -0.515659571 0.328647345 0.293011248 0.083646752 0.058605447 -0.013359380 0.994681001
1341846342.316068 -0.514112294 0.329463333 0.291950971 0.085243620 0.058636267 -0.012667716 0.994552612
1341846342.347894 -0.502238095 0.332789391 0.280055553 0.085744180 0.056307912 -0.013272088 0.994636238
1341846342.379953 -0.506543458 0.332752973 0.285865694 0.086157955 0.057825852 -0.012258169 0.994526386
1341846342.416195 -0.506576717 0.333728254 0.288533449 0.087035164 0.057841569 -0.010497682 0.994469285
