1341846313.592026 0.000000000 0.000000000 0.000000000 -0.000000000 -0.000000000 -0.000000000 1.000000000
1341846313.654184 -0.008971758 0.013554269 -0.025011629 0.001980279 -0.000197995 0.001900672 0.999996245
1341846313.686156 0.008525638 0.011469661 -0.015534309 0.002372483 -0.004555134 0.003158667 0.999981821
1341846313.721918 0.009184113 0.013811607 -0.018071512 0.002562851 -0.004619724 0.003637351 0.999979436
1341846313.753994 0.010221897 0.015109424 -0.017391710 0.002397385 -0.004563631 0.004792633 0.999975264
1341846313.789969 0.010897798 0.017999055 -0.016531251 0.004000609 -0.004308705 0.003366129 0.999977052
1341846313.822075 0.000226261 0.019059043 -0.021812821 0.003952366 0.000218822 0.002278289 0.999989569
1341846313.853928 -0.006683383 0.021575637 -0.019735869 0.003882840 0.004755798 0.001370916 0.999980271
1341846313.890011 -0.021685865 0.022738852 -0.021424290 0.003777024 0.009810724 0.000440915 0.999944627
1341846313.922055 -0.039160907 0.023959292 -0.023353517 0.001624901 0.014337676 0.001088609 0.999895334
1341846313.957927 -0.066894904 0.032722440 -0.025737170 0.001015293 0.025621263 -0.000655323 0.999671042
1341846313.990058 -0.076682642 0.031994037 -0.019501092 -0.000124618 0.033306655 -0.000204751 0.999445260
1341846314.022042 -0.109483764 0.019277692 -0.023191391 -0.005631174 0.041793253 0.007461986 0.999082565
1341846314.057816 -0.124235965 0.027031908 -0.013720044 -0.007099845 0.048343055 0.008179716 0.998772085
1341846314.089801 -0.145368472 0.030938802 -0.002655603 -0.005265661 0.058567710 0.005826785 0.998252571
1341846314.122037 -0.164774492 0.023950109 -0.005101327 -0.008515819 0.066081785 0.008464981 0.997741997
1341846314.157989 -0.178744644 0.034051094 -0.002575164 -0.008049793 0.072765261 0.009287616 0.997273386
1341846314.190094 -0.192896426 0.035879046 -0.004178832 -0.007728778 0.079707757 0.010106691 0.996737123
1341846314.225969 -0.206856638 0.035805076 -0.005813346 -0.010420516 0.084965914 0.013116575 0.996243060
1341846314.257923 -0.204145446 0.042927198 0.003011282 -0.010579173 0.087395430 0.013115067 0.996031225
1341846314.290052 -0.212829053 0.044997938 0.002881933 -0.009037248 0.090903632 0.011644814 0.995750666
1341846314.325981 -0.221121147 0.045392551 0.001424927 -0.010471719 0.094436176 0.009105613 0.995434225
1341846314.357905 -0.219259292 0.049412221 0.009524764 -0.010185170 0.098187506 0.008128751 0.995082617
1341846314.389899 -0.228313819 0.054623414 0.011995164 -0.007597756 0.103137739 0.006467078 0.994617045
1341846314.427905 -0.234618843 0.061682623 0.008870225 -0.006956251 0.106801920 0.003799715 0.994248748
1341846314.493987 -0.256637603 0.070903346 0.000266955 -0.004050473 0.121719979 -0.003626112 0.992549598
1341846314.526085 -0.271076769 0.077265285 -0.009171294 -0.003240119 0.126876250 -0.006025421 0.991894960
1341846314.558292 -0.258685708 0.082065001 -0.003325882 -0.003682047 0.129008621 -0.006518642 0.991615236
1341846314.594085 -0.306961149 0.059014805 0.010772789 -0.005520830 0.143437132 -0.004192295 0.989635170
1341846314.626096 -0.330676496 0.059970383 -0.003655616 -0.005257430 0.150791898 -0.002540518 0.988548279
1341846314.658455 -0.373413265 0.065168492 -0.015846290 -0.006340681 0.160916418 -0.003964095 0.986939728
1341846314.694004 -0.326623738 0.079946585 0.006097144 -0.002868474 0.159188464 -0.008508761 0.987207353
1341846314.725910 -0.328474879 0.082578517 -0.000677247 0.003048857 0.161770642 -0.004125966 0.986815035
1341846314.761942 -0.321343631 0.078495413 0.002875186 0.005334752 0.161770985 0.000887821 0.986813545
1341846314.794030 -0.330071330 0.093042828 -0.001745271 0.010974229 0.166817352 -0.000499054 0.985926628
1341846314.826092 -0.346925676 0.091782719 -0.005577398 0.012716603 0.174480259 0.000845151 0.984578192
1341846314.862145 -0.357225001 0.095813461 -0.012713127 0.013649698 0.180119812 0.002048540 0.983547866
1341846314.894072 -0.348901719 0.101732083 -0.014337163 0.014789442 0.183442786 0.003876594 0.982911587
1341846314.925969 -0.391440809 0.090329416 -0.006251487 0.013004397 0.194490880 0.008974863 0.980777085
1341846314.961937 -0.407551229 0.088305548 -0.012813000 0.009798330 0.197768852 0.014859022 0.980087101
1341846314.994564 -0.404917002 0.096419714 -0.008248723 0.008574920 0.199328139 0.013552615 0.979801595
1341846315.029900 -0.422526628 0.095503330 -0.004334501 0.007483191 0.207015052 0.010204268 0.978255928
1341846315.061965 -0.432389438 0.097753242 -0.009994853 0.007819474 0.210793719 0.014314408 0.977394521
1341846315.094388 -0.426559299 0.105262160 -0.010442942 0.009464351 0.209320411 0.014679613 0.977691114
1341846315.129851 -0.456533372 0.116589211 -0.000596885 0.013391813 0.216374382 0.012307785 0.976141095
1341846315.161941 -0.483001679 0.100026295 -0.011747105 0.007034642 0.220662594 0.018177176 0.975155413
1341846315.197984 -0.459497780 0.117022648 -0.005185025 0.003256452 0.215450436 0.012769583 0.976425886
1341846315.230076 -0.469728440 0.113192722 -0.006268555 -0.001001082 0.216775090 0.011090497 0.976158082
1341846315.262069 -0.470794320 0.108554363 -0.008139577 -0.004463193 0.214771539 0.014456399 0.976547182
1341846315.298000 -0.470925897 0.120608769 -0.004766900 -0.003469649 0.212074280 0.015084918 0.977131009
1341846315.329931 -0.481862068 0.162373617 -0.004576143 0.009132121 0.213167265 0.012485376 0.976893306
1341846315.361981 -0.499168396 0.164616510 -0.004800366 0.014608753 0.215938747 0.015059793 0.976181448
1341846315.397962 -0.505541325 0.179254547 -0.001212001 0.020400710 0.217839852 0.017151697 0.975620568
1341846315.429923 -0.520106137 0.165802091 0.005918300 0.020114494 0.223493353 0.019042000 0.974311829
1341846315.466047 -0.540159404 0.167100042 0.009134242 0.021224394 0.231678918 0.021790134 0.972316623
1341846315.497883 -0.532508016 0.168915257 0.006490780 0.021262312 0.233062208 0.024530409 0.971919835
1341846315.530008 -0.539499164 0.159189433 0.014867213 0.019947456 0.236197054 0.026652548 0.971134722
1341846315.566108 -0.558599651 0.156998217 0.020270780 0.018816404 0.241407663 0.028492242 0.969822943
1341846315.597986 -0.559683502 0.152419567 0.023888685 0.017998859 0.243253395 0.028245809 0.969384372
1341846315.630109 -0.533133268 0.155628800 0.021333143 0.018316694 0.240298003 0.024980193 0.970204830
1341846315.666042 -0.554172039 0.167885229 0.024805732 0.018708374 0.245631918 0.022553366 0.968920231
1341846315.698114 -0.554577172 0.169613749 0.023266802 0.012963552 0.249243259 0.021189887 0.968122244
1341846315.733985 -0.533364177 0.152448386 0.018191004 0.009338523 0.247935355 0.026467256 0.968369961
1341846315.766041 -0.556715965 0.162132278 0.023253344 0.011467585 0.249364778 0.026273852 0.967985213
1341846315.798188 -0.548859119 0.168512776 0.018196672 0.011307980 0.247191012 0.025346071 0.968569219
1341846315.834140 -0.532111406 0.162282750 0.018457534 0.011365804 0.246526182 0.024187276 0.968767583
1341846315.866751 -0.547873139 0.164040521 0.027919397 0.013957859 0.250589103 0.022856049 0.967723012
1341846315.898492 -0.538712263 0.166119218 0.022773979 0.015667127 0.248910666 0.023323625 0.968118846
1341846315.936901 -0.537989199 0.164951071 0.021482620 0.018323774 0.249905810 0.022784801 0.967828631
1341846315.966572 -0.541163623 0.166567147 0.022273120 0.021899024 0.251024991 0.021293638 0.967498660
1341846316.034204 -0.549567640 0.165713251 0.023242068 0.025187176 0.250791818 0.019472713 0.967517436
1341846316.066113 -0.497351468 0.168096274 0.007637803 0.027991338 0.240699917 0.020438038 0.969980597
1341846316.101867 -0.491891116 0.166928262 0.001741052 0.028773559 0.236990333 0.022028310 0.970835984
1341846316.134066 -0.500092506 0.162181318 0.002031868 0.026635522 0.234314531 0.019857397 0.971593082
1341846316.202049 -0.441103101 0.121997043 0.008733166 0.020001085 0.218839407 0.017063679 0.975406647
1341846316.233979 -0.427584916 0.124441326 0.008214810 0.020275665 0.214450762 0.016720036 0.976381242
1341846316.270052 -0.435624510 0.130906701 0.003559709 0.019728484 0.216080636 0.012804959 0.976092219
1341846316.301915 -0.428477049 0.121371947 0.006399824 0.019006420 0.215231434 0.011632500 0.976308882
1341846316.334208 -0.415270358 0.103958473 0.003575205 0.017338771 0.211123630 0.012697671 0.977223098
1341846316.370006 -0.410408229 0.096818209 0.011428855 0.017976787 0.208411083 0.013989946 0.977776051
1341846316.401994 -0.398088932 0.098938480 0.012563551 0.020326739 0.204577148 0.017180318 0.978488624
1341846316.438069 -0.366497159 0.093384050 0.016599674 0.021947769 0.198372036 0.016054399 0.979749501
1341846316.470076 -0.354817033 0.090300545 0.018968882 0.026233966 0.194970816 0.018141802 0.980290294
1341846316.502034 -0.345212042 0.084137402 0.008667756 0.025908019 0.189156398 0.018740278 0.981426239
1341846316.537975 -0.333990604 0.080216035 -0.003625323 0.022509074 0.182497993 0.019190339 0.982761204
1341846316.570121 -0.308886915 0.072292328 0.007137437 0.021038031 0.177853510 0.016480666 0.983694017
1341846316.601885 -0.283996910 0.072651729 0.019506600 0.023091922 0.172465324 0.014352128 0.984640360
1341846316.638009 -0.295985281 0.078025557 0.007266399 0.026886122 0.171345949 0.016456753 0.984706521
1341846316.669925 -0.269035190 0.069397368 0.010736872 0.027288770 0.165031239 0.014902094 0.985798180
1341846316.705941 -0.250297785 0.072578095 0.015630985 0.032823130 0.161089629 0.015664117 0.986269474
1341846316.738062 -0.235200167 0.078370705 0.003518180 0.035656940 0.155995965 0.017329574 0.986961782
1341846316.770433 -0.206305355 0.072040990 0.000862485 0.032811634 0.148599222 0.016826609 0.988209844
1341846316.805932 -0.193968877 0.069146954 0.005275718 0.033394191 0.145564318 0.015540056 0.988662958
1341846316.838029 -0.203836441 0.064602315 0.006677928 0.034252476 0.144937947 0.019614143 0.988653183
1341846316.870034 -0.185287386 0.062717833 0.011669147 0.034373794 0.137114197 0.019833192 0.989760041
1341846316.906344 -0.178805590 0.063166067 0.006419525 0.035789464 0.131559610 0.019493733 0.990470171
1341846316.937940 -0.170522332 0.058320891 0.004783751 0.034160156 0.127577409 0.016164256 0.991108418
1341846316.973994 -0.166579887 0.062481083 -0.001987742 0.033984058 0.123870321 0.018336875 0.991546810
1341846317.005913 -0.172406867 0.062847316 -0.004257382 0.033317395 0.121238820 0.020276021 0.991856813
1341846317.037936 -0.187687665 0.056073524 0.007552668 0.032615144 0.120506510 0.018500399 0.992004097
1341846317.073972 -0.195528209 0.055177920 0.004873561 0.034099493 0.119343497 0.019780649 0.992070138
1341846317.106113 -0.179292157 0.074453920 -0.014364982 0.040814064 0.112952210 0.026732482 0.992401838
1341846317.137887 -0.175441876 0.058914233 -0.022903454 0.041073699 0.104108490 0.030794721 0.993240178
1341846317.173970 -0.156687066 0.059560794 -0.022669444 0.041963171 0.092948981 0.032524191 0.994254410
1341846317.205887 -0.159769595 0.067446232 -0.029499013 0.043641951 0.089042395 0.033525493 0.994506419
1341846317.248131 -0.136509597 0.055937439 -0.018327653 0.042743761 0.082241900 0.035150383 0.995074689
1341846317.306289 -0.159502268 0.061218992 -0.024394281 0.045211960 0.077421285 0.038809605 0.995216370
1341846317.348137 -0.164567769 0.057277076 -0.033327289 0.046697188 0.078875035 0.043269102 0.994849682
1341846317.410120 -0.189119875 0.058641035 -0.032728620 0.048430387 0.080043383 0.047837820 0.994464278
1341846317.442569 -0.199334025 0.068067014 -0.033902153 0.054066394 0.081038781 0.049327847 0.994020283
1341846317.474010 -0.206597492 0.069761679 -0.031372897 0.059980918 0.081462197 0.051871382 0.993516803
1341846317.509927 -0.196771383 0.061067108 -0.034240186 0.059878916 0.075470425 0.055974517 0.993773460
1341846317.542282 -0.194108799 0.058623981 -0.034945548 0.058122858 0.071353354 0.057402633 0.994100332
1341846317.573943 -0.202594459 0.057349216 -0.042505365 0.058515269 0.072976381 0.054979146 0.994096458
1341846317.610159 -0.208749369 0.057579096 -0.041963056 0.061613120 0.074530728 0.056246709 0.993722975
1341846317.643553 -0.201758265 0.069673039 -0.045669567 0.065785579 0.070003703 0.060256619 0.993549645
1341846317.677993 -0.201171458 0.072972924 -0.040081970 0.067653105 0.065518007 0.062978163 0.993561387
1341846317.709996 -0.205931187 0.067731149 -0.044859435 0.068969145 0.063096195 0.063278034 0.993608594
1341846317.741834 -0.193782493 0.069143876 -0.047980782 0.068128236 0.058860015 0.062947564 0.993947506
1341846317.777923 -0.175365359 0.063987002 -0.049850520 0.065083072 0.053115387 0.061443694 0.994569063
1341846317.810021 -0.164939061 0.061425034 -0.046729494 0.064322315 0.048691850 0.060127135 0.994925380
1341846317.841886 -0.151304156 0.062623106 -0.051189613 0.063281067 0.044228848 0.058475468 0.995298922
1341846317.878017 -0.128609404 0.059601214 -0.051741786 0.059863664 0.038825039 0.054734461 0.995948374
1341846317.909910 -0.117934600 0.059952423 -0.044035610 0.059490230 0.037805133 0.049780723 0.996269882
1341846317.946031 -0.095161706 0.053723279 -0.039935265 0.059238143 0.033380073 0.050855808 0.996388614
1341846317.978041 -0.064009130 0.052024562 -0.032947946 0.061091226 0.025512820 0.049999785 0.996552587
1341846318.009897 -0.053115156 0.056680575 -0.037579861 0.064125814 0.023446670 0.048051581 0.996508539
1341846318.045949 -0.083864503 0.041850433 -0.049069930 0.061065409 0.028793667 0.050505269 0.996439219
1341846318.078074 -0.044657305 0.038723182 -0.043959074 0.059581831 0.019083448 0.047847725 0.996893406
1341846318.109894 0.008163556 0.026618525 -0.037328448 0.056519788 0.003939442 0.043400344 0.997449994
1341846318.145957 0.011064427 0.023625461 -0.033660959 0.055489957 0.000944992 0.040243614 0.997647464
1341846318.178001 0.009307222 0.024848659 -0.034628313 0.055081319 0.000677456 0.038170621 0.997751772
1341846318.214074 0.034212261 0.021853141 -0.028493674 0.055213507 -0.007042686 0.036807388 0.997771084
1341846318.245970 0.046644527 0.023889903 -0.026042810 0.058768418 -0.015853398 0.037914485 0.997425437
1341846318.278018 0.056237932 0.024025096 -0.026893156 0.062211771 -0.023359004 0.038435284 0.997049093
1341846318.313937 0.076952159 0.037280232 -0.032563496 0.066508397 -0.035635825 0.039191142 0.996378839
1341846318.345989 0.083743878 0.034721650 -0.025218051 0.067830913 -0.046845406 0.036770012 0.995917916
1341846318.382046 0.089840710 0.034845967 -0.028946996 0.069578476 -0.055673368 0.036989216 0.995334685
1341846318.414072 0.102511056 0.046623070 -0.037411276 0.073275015 -0.065819308 0.038717948 0.994383991
1341846318.446035 0.111000009 0.038428269 -0.031316776 0.073923670 -0.074398473 0.037428081 0.993780315
1341846318.482196 0.118352205 0.034770444 -0.032560792 0.074175373 -0.078690886 0.036819678 0.993453622
1341846318.514144 0.127356082 0.030913664 -0.030041730 0.073202960 -0.082869023 0.037492082 0.993160784
1341846318.546259 0.139054328 0.035168227 -0.024319530 0.076092288 -0.087141700 0.039737236 0.992490411
1341846318.582042 0.143526822 0.026634546 -0.030088590 0.075366758 -0.088846095 0.038995109 0.992424190
1341846318.614115 0.142214537 0.040780339 -0.046333972 0.077609152 -0.090440013 0.040858731 0.992032290
1341846318.650038 0.146989822 0.033516500 -0.055825353 0.076025732 -0.092824794 0.040212087 0.991961002
1341846318.682350 0.140000701 0.041635651 -0.056725942 0.077750042 -0.093647197 0.040833265 0.991724670
1341846318.714063 0.125336990 0.033004623 -0.059699208 0.076003097 -0.093488440 0.040930260 0.991871059
1341846318.749905 0.120985746 0.041372489 -0.063821435 0.078757383 -0.093974128 0.043835022 0.991486073
1341846318.782036 0.104002140 0.033588585 -0.072809823 0.078821272 -0.094302885 0.044188429 0.991434157
1341846318.814121 0.110065691 0.048458654 -0.089258373 0.081248686 -0.102334209 0.043322008 0.990479469
1341846318.850072 0.079558551 0.044664785 -0.085151948 0.081795417 -0.104589395 0.040093858 0.990334868
1341846318.883516 0.063275173 0.047419626 -0.093289703 0.085830443 -0.111227632 0.036943503 0.989392102
1341846318.918047 0.053936448 0.052291691 -0.097577073 0.089071877 -0.124336921 0.035656687 0.987590551
1341846318.950044 0.046785068 0.050904006 -0.098605104 0.091459177 -0.133133695 0.032329414 0.986339450
1341846318.982028 0.043292999 0.051519237 -0.107376546 0.092921190 -0.136498153 0.030286221 0.985807657
1341846319.018123 0.048874177 0.054718092 -0.107098259 0.092781849 -0.145497650 0.027817419 0.984605610
1341846319.050745 0.036341395 0.048480228 -0.092675254 0.094421566 -0.149293095 0.027286669 0.983896136
1341846319.081905 0.018883841 0.050804973 -0.100660101 0.100004449 -0.146480352 0.025670845 0.983810782
1341846319.117976 -0.001135285 0.053319212 -0.109715380 0.101887546 -0.145810321 0.032475546 0.983515918
1341846319.150093 -0.024385110 0.052148797 -0.106770657 0.103453308 -0.147305876 0.037321739 0.982957542
1341846319.186069 -0.047080092 0.049943253 -0.111451060 0.103484586 -0.144946679 0.034870256 0.983394861
1341846319.218149 -0.078318976 0.062172901 -0.129940048 0.102056734 -0.136808231 0.035312075 0.984693348
1341846319.250034 -0.110896587 0.061468739 -0.136065632 0.096143521 -0.128098816 0.035688896 0.986444831
1341846319.286594 -0.144881248 0.060465120 -0.143025070 0.094385318 -0.121759266 0.039891802 0.987256169
1341846319.318034 -0.183850601 0.056538306 -0.144682765 0.094902322 -0.116417810 0.042592876 0.987737954
1341846319.350268 -0.213652849 0.051776774 -0.148094699 0.094909266 -0.112997331 0.049669642 0.987804055
1341846319.386163 -0.238423437 0.046687137 -0.155294925 0.095649645 -0.114342637 0.058237787 0.987109542
1341846319.418386 -0.260879159 0.047415778 -0.182767853 0.096810080 -0.116321556 0.057649612 0.986799717
1341846319.453961 -0.273158848 0.050438084 -0.184877187 0.098197237 -0.116868682 0.053343985 0.986840129
1341846319.486271 -0.307321936 0.053339407 -0.191452920 0.097952984 -0.113628879 0.053190228 0.987250984
1341846319.554083 -0.303439289 0.047437705 -0.184568241 0.091610610 -0.122236408 0.054008663 0.986787140
1341846319.586296 -0.324936956 0.040638901 -0.194992349 0.091103800 -0.119361334 0.051047463 0.987343490
1341846319.622031 -0.341785997 0.037215300 -0.210504383 0.088991605 -0.121325493 0.050653297 0.987317026
1341846319.653962 -0.347988158 0.029589605 -0.192173973 0.087706946 -0.126393735 0.049714237 0.986843765
1341846319.686352 -0.367339313 0.030266941 -0.199217275 0.089556769 -0.128098592 0.049871836 0.986449778
1341846319.721992 -0.371755093 0.038975433 -0.203244627 0.091262788 -0.131943420 0.051537812 0.985700727
1341846319.754063 -0.374242872 0.050817776 -0.224428087 0.088839866 -0.134504929 0.051686607 0.985568106
1341846319.786397 -0.384025604 0.042006142 -0.223636031 0.083216093 -0.133831009 0.055327699 0.985952973
1341846319.822008 -0.388314575 0.049073040 -0.214391246 0.081027545 -0.134859085 0.060446691 0.985694587
1341846319.853917 -0.391704232 0.048495501 -0.221808746 0.075854488 -0.135991201 0.063467652 0.985760808
1341846319.889942 -0.410121739 0.028223116 -0.215841159 0.070603877 -0.134118229 0.068153605 0.986094534
1341846319.922039 -0.440286368 0.022010645 -0.212526664 0.070195764 -0.134159327 0.069912620 0.985994935
1341846319.953946 -0.431645900 0.018842954 -0.204290971 0.070859462 -0.141731396 0.065028518 0.985222042
1341846319.990054 -0.430851936 0.028686728 -0.196236506 0.074972525 -0.144951761 0.059191737 0.984816968
1341846320.028122 -0.434016883 0.023359675 -0.208580300 0.076116987 -0.147989318 0.057742905 0.984363317
1341846320.090047 -0.379270047 0.049717747 -0.187720105 0.084212862 -0.163072437 0.058924001 0.981245935
1341846320.122011 -0.374838233 0.042052053 -0.204359978 0.083362967 -0.160660416 0.059363179 0.981689811
1341846320.157952 -0.359990269 0.037409544 -0.198086515 0.083069980 -0.159125954 0.059505366 0.981955945
1341846320.190003 -0.339296281 0.018172335 -0.201552764 0.083050638 -0.157205328 0.056808516 0.982426524
1341846320.221941 -0.335942924 0.027584409 -0.196023092 0.088580169 -0.153990671 0.057843123 0.982392311
1341846320.258015 -0.321936876 0.021569505 -0.191858172 0.091878921 -0.154549584 0.060467310 0.981843412
1341846320.289887 -0.264033586 0.005712031 -0.186435133 0.094335347 -0.162513450 0.063275844 0.980146110
1341846320.321954 -0.201085761 -0.000015587 -0.179599434 0.101474024 -0.171725214 0.064800985 0.977759838
1341846320.357890 -0.216434538 0.021723716 -0.184885338 0.109901622 -0.167421103 0.062450387 0.977748334
1341846320.390064 -0.191049203 0.027617265 -0.163875520 0.112689540 -0.166660368 0.061456453 0.977623880
1341846320.426544 -0.114108309 0.019081313 -0.148547843 0.113922998 -0.168567017 0.059247222 0.977290392
1341846320.458122 -0.111021638 0.021149863 -0.147006780 0.115760095 -0.160543144 0.055352524 0.978652954
1341846320.490186 -0.044910073 0.023331972 -0.131983653 0.118821993 -0.160641000 0.055435583 0.978265166
1341846320.525911 0.017779112 0.032763872 -0.099552542 0.124186993 -0.160081491 0.052699804 0.977841616
1341846320.558091 0.039184690 0.043914407 -0.105706923 0.126519129 -0.157034218 0.047089137 0.978322923
1341846320.594093 0.058647119 0.046331558 -0.095531672 0.128652439 -0.152792931 0.040808044 0.978998244
1341846320.631955 0.061580915 0.047741558 -0.090129785 0.131819889 -0.145287693 0.040254466 0.979742110
1341846320.664916 0.065304063 0.047561258 -0.098215744 0.131440252 -0.142235085 0.040135507 0.980245769
1341846320.699927 0.097367696 0.048812084 -0.090739630 0.131726459 -0.142145246 0.036836244 0.980349958
1341846320.731822 0.142249256 0.053425532 -0.073607944 0.134161443 -0.141127646 0.036396407 0.980183125
1341846320.763877 0.158868119 0.062869377 -0.077039629 0.132265836 -0.140878454 0.038094033 0.980412126
1341846320.799999 0.183204249 0.056931302 -0.050611578 0.126320153 -0.145360276 0.031512775 0.980775476
1341846320.831871 0.217258096 0.052774966 -0.065740146 0.127237812 -0.136494830 0.025247429 0.982111156
1341846320.863887 0.214147002 0.061160065 -0.037809573 0.128212899 -0.128724694 0.026401253 0.983002782
1341846320.900014 0.232687742 0.052382480 0.003026750 0.122435160 -0.135200351 0.027970992 0.982826591
1341846320.931889 0.265114725 0.043192253 0.019571198 0.123261757 -0.137859508 0.022985160 0.982483089
1341846320.967866 0.258872360 0.092581965 0.008871997 0.128729627 -0.130656525 0.019675419 0.982837975
1341846321.000017 0.278911620 0.077465370 0.025627516 0.121283293 -0.133085176 0.019276951 0.983466923
1341846321.031860 0.322521806 0.068960130 0.047895849 0.118904710 -0.137755096 0.014825426 0.983191490
1341846321.068047 0.343115717 0.080870479 0.064267419 0.121055841 -0.136820823 0.013612058 0.983076930
1341846321.099840 0.376888305 0.081432246 0.084552601 0.118863121 -0.140497133 0.014846304 0.982808053
1341846321.131821 0.412827134 0.073695980 0.099730857 0.119039573 -0.142717183 0.012283212 0.982502162
1341846321.167887 0.392568231 0.082403481 0.092659019 0.122392043 -0.134503916 0.014275424 0.983221769
1341846321.200042 0.438681155 0.091344386 0.111512758 0.123848699 -0.138824940 0.015898695 0.982413530
1341846321.231950 0.436525136 0.077537566 0.105356149 0.121889465 -0.136129886 0.012321030 0.983086884
1341846321.267939 0.461452544 0.086710960 0.100734062 0.123627685 -0.135949954 0.006958010 0.982947290
1341846321.299948 0.489035934 0.094291441 0.126389951 0.125093773 -0.135193244 0.001108559 0.982890189
1341846321.331858 0.515172958 0.100546606 0.148425743 0.127415136 -0.136292130 -0.000724110 0.982440472
1341846321.367913 0.533846676 0.095301129 0.159764081 0.129394084 -0.134828925 -0.007184705 0.982357740
1341846321.399897 0.557427168 0.112969957 0.175612316 0.134049878 -0.133562982 -0.006898891 0.981908321
1341846321.435994 0.558391929 0.112303272 0.186796755 0.136025563 -0.130270272 -0.006877840 0.982079148
1341846321.467946 0.549180210 0.112187520 0.187108248 0.137946427 -0.124766760 -0.007189616 0.982523441
1341846321.499882 0.563665867 0.109175771 0.185139641 0.138767466 -0.122930117 -0.009200023 0.982622623
1341846321.536109 0.631720245 0.113991335 0.177113995 0.139053121 -0.125667125 -0.011917666 0.982206702
1341846321.568960 0.589272857 0.133829415 0.196640819 0.139107823 -0.113023214 -0.014586539 0.983698130
1341846321.603938 0.611438513 0.128105283 0.200132474 0.136166304 -0.113132775 -0.016367452 0.984069049
1341846321.637163 0.623981178 0.128208041 0.204723313 0.134300590 -0.108814597 -0.018355696 0.984777033
1341846321.668306 0.560795069 0.148413748 0.231390744 0.133442402 -0.091243751 -0.016426453 0.986710727
1341846321.704411 0.549614549 0.139376625 0.223718598 0.127988979 -0.089517795 -0.008287158 0.987692654
1341846321.736861 0.554797173 0.138587058 0.234251618 0.125793785 -0.091880903 -0.000727591 0.987792134
1341846321.771881 0.573226690 0.155296743 0.238004208 0.124142028 -0.093282498 0.003656191 0.987863302
1341846321.804114 0.591937065 0.155683011 0.239273176 0.120427705 -0.093270198 0.004920647 0.988318622
1341846321.836152 0.594673038 0.164641842 0.240496725 0.118667774 -0.091143131 0.004148519 0.988733351
1341846321.871882 0.591814399 0.172438070 0.241216198 0.114550166 -0.088680446 -0.000463717 0.989451289
1341846321.904074 0.599982440 0.174583554 0.242015019 0.109400123 -0.087472178 -0.003512238 0.990135312
1341846321.939847 0.602604747 0.166546270 0.252500951 0.105008088 -0.084498785 -0.007047617 0.990849972
1341846322.004094 0.589949787 0.158074886 0.252366126 0.097170867 -0.084796123 -0.008275952 0.991614342
1341846322.066178 0.615840316 0.140031770 0.250316501 0.091086060 -0.081782922 -0.012151289 0.992404819
1341846322.107979 0.610391080 0.121946365 0.256588012 0.087582022 -0.079665259 -0.013079913 0.992880583
1341846322.166164 0.614599645 0.083771519 0.256110579 0.086555861 -0.081254289 -0.011786082 0.992857933
1341846322.202932 0.623377919 0.082957260 0.260758698 0.088441536 -0.085053854 -0.011858382 0.992372632
1341846322.234093 0.630809128 0.081699550 0.254291713 0.087865978 -0.087051429 -0.013816663 0.992225170
1341846322.265941 0.625102580 0.061432518 0.256982476 0.083078153 -0.089563802 -0.013261006 0.992421567
1341846322.301996 0.639542043 0.032843933 0.253703535 0.078441665 -0.092927024 -0.013594512 0.992485106
1341846322.333949 0.632800341 -0.004478635 0.237370059 0.072804675 -0.093887240 -0.013591978 0.992824256
1341846322.369871 0.642263412 -0.014700515 0.254340440 0.075176828 -0.100730963 -0.018620776 0.991894662
1341846322.402292 0.689121902 -0.036408417 0.265244186 0.076503925 -0.105807155 -0.024715796 0.991131246
1341846322.433955 0.635151982 -0.051538844 0.258012831 0.081654273 -0.097324915 -0.027824100 0.991507113
1341846322.470030 0.622212529 -0.079590268 0.253022939 0.085723750 -0.100048669 -0.024733001 0.990974307
1341846322.502433 0.649049938 -0.104973279 0.260601461 0.089454390 -0.106895514 -0.019675294 0.990042508
1341846322.534002 0.660185456 -0.107755415 0.263153553 0.099274665 -0.108438291 -0.017529113 0.988978505
1341846322.570196 0.671781242 -0.156799018 0.264870465 0.100890979 -0.111242615 -0.011972843 0.988586247
1341846322.601920 0.650406957 -0.142118111 0.256695032 0.110327482 -0.111525834 -0.008957424 0.987577677
1341846322.638119 0.668110549 -0.163518131 0.260651529 0.113731846 -0.116322570 -0.009759982 0.986630082
1341846322.669947 0.651008070 -0.155464351 0.264486939 0.121038049 -0.109706767 -0.011851436 0.986495733
1341846322.702026 0.658797145 -0.179222852 0.266197860 0.121568546 -0.110922694 -0.007744239 0.986335278
1341846322.738006 0.683980584 -0.208911300 0.269633502 0.117985979 -0.117751837 -0.007587682 0.985979855
1341846322.770087 0.701015890 -0.271182716 0.270525217 0.109955132 -0.118973471 -0.005079334 0.986777306
1341846322.806047 0.677040100 -0.264587164 0.275310248 0.116190203 -0.116469450 -0.003475355 0.986368418
1341846322.838063 0.691420436 -0.300375700 0.280906379 0.112580948 -0.123476602 0.000238645 0.985940695
1341846322.870081 0.699107349 -0.334466070 0.285585970 0.110917903 -0.129601061 0.000398587 0.985342920
1341846322.906018 0.699589372 -0.292441934 0.280495614 0.123653352 -0.129887179 0.000318971 0.983788133
1341846322.938349 0.689751327 -0.273169398 0.282583416 0.125783324 -0.127200276 0.003749039 0.983862102
1341846322.970069 0.698690474 -0.266889691 0.284800678 0.122870743 -0.128836349 0.004287452 0.984015048
1341846323.011820 0.709967971 -0.312969178 0.294034839 0.114607044 -0.130551264 0.004045528 0.984786868
1341846323.073951 0.710264862 -0.307274759 0.295654565 0.112233736 -0.130775884 0.008586949 0.985001266
1341846323.105962 0.698675513 -0.327709109 0.296102732 0.109186381 -0.129002258 0.006619897 0.985592723
1341846323.138158 0.708181798 -0.328385741 0.298134238 0.110134527 -0.130473271 0.004082325 0.985307276
1341846323.174092 0.711271107 -0.339336187 0.295857280 0.106489860 -0.131566316 0.002237846 0.985568523
1341846323.206059 0.719527006 -0.357238352 0.297180653 0.102110028 -0.132536680 0.000405130 0.985904396
1341846323.238053 0.721562147 -0.349202037 0.292682678 0.101730190 -0.129073501 -0.001531310 0.986401916
1341846323.273997 0.701468050 -0.361546218 0.291264832 0.095509358 -0.127521396 -0.003277215 0.987221122
1341846323.305946 0.706229508 -0.361092269 0.296523094 0.091850482 -0.131656736 -0.001589652 0.987029612
1341846323.342027 0.709963799 -0.377591372 0.299257636 0.090066679 -0.128140926 -0.004599466 0.987647057
1341846323.374048 0.706046522 -0.402882278 0.300268829 0.087007262 -0.126505077 -0.002362660 0.988139987
1341846323.405987 0.706534624 -0.436569422 0.298627108 0.081990846 -0.132297650 0.002967216 0.987808764
1341846323.441956 0.703933001 -0.460660517 0.300308406 0.080476604 -0.134677663 0.003302291 0.987610579
1341846323.473878 0.706692934 -0.512018919 0.301731676 0.078181140 -0.133879825 0.000875300 0.987908483
1341846323.506129 0.699903965 -0.448595494 0.296438843 0.090458743 -0.133197054 0.001094863 0.986952186
1341846323.541972 0.723057210 -0.450897664 0.301749647 0.088969313 -0.135887116 -0.000815457 0.986721098
1341846323.573913 0.725239038 -0.509042621 0.285106450 0.082370125 -0.129729316 -0.008937934 0.988081872
1341846323.609927 0.720908523 -0.517839313 0.297753483 0.082188010 -0.124915682 -0.012002899 0.988684595
1341846323.642014 0.696578383 -0.536819756 0.291644752 0.079190798 -0.120979793 -0.011708231 0.989421904
1341846323.674081 0.701359391 -0.550396740 0.295576513 0.078085065 -0.123628207 -0.009020586 0.989210486
1341846323.710069 0.708082676 -0.578840613 0.291958839 0.076678179 -0.125576288 -0.004614463 0.989105523
1341846323.742111 0.700459957 -0.575881898 0.287693441 0.083947949 -0.126689151 -0.005543351 0.988368273
1341846323.774928 0.702944815 -0.572453797 0.286013871 0.088212319 -0.129104584 -0.007487918 0.987671256
1341846323.810012 0.695060492 -0.583814025 0.294320464 0.088516504 -0.129480317 -0.010901660 0.987563133
1341846323.842207 0.704150617 -0.596408546 0.293897450 0.088792279 -0.130728632 -0.015467612 0.987312853
1341846323.878019 0.714428842 -0.622044265 0.298117131 0.087125733 -0.134110123 -0.018333284 0.986958742
1341846323.909826 0.721546710 -0.598837852 0.292694718 0.096592814 -0.136111572 -0.020455683 0.985761166
1341846323.942459 0.711188912 -0.599674106 0.291132152 0.100115426 -0.134992182 -0.019387076 0.985585213
1341846323.978055 0.700221658 -0.592896163 0.285920739 0.104304649 -0.136853531 -0.018495327 0.984910965
1341846324.015934 0.701998770 -0.607324779 0.275322348 0.106306314 -0.138048574 -0.019743444 0.984505832
1341846324.047722 0.708638906 -0.589648485 0.278867066 0.111719623 -0.137146071 -0.018846909 0.984050095
1341846324.083904 0.699331999 -0.593002498 0.288893789 0.109098203 -0.134771779 -0.019865803 0.984651983
1341846324.115968 0.698183358 -0.594011068 0.289548725 0.107027754 -0.132775813 -0.023412503 0.985072315
1341846324.151967 0.681111097 -0.582157493 0.281757683 0.107903726 -0.127399489 -0.029781971 0.985514760
1341846324.183941 0.696858406 -0.582071066 0.281942517 0.103966221 -0.125582039 -0.033322692 0.986057699
1341846324.219984 0.701906204 -0.577233970 0.286613137 0.100065261 -0.124809779 -0.030567801 0.986648381
1341846324.251968 0.696328461 -0.580102384 0.282386601 0.099201784 -0.124118261 -0.032230601 0.986769915
1341846324.284052 0.685628712 -0.540889084 0.284731001 0.104131058 -0.123798743 -0.032246236 0.986301601
1341846324.319880 0.665169477 -0.539636493 0.266968757 0.101271003 -0.123740874 -0.035001680 0.986512721
1341846324.351917 0.702404022 -0.517375827 0.282376707 0.099772863 -0.132711053 -0.035029709 0.985497892
1341846324.388001 0.716023803 -0.508350253 0.286200255 0.095701121 -0.133318901 -0.039519228 0.985649824
1341846324.419908 0.704394758 -0.511671185 0.285797477 0.088875033 -0.129770488 -0.041533560 0.986679196
1341846324.452027 0.699915111 -0.499332011 0.291798353 0.086182378 -0.129196420 -0.040711567 0.987027586
1341846324.487928 0.703461349 -0.481057793 0.295378834 0.086053282 -0.130257845 -0.037734851 0.987017691
1341846324.519985 0.691001177 -0.455749422 0.289966285 0.085835025 -0.130804718 -0.032030646 0.987165928
1341846324.556001 0.698931992 -0.405540258 0.288884252 0.090692036 -0.136947915 -0.029444154 0.985978305
1341846324.587888 0.690187991 -0.358560920 0.292471617 0.092502713 -0.138016343 -0.027746592 0.985710382
1341846324.620086 0.716697931 -0.363871992 0.300762713 0.088671908 -0.144810751 -0.029831309 0.985026538
1341846324.655955 0.709583223 -0.366503775 0.297931403 0.084903993 -0.144156918 -0.031271264 0.985409677
1341846324.688082 0.710269690 -0.376571089 0.300787538 0.082048781 -0.144789621 -0.030205404 0.985592008
1341846324.755922 0.689417958 -0.304403484 0.295419723 0.089116760 -0.145718008 -0.025874048 0.984964490
1341846324.814016 0.697388887 -0.234001026 0.293728977 0.090880528 -0.149443895 -0.030113818 0.984124243
1341846324.849979 0.686761558 -0.226106927 0.298182935 0.085948348 -0.146065682 -0.034154404 0.984942257
1341846324.881924 0.684981525 -0.231779486 0.300609559 0.080979802 -0.147934943 -0.032781772 0.985130906
1341846324.913902 0.684118509 -0.207001656 0.303680360 0.082041167 -0.148571193 -0.029567769 0.985049129
1341846324.949999 0.677415431 -0.201602802 0.303562254 0.083375946 -0.147930816 -0.027455060 0.985094488
1341846324.981922 0.665588677 -0.198102579 0.298534304 0.086605646 -0.149735585 -0.021762367 0.984685302
1341846325.018013 0.672268510 -0.176495373 0.295767993 0.091858864 -0.155526221 -0.018944625 0.983369052
1341846325.050079 0.646042943 -0.144656196 0.284229577 0.097150713 -0.155745655 -0.020024974 0.982804179
1341846325.081901 0.625110328 -0.086592093 0.284054160 0.103386447 -0.157050207 -0.023908243 0.981873155
1341846325.118531 0.663099527 -0.072362900 0.293763310 0.100388207 -0.163748056 -0.027045930 0.981008351
1341846325.149933 0.666365504 -0.067762636 0.294613093 0.095372446 -0.161665529 -0.028101381 0.981824160
1341846325.181925 0.648578465 -0.054725379 0.292316139 0.092948429 -0.157813147 -0.025083320 0.982764721
1341846325.218055 0.634661555 -0.041615948 0.291883767 0.090881146 -0.155512542 -0.021837108 0.983402133
1341846325.249811 0.646165907 -0.049818091 0.293933004 0.085712612 -0.157953218 -0.018775741 0.983540356
1341846325.285925 0.655058384 -0.024334863 0.304638296 0.085985422 -0.159982473 -0.016936725 0.983221889
1341846325.317988 0.668990672 -0.027769536 0.309557140 0.083168447 -0.158696622 -0.014189577 0.983715951
1341846325.349844 0.647397757 -0.027107427 0.308278382 0.086188518 -0.151168570 -0.012601200 0.984662831
1341846325.387302 0.665646315 -0.016421147 0.314674824 0.090404376 -0.151798546 -0.008209349 0.984234154
1341846325.417931 0.712200284 -0.020373153 0.322153926 0.091933414 -0.153657660 -0.005165549 0.983824611
1341846325.450747 0.702587545 -0.012346596 0.323016137 0.098591596 -0.143106118 -0.002669514 0.984780788
1341846325.485954 0.642445147 0.032967284 0.321331888 0.111909524 -0.128376707 0.000820335 0.985390782
1341846325.517875 0.641120255 0.047125645 0.321386844 0.116432406 -0.125982508 0.003198948 0.985170960
1341846325.553859 0.643088996 0.060817625 0.326352507 0.121391997 -0.122689232 0.002461359 0.984990001
1341846325.585855 0.641015351 0.084856600 0.327517599 0.125840724 -0.120169595 0.000754171 0.984745085
1341846325.617990 0.637810409 0.121075235 0.324747890 0.126127541 -0.117541775 0.000440691 0.985025704
1341846325.653982 0.641660035 0.090306394 0.330626816 0.120393343 -0.116730958 -0.003025891 0.985834777
1341846325.685819 0.627942622 0.100689448 0.332002908 0.126674712 -0.113380790 -0.000058858 0.985443234
1341846325.717857 0.626449823 0.122346178 0.334223151 0.132555649 -0.112878464 0.006275787 0.984707117
1341846325.754083 0.624984801 0.124380179 0.328160018 0.135001063 -0.112965286 0.009852277 0.984335542
1341846325.786087 0.622388244 0.134955168 0.333289117 0.142243177 -0.112070449 0.011627090 0.983398199
1341846325.821856 0.624773562 0.167273313 0.335514069 0.149420172 -0.110736787 0.014090406 0.982452333
1341846325.853827 0.613499939 0.179147705 0.338859230 0.150344774 -0.109191179 0.019205496 0.982397556
1341846325.885958 0.609869659 0.210368440 0.335579097 0.152770743 -0.112541035 0.026010668 0.981488228
1341846325.921984 0.615555346 0.209479839 0.347158968 0.151600972 -0.116965063 0.028623527 0.981079519
1341846325.953899 0.631559074 0.218765154 0.350686908 0.154558450 -0.118258230 0.030250475 0.980414033
1341846325.985823 0.622223854 0.237056389 0.355550438 0.158141345 -0.114760257 0.036074672 0.980061233
1341846326.021991 0.604460180 0.247152850 0.350951791 0.161616609 -0.112294711 0.041221201 0.979576886
1341846326.054055 0.621768415 0.268544018 0.358077735 0.168136045 -0.115845472 0.044987723 0.977898955
1341846326.089984 0.644262910 0.284674883 0.364602804 0.170951292 -0.117156550 0.046014708 0.977206588
1341846326.121822 0.631424546 0.316129118 0.373344630 0.175224856 -0.111227803 0.043503251 0.977257490
1341846326.154079 0.621202409 0.308920115 0.378096402 0.174598709 -0.107923016 0.042828307 0.977769732
1341846326.190178 0.615674555 0.333348066 0.381418794 0.179199517 -0.108034864 0.046061259 0.976777554
1341846326.222162 0.597927988 0.361502856 0.371326566 0.179430112 -0.107038751 0.052770425 0.976505458
1341846326.259181 0.618716419 0.380742937 0.384472281 0.177396417 -0.113523990 0.056673851 0.975925624
1341846326.322766 0.646660626 0.414545238 0.394790530 0.172532767 -0.118399657 0.056134414 0.976249397
1341846326.359773 0.652733028 0.416976899 0.399951220 0.168499395 -0.117595747 0.053899266 0.977176666
1341846326.392109 0.642764568 0.403167367 0.398312569 0.165554464 -0.113508485 0.053438500 0.978188038
1341846326.423985 0.632941723 0.427924097 0.412105113 0.172166079 -0.112824090 0.059787270 0.976757467
1341846326.459869 0.612373292 0.439962715 0.410529375 0.174023315 -0.112661481 0.065559827 0.976076424
1341846326.526163 0.648758531 0.523361146 0.419989318 0.181206405 -0.116039626 0.067700893 0.974225700
1341846326.560211 0.636362672 0.536141038 0.440669537 0.178551078 -0.111124508 0.066961244 0.975339532
1341846326.591828 0.624333262 0.530455709 0.440927655 0.173854679 -0.107076846 0.068474554 0.976534903
1341846326.627027 0.621571183 0.546176851 0.445909411 0.174745515 -0.105063856 0.067142077 0.976687074
1341846326.658442 0.646681428 0.576332033 0.456710815 0.175299287 -0.105715871 0.067588374 0.976486623
1341846326.694856 0.626053274 0.599785507 0.467291534 0.173572898 -0.099853098 0.068323262 0.977360606
1341846326.726206 0.610904694 0.626012444 0.465358883 0.171155125 -0.095913433 0.064744636 0.978424609
1341846326.762753 0.611237824 0.620486557 0.453524172 0.161411285 -0.092055373 0.061918810 0.980631590
1341846326.826821 0.604726732 0.631897151 0.464643240 0.144700587 -0.085453421 0.057680365 0.984089732
1341846326.858887 0.603537560 0.607710600 0.470209718 0.132648498 -0.084315553 0.055181094 0.986027598
1341846326.895360 0.584447920 0.606611490 0.482294321 0.130730331 -0.083173200 0.055186324 0.986380398
1341846326.926897 0.585321069 0.601151288 0.473824382 0.129553735 -0.086734153 0.057544496 0.986094177
1341846326.958888 0.590062261 0.605130136 0.474841923 0.130131721 -0.089019239 0.061099425 0.985600471
1341846326.994594 0.596883535 0.614615083 0.477515340 0.129623383 -0.089428946 0.063292250 0.985491931
1341846327.026301 0.602182567 0.620415568 0.481374413 0.126614779 -0.088923186 0.061462507 0.986044526
1341846327.063945 0.567235768 0.646671236 0.469236583 0.128640756 -0.080365166 0.055128455 0.986891031
1341846327.094662 0.594176710 0.630356193 0.490466803 0.123443142 -0.082992986 0.054895982 0.987350166
1341846327.128901 0.584649742 0.628707290 0.488679200 0.120912567 -0.081410244 0.054608416 0.987810969
1341846327.161940 0.583003402 0.634020925 0.488029212 0.118471265 -0.082070887 0.054162070 0.988076627
1341846327.193867 0.577878118 0.627815783 0.491706103 0.115782537 -0.078467324 0.051462222 0.988832116
1341846327.229885 0.557584286 0.635211885 0.473482341 0.115535058 -0.071234450 0.047461197 0.989608407
1341846327.262014 0.486907035 0.649982214 0.458191931 0.117112651 -0.052516412 0.045261465 0.990695775
1341846327.294023 0.440148324 0.655531287 0.444746763 0.120828301 -0.032234691 0.039813463 0.991350830
1341846327.330015 0.404082179 0.665106654 0.425987899 0.121942915 -0.014516896 0.036341429 0.991765320
1341846327.361939 0.390591860 0.670652151 0.411587864 0.118413679 -0.008271481 0.029721746 0.992484987
1341846327.393887 0.352173120 0.671099246 0.405311376 0.116329454 0.000587892 0.024173072 0.992916286
1341846327.429966 0.327532917 0.686660647 0.371987641 0.112928584 0.005097801 0.020615224 0.993376136
1341846327.461965 0.326255113 0.679246008 0.361025423 0.101169199 0.000077322 0.016365785 0.994734645
1341846327.497931 0.294385910 0.665476859 0.362757027 0.093569465 0.005315926 0.012231702 0.995523453
1341846327.530068 0.250215054 0.672233284 0.354997545 0.091328852 0.013162889 0.014053069 0.995634615
1341846327.561895 0.190179527 0.672538161 0.357546449 0.088227518 0.020423926 0.017998204 0.995728314
1341846327.598010 0.128399074 0.667156219 0.361822218 0.088043630 0.028370991 0.018732909 0.995536327
1341846327.629945 0.091054916 0.665702522 0.351921529 0.084500425 0.029743649 0.015192762 0.995863557
1341846327.662003 0.055451941 0.646700382 0.356921375 0.080088422 0.033050071 0.009487939 0.996194541
1341846327.697919 0.016597854 0.648359358 0.344327092 0.079761446 0.038649864 0.011117789 0.996002376
1341846327.730075 -0.020171423 0.654892266 0.331579745 0.073879831 0.043533124 0.015768146 0.996191800
1341846327.766017 -0.053221073 0.665473044 0.334221452 0.070598766 0.049199224 0.015214345 0.996174634
1341846327.797917 -0.012717602 0.677457094 0.337032825 0.064413965 0.041486595 0.018477758 0.996889293
1341846327.830054 -0.020056693 0.681897998 0.339924753 0.057574708 0.042742781 0.017599301 0.997270525
1341846327.865944 -0.032380030 0.670464575 0.329764724 0.049701251 0.047009245 0.016795319 0.997515857
1341846327.898010 -0.041209254 0.686367571 0.331597596 0.047718126 0.049369916 0.018379586 0.997470677
1341846327.929991 -0.035138428 0.690329194 0.335205615 0.042260360 0.046567906 0.016575838 0.997883201
1341846327.966065 -0.035721242 0.698202908 0.331853837 0.037744761 0.047296531 0.014232042 0.998066068
1341846327.998073 -0.035694458 0.702436149 0.330952555 0.030327948 0.048595801 0.011615484 0.998290479
1341846328.034045 -0.034788802 0.710572124 0.333080977 0.024830457 0.049617339 0.010447763 0.998404980
1341846328.065993 -0.033711091 0.704514086 0.334383368 0.018149814 0.050305448 0.009637990 0.998522460
1341846328.098045 -0.036914784 0.695250571 0.338267982 0.016942680 0.051274177 0.011507123 0.998474598
1341846328.133967 -0.046388809 0.695052147 0.332993150 0.019756157 0.051359382 0.015360598 0.998366654
1341846328.166023 -0.041108210 0.690712988 0.329785019 0.018724740 0.047189012 0.016355414 0.998576581
1341846328.198018 -0.043118361 0.671734691 0.331326097 0.017101498 0.044841107 0.013491517 0.998756707
1341846328.234044 -0.040409498 0.669837475 0.328084677 0.021409128 0.042302851 0.013049067 0.998790264
1341846328.265899 -0.043783598 0.656729162 0.324921280 0.022429580 0.040740784 0.014671749 0.998810232
1341846328.302051 -0.057792019 0.655504525 0.338897735 0.028427707 0.042454258 0.014414980 0.998589933
1341846328.333917 -0.092086650 0.641976893 0.341219068 0.032492206 0.047619537 0.017249323 0.998187959
1341846328.366008 -0.103359640 0.633334219 0.371246964 0.041247543 0.047251955 0.012191181 0.997956574
1341846328.402010 -0.150835559 0.611259162 0.376823097 0.052798275 0.057778548 0.011158377 0.996869922
1341846328.433920 -0.191436842 0.628843009 0.359553307 0.062354069 0.063621968 0.011280985 0.995960355
1341846328.470003 -0.197908893 0.612582266 0.372220606 0.063094571 0.064021915 0.003741202 0.995944917
1341846328.502194 -0.159362286 0.611759245 0.360450894 0.068291709 0.059697371 -0.002755441 0.995873988
1341846328.534033 -0.127373755 0.595285535 0.375069708 0.070217296 0.055905368 -0.003759979 0.995956838
1341846328.570125 -0.145448163 0.578776300 0.373392642 0.072840892 0.059049364 -0.001232850 0.995593309
1341846328.602804 -0.125729576 0.554878414 0.363028616 0.078240566 0.048055444 0.004815180 0.995764017
1341846328.672663 -0.133185402 0.546169281 0.368202984 0.092939831 0.037497185 -0.001074766 0.994964838
1341846328.702975 -0.110326663 0.519285679 0.370205373 0.093283109 0.030293258 0.000178679 0.995178699
1341846328.770129 -0.117230713 0.501204491 0.370041013 0.103378192 0.028688995 -0.001787263 0.994226694
1341846328.802331 -0.108630382 0.485304058 0.364891827 0.104590289 0.024085522 -0.002898757 0.994219482
1341846328.838051 -0.114354499 0.485048980 0.362483203 0.110924222 0.023507845 -0.007267782 0.993524253
1341846328.869939 -0.125895739 0.498252064 0.363025606 0.114081994 0.024580320 -0.008740550 0.993128777
1341846328.904486 -0.131338790 0.485311598 0.365833968 0.110366084 0.022600001 -0.009057986 0.993592799
1341846328.939814 -0.109179966 0.497081846 0.371743470 0.119892567 0.016665285 -0.008321933 0.992612123
1341846328.970217 -0.112300783 0.486466438 0.370461166 0.122795619 0.015143792 -0.005226181 0.992302656
1341846329.006232 -0.110492870 0.488807559 0.371794105 0.126136288 0.012478187 -0.001022260 0.991933942
1341846329.038243 -0.106689364 0.475272924 0.364553511 0.131070182 0.011204638 -0.000895720 0.991309404
1341846329.106125 -0.110883065 0.485637724 0.358160287 0.136139616 0.011699717 -0.003860122 0.990613043
1341846329.138340 -0.108455844 0.479686499 0.355712831 0.138899267 0.010576217 -0.005525602 0.990234613
1341846329.169991 -0.107817411 0.475436151 0.350344926 0.140229553 0.009439396 -0.006848746 0.990050375
1341846329.208656 -0.112262435 0.472799122 0.347820669 0.141728029 0.009721819 -0.009082931 0.989816248
1341846329.238169 -0.110055342 0.475432307 0.344732255 0.141957447 0.008505924 -0.009019409 0.989795148
1341846329.273827 -0.106978506 0.456785828 0.340644807 0.138978526 0.006953491 -0.007933038 0.990239263
1341846329.306052 -0.114256822 0.459473789 0.338150471 0.140496805 0.005876008 -0.009552862 0.990017653
1341846329.338104 -0.113680817 0.458254009 0.339162320 0.137090862 0.004904752 -0.012697281 0.990464985
1341846329.373907 -0.102089711 0.423769683 0.331232041 0.130642250 0.001938320 -0.012025904 0.991354764
1341846329.405985 -0.104182795 0.416881055 0.327549011 0.131937474 0.001016396 -0.016312826 0.991123319
1341846329.442057 -0.103793584 0.418880075 0.325294167 0.132489026 0.000892538 -0.019460030 0.990993023
1341846329.473950 -0.108419895 0.415246785 0.320324808 0.132961422 0.000727445 -0.024802623 0.990810573
1341846329.506147 -0.102746494 0.412694961 0.313571155 0.133613333 -0.002146577 -0.026892202 0.990666270
1341846329.542121 -0.098922633 0.416375875 0.313338846 0.134355262 -0.006202353 -0.026593776 0.990556896
1341846329.574086 -0.087450743 0.375012070 0.301919758 0.131576091 -0.009913294 -0.028920319 0.990834534
1341846329.606387 -0.093951359 0.379844755 0.295704961 0.135072008 -0.009168010 -0.030227408 0.990332186
1341846329.641955 -0.111279406 0.374448448 0.295514643 0.134552389 -0.007850096 -0.029862501 0.990425289
1341846329.681570 -0.109262019 0.365950674 0.297188699 0.134135574 -0.011506551 -0.029986251 0.990442395
1341846329.748113 -0.106145985 0.354486883 0.292866826 0.135250077 -0.011420913 -0.032340035 0.990217745
1341846329.810175 -0.116667673 0.340811759 0.293052197 0.134612307 -0.006970159 -0.028297247 0.990469694
1341846329.842255 -0.116267838 0.302583098 0.284992546 0.130411819 -0.007209967 -0.025060574 0.991117001
1341846329.874044 -0.127401054 0.287807018 0.284930944 0.130621120 -0.006080761 -0.021401178 0.991182745
1341846329.910073 -0.113909714 0.290968359 0.280251741 0.130947813 -0.009227198 -0.019760277 0.991149426
1341846329.942009 -0.132247165 0.289350361 0.281226486 0.126803309 -0.006924625 -0.014545646 0.991797149
1341846329.978087 -0.110108420 0.265275389 0.276481986 0.124100246 -0.011287258 -0.013396009 0.992115080
1341846330.016305 -0.121140361 0.297296822 0.279285312 0.131276086 -0.007533545 -0.015461245 0.991196692
1341846330.048192 -0.121677026 0.314730704 0.276645750 0.129766390 -0.006651374 -0.013362125 0.991432309
1341846330.080418 -0.117447995 0.301199108 0.275907278 0.126031280 -0.007586004 -0.011407180 0.991931736
1341846330.115886 -0.103101067 0.280431956 0.271900862 0.127216741 -0.008685402 -0.010391143 0.991782486
1341846330.147839 -0.115604676 0.300328672 0.273245662 0.131138250 -0.007001888 -0.008281698 0.991304815
1341846330.181257 -0.105946213 0.289054632 0.264971465 0.122840695 -0.009280436 -0.005310463 0.992368877
1341846330.215852 -0.112568185 0.282003820 0.271283954 0.117314890 -0.007157249 -0.005923075 0.993051410
1341846330.247833 -0.112051159 0.255274087 0.262546122 0.111366436 -0.007082577 -0.005666682 0.993737996
1341846330.283913 -0.116118751 0.267164588 0.262736827 0.109043874 -0.006916315 -0.004784231 0.994001389
1341846330.316011 -0.118547738 0.264178544 0.264280349 0.103710167 -0.007584549 -0.006215517 0.994559228
1341846330.347868 -0.126078337 0.263963759 0.263311714 0.102599993 -0.008163516 -0.006442275 0.994668365
1341846330.383835 -0.118647307 0.263214618 0.264430702 0.101088010 -0.009382177 -0.006496727 0.994812012
1341846330.415934 -0.113266565 0.240594313 0.258841515 0.098755099 -0.009320091 -0.009238275 0.995025277
1341846330.452561 -0.126787394 0.251413971 0.257452965 0.103763849 -0.008237708 -0.010273387 0.994514823
1341846330.483903 -0.126770541 0.259084523 0.253930360 0.104417786 -0.010726051 -0.007482916 0.994447529
1341846330.515970 -0.135872111 0.239507362 0.253762662 0.100566775 -0.011641263 -0.004137689 0.994853616
1341846330.552099 -0.130489647 0.244687483 0.251642913 0.103252098 -0.013780792 -0.002491595 0.994556665
1341846330.583876 -0.122153260 0.258035064 0.249322832 0.103981100 -0.015855417 -0.002681219 0.994449317
1341846330.619992 -0.139500976 0.264402002 0.242590785 0.099581532 -0.014470120 -0.002716814 0.994920552
1341846330.652136 -0.134336457 0.259276271 0.243385911 0.092809968 -0.016428238 -0.004718161 0.995537162
1341846330.683796 -0.132959992 0.266954780 0.241214037 0.090110630 -0.016655635 -0.004764603 0.995781124
1341846330.719991 -0.132940590 0.239998311 0.231480896 0.084389977 -0.019800402 -0.003566144 0.996229708
1341846330.752103 -0.142627090 0.233378932 0.228825048 0.085333377 -0.023070101 -0.000002409 0.996085346
1341846330.787952 -0.142913803 0.221464828 0.220387459 0.082675911 -0.028487677 0.003591611 0.996162832
1341846330.819823 -0.139700413 0.234778419 0.221994936 0.084863454 -0.033152841 0.003939197 0.995833158
1341846330.852208 -0.158389181 0.256982088 0.221171901 0.087445222 -0.031571236 0.004724190 0.995657742
1341846330.914111 -0.159962505 0.261701345 0.212141648 0.077513635 -0.034858659 0.003316473 0.996376216
1341846330.949903 -0.160903811 0.251674205 0.215158209 0.074324287 -0.036491565 0.001855297 0.996564567
1341846330.981986 -0.173149765 0.249686435 0.201552466 0.074080735 -0.039578024 0.003083746 0.996461868
1341846331.014111 -0.159431592 0.255773157 0.200128570 0.073951483 -0.045610096 0.003904495 0.996210694
1341846331.082139 -0.168620557 0.260654807 0.202935860 0.077116475 -0.047239296 -0.000346942 0.995902300
1341846331.114334 -0.171732023 0.257438242 0.199225605 0.075518988 -0.048897345 -0.000069067 0.995944738
1341846331.149989 -0.153295338 0.241485193 0.201389298 0.074169487 -0.052787971 -0.001301213 0.995846748
1341846331.181954 -0.173732892 0.248433992 0.193468630 0.078195371 -0.049940094 -0.002772950 0.995682597
1341846331.218151 -0.172806159 0.250734270 0.182235956 0.076126240 -0.053769339 -0.000029821 0.995647371
1341846331.249914 -0.194138855 0.255207330 0.178257227 0.076605111 -0.050762329 -0.003856767 0.995761037
1341846331.318141 -0.236337617 0.263860494 0.161781356 0.088398390 -0.033295680 -0.008195370 0.995494843
1341846331.349926 -0.248959899 0.235992387 0.147400439 0.081503905 -0.027966173 -0.011207924 0.996217608
1341846331.382003 -0.292122722 0.272305965 0.143086940 0.093701057 -0.010754636 -0.009802452 0.995494068
1341846331.418008 -0.279142529 0.237381160 0.131023809 0.092439353 -0.005434596 -0.011990150 0.995631278
1341846331.450327 -0.324477345 0.225809574 0.135194182 0.091588393 0.006650216 -0.010128249 0.995723248
1341846331.486219 -0.351365626 0.220513046 0.138247892 0.090326734 0.012524829 -0.008758252 0.995794892
1341846331.518344 -0.373918176 0.206817135 0.138753623 0.087010182 0.017663904 -0.010356606 0.995997012
1341846331.550202 -0.388661802 0.203260854 0.165247962 0.090625346 0.025107669 -0.010429191 0.995513916
1341846331.586139 -0.398357630 0.203749880 0.168511182 0.091236182 0.027048724 -0.009613799 0.995415509
1341846331.617931 -0.374133885 0.207638264 0.178853378 0.090985604 0.023898114 -0.009248411 0.995522499
1341846331.654027 -0.416709393 0.211851820 0.196478337 0.093656242 0.034942061 -0.009063929 0.994949937
1341846331.686123 -0.412966579 0.241234004 0.199296102 0.099915236 0.036016047 -0.006313985 0.994323909
1341846331.717954 -0.418683082 0.230146483 0.199865788 0.093479149 0.035828311 -0.008237278 0.994942367
1341846331.754076 -0.401796639 0.248229131 0.221081510 0.096883610 0.034975991 -0.008104059 0.994647980
1341846331.785920 -0.428985566 0.242115647 0.231868565 0.098631941 0.042541604 -0.009683090 0.994167149
1341846331.818053 -0.424744576 0.249041915 0.236774206 0.098842598 0.043172922 -0.009166883 0.994123876
1341846331.853849 -0.442538857 0.254410148 0.252021730 0.099794798 0.046530183 -0.009610387 0.993873060
1341846331.885987 -0.442032754 0.242047250 0.263311177 0.100686193 0.050511807 -0.011903701 0.993563890
1341846331.922014 -0.418196619 0.229615748 0.286301821 0.099908665 0.050082602 -0.012865392 0.993652105
1341846331.954037 -0.432487279 0.237080455 0.288256854 0.101578422 0.056171402 -0.013129386 0.993153691
1341846331.986135 -0.441414118 0.244426876 0.290361464 0.106474563 0.063592397 -0.011977538 0.992207527
1341846332.022364 -0.461655438 0.249526083 0.306456357 0.114886925 0.071153313 -0.011294522 0.990762651
1341846332.054175 -0.459490478 0.245581269 0.321872145 0.120121203 0.070266768 -0.010698169 0.990211666
1341846332.086502 -0.467062831 0.251006335 0.333393663 0.123831429 0.072020240 -0.009827943 0.989637434
1341846332.122051 -0.431709319 0.235191315 0.348067552 0.122425310 0.067175016 -0.011351489 0.990136743
1341846332.153983 -0.439866692 0.252036601 0.358008295 0.122446366 0.068093784 -0.011941034 0.990064442
1341846332.190165 -0.461149722 0.248944029 0.368690431 0.115389109 0.070433430 -0.013170159 0.990732610
1341846332.254145 -0.471587062 0.249112636 0.397892922 0.118228070 0.073671550 -0.017401833 0.990096927
1341846332.289948 -0.476945072 0.241205722 0.409312338 0.118427172 0.074161142 -0.015319112 0.990070939
1341846332.322172 -0.451750875 0.219354182 0.421379268 0.115451366 0.069079876 -0.012636461 0.990827680
1341846332.354003 -0.409101039 0.211269706 0.428268909 0.116994575 0.064139970 -0.014062562 0.990959525
1341846332.390180 -0.400356710 0.231903538 0.438213468 0.121434391 0.067448676 -0.017955007 0.990142405
1341846332.422055 -0.425177306 0.234888524 0.445540041 0.119747937 0.074549071 -0.022103861 0.989754677
1341846332.458114 -0.420500189 0.223517865 0.455634117 0.117568284 0.076664485 -0.023605477 0.989819765
1341846332.489993 -0.408513606 0.234230354 0.471894085 0.120484315 0.075326517 -0.021669827 0.989616096
1341846332.522130 -0.415619344 0.237355962 0.487383902 0.120672144 0.072413504 -0.016800011 0.989905179
1341846332.558114 -0.433615118 0.240802407 0.490263432 0.121906772 0.070933737 -0.010540215 0.989947557
1341846332.589874 -0.420150310 0.250454754 0.481055230 0.122135043 0.066237852 -0.005814004 0.990283728
1341846332.621889 -0.413999915 0.248937398 0.484734654 0.116784818 0.065184072 -0.004302023 0.991006494
1341846332.658202 -0.425359726 0.245380133 0.497506559 0.113100290 0.069064632 -0.007174813 0.991154373
1341846332.690001 -0.432686538 0.246198431 0.505114079 0.111044742 0.071289420 -0.006866895 0.991231441
1341846332.726000 -0.450063884 0.246306926 0.523588836 0.111074686 0.073798329 -0.002937208 0.991063893
1341846332.758386 -0.439218104 0.239918828 0.516163170 0.109500542 0.068978600 -0.004477426 0.991580367
1341846332.789937 -0.435990870 0.240197852 0.513485789 0.107948914 0.070428737 -0.005774511 0.991641819
1341846332.825925 -0.451447397 0.242009178 0.521484733 0.106802978 0.076119758 -0.006656799 0.991339803
1341846332.857898 -0.464722663 0.239995003 0.529114664 0.107493937 0.080107927 -0.007922500 0.990941465
1341846332.894069 -0.476663768 0.239469931 0.525299966 0.104933627 0.081816331 -0.009189673 0.991065383
1341846332.926029 -0.502159536 0.234859347 0.529842675 0.099454686 0.088259742 -0.013167599 0.991032600
1341846332.958015 -0.527622640 0.231840268 0.537003100 0.095811293 0.095994525 -0.015540009 0.990638077
1341846332.994073 -0.553206742 0.230116934 0.539203525 0.091898739 0.102262512 -0.017117631 0.990355492
1341846333.026545 -0.583225906 0.222541094 0.549624801 0.087674916 0.109964617 -0.019993786 0.989859223
1341846333.057998 -0.619893551 0.225667760 0.567074180 0.088870943 0.120258555 -0.016629061 0.988616884
1341846333.094024 -0.648019969 0.218826979 0.569355965 0.087906480 0.126829505 -0.013311441 0.987931967
1341846333.126095 -0.688363612 0.215218768 0.577158034 0.087740779 0.137397707 -0.010747933 0.986563742
1341846333.161973 -0.735693157 0.223310530 0.586115897 0.088528872 0.149687618 -0.005322999 0.984747648
1341846333.195660 -0.769417346 0.213006780 0.594215333 0.083906427 0.158399090 -0.004708319 0.983792305
1341846333.226331 -0.826499879 0.206064880 0.622045338 0.080254972 0.171185181 -0.006253680 0.981944859
1341846333.262056 -0.868671536 0.197308481 0.637698174 0.073913418 0.180312485 -0.007514196 0.980799615
1341846333.294147 -0.894645691 0.205969155 0.637926877 0.073139057 0.184759021 -0.007697481 0.980028331
1341846333.326100 -0.917964101 0.208144635 0.641075969 0.071499221 0.188442722 -0.009357796 0.979433298
1341846333.362100 -0.885499418 0.217829064 0.638219357 0.069066130 0.182461366 -0.008570279 0.980746806
1341846333.394119 -0.891182959 0.211708203 0.643030226 0.065768003 0.182523325 -0.008697049 0.980960906
1341846333.429974 -0.889821470 0.206192806 0.645023227 0.063375831 0.181039259 -0.008232797 0.981397212
1341846333.462115 -0.911335886 0.204652086 0.649593174 0.063149132 0.185768262 -0.010554610 0.980505466
1341846333.494040 -0.940437496 0.200693250 0.655346215 0.063201785 0.192092806 -0.011669031 0.979269981
1341846333.529953 -0.967834473 0.198207632 0.656239450 0.063503519 0.198524803 -0.012246205 0.977959752
1341846333.562063 -0.993341863 0.203912050 0.671239018 0.065936424 0.205526665 -0.010070716 0.976375878
1341846333.594090 -1.021936178 0.207431406 0.678327560 0.064937137 0.209939077 -0.007773615 0.975524724
1341846333.629994 -1.049393892 0.211106509 0.691612542 0.062101122 0.213151336 -0.008027066 0.975010574
1341846333.662127 -1.072741985 0.208313122 0.695231199 0.058345102 0.215978861 -0.006206969 0.974633515
1341846333.697964 -1.092955589 0.204179227 0.703939140 0.057206064 0.220031291 -0.005422828 0.973798931
1341846333.730092 -1.110675573 0.214833632 0.704935849 0.061873365 0.223179922 -0.005515819 0.972796023
1341846333.762089 -1.079792023 0.211065680 0.690573990 0.062715173 0.217522532 -0.004173977 0.974029481
1341846333.798006 -1.058574200 0.203894824 0.682551622 0.062604658 0.213455960 -0.003783381 0.974937379
1341846333.830055 -1.073286057 0.208194837 0.682640731 0.065709949 0.217410535 -0.007103277 0.973840058
1341846333.866045 -1.061332941 0.201486051 0.673958182 0.064705372 0.215431467 -0.007117348 0.974346936
1341846333.897987 -1.063587070 0.200772032 0.670580447 0.066439375 0.215282708 -0.008241136 0.974254191
1341846333.930099 -1.070158243 0.204175904 0.666285336 0.070114151 0.216964975 -0.010501788 0.973601520
1341846333.965889 -1.077254772 0.203877881 0.663457870 0.072179183 0.218447715 -0.011267637 0.973110378
1341846333.997985 -1.076727509 0.207233980 0.658045650 0.075932615 0.218708470 -0.012555978 0.972750366
1341846334.030076 -1.097175360 0.207527623 0.657807946 0.078696646 0.222715184 -0.012100468 0.971626699
1341846334.066000 -1.112724781 0.210691944 0.660004020 0.081528857 0.224541530 -0.011400259 0.970981061
1341846334.097932 -1.132874846 0.221216694 0.658762753 0.085570320 0.227388144 -0.012240391 0.969960093
1341846334.133884 -1.144784927 0.228976071 0.661854565 0.088746369 0.229946032 -0.013137262 0.969059587
1341846334.166115 -1.137661099 0.229502529 0.654589355 0.088896930 0.226565838 -0.012681711 0.969847679
1341846334.198072 -1.109060049 0.206563294 0.628390312 0.084101379 0.217945546 -0.011488630 0.972262681
1341846334.234097 -1.107795000 0.207882166 0.617597640 0.084122360 0.217834368 -0.012861151 0.972268641
1341846334.266045 -1.121236920 0.206736103 0.618685544 0.084115051 0.220757172 -0.012096405 0.971619666
1341846334.297946 -1.132882833 0.212191805 0.618732989 0.086706363 0.220350638 -0.010461751 0.971503079
1341846334.334036 -1.133084536 0.212179124 0.608559966 0.086696804 0.217826471 -0.010711050 0.972070277
1341846334.365871 -1.135663390 0.213261545 0.599205256 0.085737921 0.217688546 -0.012180964 0.972168922
1341846334.401845 -1.143239141 0.213657513 0.595545828 0.084239453 0.219125748 -0.012928100 0.971967399
1341846334.433864 -1.146514058 0.207118154 0.589750767 0.083630614 0.217295259 -0.011902605 0.972443879
1341846334.466105 -1.149588943 0.211705253 0.580877185 0.084754221 0.215350091 -0.011222295 0.972787321
1341846334.502142 -1.157328010 0.216315314 0.575694561 0.084022902 0.214558780 -0.010355129 0.973035157
1341846334.540153 -1.164029837 0.211951077 0.573780477 0.082897417 0.214152172 -0.012645759 0.973194242
1341846334.602351 -1.181203365 0.215187490 0.561019778 0.076169103 0.211294919 -0.018409215 0.974276125
1341846334.670161 -1.191809654 0.218732804 0.551732600 0.070772372 0.209718570 -0.023706717 0.974908948
1341846334.702085 -1.196338534 0.219070449 0.546873450 0.070008695 0.207485855 -0.023383493 0.975449502
1341846334.734751 -1.198724389 0.222589836 0.536937475 0.071006015 0.204270110 -0.022166843 0.976084292
1341846334.770889 -1.202208638 0.225210950 0.525300741 0.071804076 0.201950476 -0.019168025 0.976571918
1341846334.802194 -1.198837996 0.225534946 0.514912605 0.071117535 0.197556898 -0.018256571 0.977537930
1341846334.833908 -1.197233796 0.228139922 0.502088428 0.070480473 0.194938362 -0.020227257 0.978070796
1341846334.869874 -1.195614219 0.223426118 0.485482872 0.067358017 0.193051666 -0.018497186 0.978699088
1341846334.902006 -1.191934705 0.218585551 0.469752342 0.065180086 0.189099431 -0.016954042 0.979645610
1341846334.938010 -1.184628844 0.219817340 0.454593539 0.064253472 0.183462486 -0.016457587 0.980786502
1341846334.970032 -1.217337251 0.207813904 0.469008267 0.062134143 0.188902453 -0.020030500 0.979823470
1341846335.002203 -1.219175935 0.207124889 0.454431713 0.063985758 0.187953934 -0.017376103 0.979937375
1341846335.037880 -1.214493155 0.203614831 0.439396650 0.065760240 0.182564214 -0.015084612 0.980876327
1341846335.069990 -1.212575197 0.215601340 0.433395445 0.067668304 0.178664327 -0.016222922 0.981446385
1341846335.106038 -1.211679459 0.222406536 0.421767920 0.069009870 0.179268271 -0.018744595 0.981197834
1341846335.138045 -1.245756149 0.211042523 0.425065309 0.068522803 0.185090780 -0.020120716 0.980123043
1341846335.169900 -1.255539417 0.213140950 0.407578051 0.068041727 0.182485148 -0.020001788 0.980647504
1341846335.206091 -1.263355970 0.222257733 0.400010169 0.068506204 0.182068333 -0.022354100 0.980641782
1341846335.239365 -1.264417648 0.227647647 0.395439982 0.069669157 0.183076262 -0.025223987 0.980302513
1341846335.269948 -1.273298979 0.222948611 0.388894141 0.070143171 0.184733689 -0.025699126 0.979945421
1341846335.305972 -1.281272173 0.216799751 0.386604816 0.070895746 0.183168441 -0.025714088 0.980184615
1341846335.338012 -1.285380125 0.218980104 0.379571557 0.072908908 0.182094738 -0.025010603 0.980255246
1341846335.374005 -1.293494940 0.222223982 0.374008060 0.079387978 0.184934989 -0.026064470 0.979192138
1341846335.406025 -1.296168327 0.209116250 0.361295193 0.083537169 0.186411977 -0.024033686 0.978618681
1341846335.438079 -1.298848987 0.216668248 0.348930955 0.089542575 0.186202839 -0.021639286 0.978183210
1341846335.473998 -1.301011920 0.222297102 0.341556728 0.092018232 0.187642485 -0.021954538 0.977671206
1341846335.507038 -1.303630352 0.226077586 0.329639912 0.092406087 0.189630508 -0.024504604 0.977190316
1341846335.538040 -1.311434031 0.233547956 0.325045675 0.092267320 0.192360520 -0.026057106 0.976629555
1341846335.574119 -1.322719574 0.246221676 0.321459949 0.091565356 0.193197086 -0.025353102 0.976549029
1341846335.605970 -1.333226681 0.241950527 0.317438424 0.089758538 0.193775073 -0.026308738 0.976576924
1341846335.641978 -1.307815909 0.230808243 0.292918980 0.088231780 0.189675167 -0.028914779 0.977446914
1341846335.673993 -1.324805975 0.235040233 0.291069120 0.088110544 0.192267895 -0.029007269 0.976948440
1341846335.706178 -1.331321836 0.230399013 0.281988502 0.086858906 0.191016212 -0.027599907 0.977346718
1341846335.741982 -1.328598976 0.230456948 0.270692199 0.087234996 0.189797074 -0.028462280 0.977526009
1341846335.773960 -1.337681293 0.234905422 0.261284620 0.087324694 0.190798864 -0.029003011 0.977307022
1341846335.806271 -1.354269981 0.242178127 0.258705646 0.085991226 0.192535445 -0.029235283 0.977077782
1341846335.842031 -1.343362570 0.239851013 0.245084032 0.083819680 0.190993547 -0.027424175 0.977621436
1341846335.873966 -1.363177299 0.239982620 0.243549719 0.084668465 0.195156142 -0.028924521 0.976682544
1341846335.910005 -1.370325685 0.249531209 0.232809901 0.085560985 0.194926575 -0.026659418 0.976715028
1341846335.941936 -1.378507257 0.250015259 0.225561291 0.084360227 0.193268105 -0.026618034 0.977150142
1341846335.974198 -1.374826431 0.252115369 0.213590384 0.083993852 0.191334426 -0.028731143 0.977502286
1341846336.010032 -1.390308738 0.254991055 0.212496668 0.083731093 0.192816243 -0.029902549 0.977198482
1341846336.042129 -1.393230081 0.256153584 0.196828127 0.082756586 0.190612897 -0.027869273 0.977773726
1341846336.078076 -1.398504019 0.257359177 0.195547700 0.082991704 0.189050362 -0.029779170 0.978000820
1341846336.110739 -1.401154041 0.263157248 0.190506160 0.083862521 0.189070880 -0.031094538 0.977881610
1341846336.142002 -1.411703587 0.258857936 0.179090768 0.082973838 0.189224318 -0.030057261 0.977960169
1341846336.183953 -1.418883801 0.262097359 0.170834839 0.082620583 0.186642453 -0.028978970 0.978518605
1341846336.241891 -1.421936512 0.267590731 0.165174305 0.081423044 0.186078101 -0.030261755 0.978687644
1341846336.277946 -1.427994609 0.262000740 0.160865203 0.081720389 0.185817719 -0.026575640 0.978819370
1341846336.309977 -1.385874510 0.269374609 0.121083841 0.085865699 0.174223348 -0.022280304 0.980702281
1341846336.346143 -1.333747149 0.268570125 0.092020899 0.086786963 0.163555369 -0.019304901 0.982519746
1341846336.377975 -1.269614339 0.279056728 0.066153929 0.089499950 0.152016610 -0.020223310 0.984109640
1341846336.410032 -1.232168078 0.285838157 0.032344498 0.090867564 0.145061582 -0.019850731 0.985041201
1341846336.446041 -1.184079647 0.291570961 0.010342795 0.090645246 0.136079609 -0.020261189 0.986334264
1341846336.477990 -1.139676690 0.294337779 -0.011920528 0.090400860 0.128344223 -0.017095897 0.987452924
1341846336.510056 -1.074674129 0.287109047 -0.015516695 0.090256833 0.117847897 -0.015509601 0.988799810
1341846336.546024 -1.023391962 0.284639716 -0.035927169 0.090424329 0.109615579 -0.012158256 0.989777803
1341846336.578003 -0.973841369 0.294533283 -0.059498407 0.091385804 0.100587137 -0.011621018 0.990654290
1341846336.614020 -0.928325593 0.298196554 -0.079090834 0.091263473 0.094060451 -0.011901686 0.991303205
1341846336.645982 -0.878782272 0.297847331 -0.103800140 0.089062035 0.087477386 -0.012823986 0.992094338
1341846336.678036 -0.836330175 0.291758955 -0.123268381 0.087016732 0.077971876 -0.010465296 0.993095636
1341846336.714024 -0.791038930 0.309502631 -0.128287703 0.092805512 0.068596005 -0.014104025 0.993218422
1341846336.746016 -0.729945779 0.302481830 -0.138567388 0.095511205 0.055788402 -0.011015742 0.993802786
1341846336.778014 -0.687953234 0.313597679 -0.173080847 0.098969527 0.045017876 -0.011697198 0.994002819
1341846336.820006 -0.620254278 0.309407234 -0.156689659 0.098485895 0.030635059 -0.007538241 0.994638264
1341846336.882056 -0.550782084 0.292645007 -0.166429162 0.097882234 0.017888261 -0.007376799 0.995009899
1341846336.914273 -0.480219871 0.288046896 -0.163044915 0.098986045 0.000393874 -0.007508651 0.995060444
1341846336.945998 -0.409622222 0.297194302 -0.164132088 0.107101865 -0.018252382 -0.008441744 0.994044721
1341846336.981980 -0.358156443 0.302715957 -0.166197911 0.108750336 -0.027896805 -0.006759690 0.993654609
1341846337.014238 -0.286618769 0.316094100 -0.155654609 0.108536445 -0.043343108 -0.007794049 0.993116617
1341846337.046017 -0.224796668 0.327035517 -0.127448007 0.109802581 -0.054801628 -0.008436004 0.992405653
1341846337.082104 -0.171618640 0.331848860 -0.124252886 0.109977163 -0.064003885 -0.008013125 0.991838872
1341846337.114317 -0.137284115 0.324568659 -0.126496285 0.105832927 -0.071078815 -0.004340290 0.991830826
1341846337.150037 -0.096703000 0.325561315 -0.106390208 0.104574069 -0.079188384 -0.005168822 0.991346002
1341846337.181873 -0.058919065 0.329609364 -0.090916619 0.104306735 -0.083668172 -0.003067879 0.991014838
1341846337.214073 -0.020690588 0.333213568 -0.076587416 0.101816706 -0.089556001 -0.002085543 0.990761757
1341846337.250087 -0.003233561 0.321051955 -0.044911329 0.097613603 -0.094130851 0.001659272 0.990761459
1341846337.282028 0.035006132 0.317359298 -0.043736894 0.097078994 -0.104642995 0.004600411 0.989749670
1341846337.317920 0.045230255 0.313665360 -0.027201328 0.096270889 -0.106425859 0.007982704 0.989616990
1341846337.350018 0.069272637 0.313540787 -0.030108601 0.093921252 -0.110157825 0.011381365 0.989401162
1341846337.382159 0.082809970 0.307136267 -0.024249118 0.090655923 -0.111598708 0.009323510 0.989565730
1341846337.417941 0.095805302 0.305408657 -0.023674414 0.091999188 -0.112827100 0.009370484 0.989301980
1341846337.450137 0.102922752 0.298405707 -0.041351430 0.089378648 -0.114488162 0.011524590 0.989328623
1341846337.482096 0.108187288 0.298477739 -0.038681284 0.088339210 -0.115442134 0.010999283 0.989317119
1341846337.518008 0.107479922 0.290164351 -0.031261932 0.088288493 -0.115674116 0.011852757 0.989284694
1341846337.549978 0.113925919 0.299779177 -0.039007455 0.089380242 -0.117283680 0.011530250 0.989000976
1341846337.585971 0.117956556 0.304190874 -0.035124101 0.087889172 -0.118385389 0.009893089 0.989021003
1341846337.617903 0.123908877 0.303871661 -0.027536757 0.090714410 -0.120286152 0.008834023 0.988546491
1341846337.650141 0.129595503 0.307111859 -0.030146219 0.092122793 -0.121285245 0.010277598 0.988280177
1341846337.686352 0.141770795 0.314284652 -0.029512536 0.091230229 -0.123300202 0.011285177 0.988102674
1341846337.718002 0.149811760 0.315464765 -0.014413159 0.090267286 -0.124223448 0.010727271 0.988081634
1341846337.749920 0.160555899 0.320196420 -0.007800222 0.090512559 -0.123791486 0.011014275 0.988110244
1341846337.786157 0.170137987 0.310123026 0.001897959 0.084356584 -0.122902133 0.014669578 0.988718271
1341846337.817945 0.179312348 0.307106316 0.019830335 0.082107395 -0.122372523 0.015866246 0.988954842
1341846337.854071 0.168126404 0.308041930 0.010424685 0.080684513 -0.116831981 0.013198956 0.989780843
1341846337.885951 0.186536431 0.315442562 0.024227668 0.078997061 -0.117850631 0.014483333 0.989778280
1341846337.918223 0.212746650 0.316917479 0.047701858 0.075339869 -0.121326163 0.012385382 0.989671886
1341846337.954120 0.231351644 0.312955081 0.068701603 0.072449572 -0.123447165 0.012937556 0.989618361
1341846337.985994 0.225432634 0.303381473 0.069130592 0.067043543 -0.121473216 0.013707969 0.990233123
1341846338.018107 0.244100511 0.303195000 0.093967639 0.064180538 -0.123164184 0.014670917 0.990200102
1341846338.054055 0.221025884 0.312005252 0.078568406 0.063255884 -0.117177077 0.012246077 0.991018832
1341846338.085986 0.250868201 0.313284039 0.107981853 0.060325179 -0.119608812 0.012768026 0.990904450
1341846338.121875 0.256512493 0.310196906 0.124190211 0.058292814 -0.118946068 0.014391986 0.991083562
1341846338.154089 0.295584053 0.307666630 0.153840601 0.056069899 -0.126567677 0.020108145 0.990167916
1341846338.186029 0.314470589 0.303888917 0.171651408 0.053819276 -0.130191982 0.023345362 0.989751816
1341846338.222071 0.292414069 0.318639427 0.165447071 0.055211890 -0.124342650 0.020386005 0.990492284
1341846338.254107 0.310733765 0.314447403 0.189759031 0.053147081 -0.126776069 0.022266669 0.990256250
1341846338.290130 0.303295851 0.317442626 0.194314957 0.054359574 -0.125581786 0.023251679 0.990319967
1341846338.321952 0.314977109 0.318799973 0.203061521 0.054055940 -0.127015814 0.025761684 0.990091622
1341846338.354022 0.308207840 0.316568464 0.214397132 0.053383995 -0.125334650 0.025020644 0.990361273
1341846338.389969 0.304257900 0.321825922 0.214073986 0.053339969 -0.123799413 0.026250569 0.990524828
1341846338.422377 0.304844499 0.315086752 0.234496713 0.050787877 -0.123992659 0.025017234 0.990666747
1341846338.454010 0.303473711 0.308316857 0.243355319 0.048229791 -0.124211237 0.024269694 0.990785778
1341846338.489894 0.299682319 0.311817348 0.248891905 0.047857251 -0.124199755 0.023704480 0.990818977
1341846338.522066 0.295920581 0.311588317 0.257438570 0.049271178 -0.122935951 0.024196122 0.990895391
1341846338.558058 0.286729455 0.308771670 0.257284760 0.047082160 -0.121417530 0.022360643 0.991232097
1341846338.589842 0.276068062 0.303447425 0.266902566 0.044511516 -0.119600981 0.020999851 0.991601408
1341846338.622019 0.268179566 0.302289993 0.274433732 0.045622367 -0.117073797 0.022599675 0.991817355
1341846338.657984 0.265720725 0.295488209 0.277552456 0.043629352 -0.117152445 0.025196958 0.991835177
1341846338.690198 0.258445621 0.290497929 0.276099503 0.040858202 -0.115943052 0.023122681 0.992145717
1341846338.722454 0.248930678 0.285293698 0.288205087 0.040256280 -0.112831071 0.022907486 0.992534041
1341846338.757945 0.257433653 0.284892559 0.293267101 0.039364964 -0.115452819 0.024925916 0.992219627
1341846338.790039 0.248719364 0.282198995 0.306067109 0.036721081 -0.115765862 0.023825051 0.992311537
1341846338.826048 0.242787346 0.279773206 0.311321169 0.037224483 -0.113074921 0.020689026 0.992673397
1341846338.858027 0.245305300 0.280175090 0.315186054 0.036764346 -0.112503462 0.021077381 0.992747307
1341846338.889902 0.231251583 0.277681649 0.327932835 0.033825044 -0.110661529 0.021099987 0.993058264
1341846338.925948 0.233071804 0.272435218 0.333237141 0.032763757 -0.109883763 0.018381080 0.993234277
1341846338.958108 0.228649005 0.271416545 0.344103038 0.032971438 -0.107130446 0.018571051 0.993524611
1341846338.990057 0.224967733 0.275275975 0.353261143 0.034652498 -0.106363982 0.019568074 0.993530571
1341846339.025928 0.226109296 0.271946937 0.363495469 0.035841759 -0.105575144 0.018290674 0.993596852
1341846339.057939 0.224609479 0.267482579 0.372812390 0.037422430 -0.102617987 0.018743373 0.993839920
1341846339.093927 0.232541159 0.271084309 0.380644441 0.036051434 -0.105599128 0.022055840 0.993510246
1341846339.126562 0.227560371 0.268686056 0.386362642 0.032234851 -0.104894362 0.018881008 0.993781447
1341846339.157969 0.224296868 0.272365302 0.398997158 0.030917739 -0.101067886 0.015663480 0.994275630
1341846339.194113 0.231439084 0.274734527 0.416035295 0.029041521 -0.102322988 0.018764380 0.994150162
1341846339.228165 0.240854189 0.277716100 0.429651439 0.025461884 -0.106505178 0.020518348 0.993774295
1341846339.257998 0.252287030 0.284538567 0.444055945 0.024559908 -0.107013062 0.020732118 0.993737996
1341846339.294132 0.258648694 0.280213594 0.450498372 0.023222880 -0.105925046 0.021591358 0.993868411
1341846339.326577 0.262582481 0.263759971 0.456379980 0.014541994 -0.108920477 0.025085347 0.993627548
1341846339.362269 0.252553433 0.283827960 0.469555169 0.015365293 -0.108344622 0.022255724 0.993745506
1341846339.394725 0.258610934 0.281436026 0.475833476 0.014135082 -0.107518300 0.022200387 0.993854702
1341846339.462186 0.264761060 0.259754002 0.488521963 0.006702348 -0.108863771 0.021598974 0.993799448
1341846339.496743 0.266358882 0.276758641 0.501760364 0.013261136 -0.104492411 0.019604737 0.994243979
1341846339.562052 0.280514777 0.272304386 0.531247675 0.013861116 -0.105348021 0.023476290 0.994061649
1341846339.595122 0.283802360 0.267028987 0.536702991 0.014606130 -0.104583018 0.022259759 0.994159758
1341846339.632085 0.275504202 0.283483565 0.547398806 0.019388661 -0.098703697 0.018795030 0.994750440
1341846339.664568 0.279334128 0.283138394 0.556670964 0.020343512 -0.096492298 0.017969618 0.994963586
1341846339.698896 0.286663085 0.277796417 0.575631440 0.019355580 -0.097846925 0.017513152 0.994859159
1341846339.731977 0.285116017 0.274698883 0.581016779 0.019317411 -0.096959934 0.016008062 0.994972050
1341846339.762241 0.287591428 0.273382097 0.587819815 0.019713221 -0.095991686 0.015665216 0.995063603
1341846339.797873 0.289036989 0.273692578 0.598046303 0.019823620 -0.095876388 0.017217927 0.995046914
1341846339.830245 0.289404035 0.272769541 0.610401154 0.019929182 -0.096227385 0.016529616 0.995022595
1341846339.862015 0.289291054 0.273819178 0.617632449 0.019599641 -0.095777594 0.015419361 0.995090365
1341846339.897797 0.293761760 0.271754563 0.624274611 0.018596563 -0.095328391 0.015290852 0.995154738
1341846339.929916 0.290847868 0.271137804 0.636370420 0.018636947 -0.093867123 0.016713442 0.995270014
1341846339.961960 0.290362895 0.267560542 0.644896865 0.019260498 -0.094180010 0.017637894 0.995212555
1341846339.997845 0.282950550 0.273175567 0.651745200 0.021819606 -0.090844482 0.015525462 0.995504975
1341846340.029925 0.272468507 0.275110036 0.658142269 0.023652852 -0.085951231 0.016493281 0.995881975
1341846340.066044 0.277426153 0.265787691 0.664723814 0.023741415 -0.085662372 0.018904522 0.995861948
1341846340.098009 0.275243312 0.264111251 0.666474938 0.024071038 -0.084905274 0.019844467 0.995900571
1341846340.130102 0.281886369 0.275689602 0.686218858 0.026219532 -0.086109951 0.017439920 0.995787919
1341846340.166041 0.282670498 0.278164119 0.695755899 0.028402209 -0.083558351 0.014587760 0.995991230
1341846340.197867 0.271472692 0.266666859 0.689072430 0.026687087 -0.078862384 0.015786033 0.996403277
1341846340.229904 0.277799785 0.265326262 0.694001198 0.024932440 -0.080227457 0.016907046 0.996321261
1341846340.265859 0.282215744 0.261950821 0.700081348 0.024424801 -0.079556651 0.016904969 0.996387720
1341846340.298061 0.282267720 0.266214967 0.708080351 0.027403750 -0.077115186 0.017323619 0.996494949
1341846340.334063 0.276080310 0.259831339 0.706962824 0.024235599 -0.077015273 0.019781318 0.996539056
1341846340.366064 0.282308936 0.262118846 0.721724331 0.024181906 -0.079865985 0.017727202 0.996354580
1341846340.397995 0.285654485 0.259014428 0.727689624 0.025801152 -0.079582870 0.017258240 0.996344924
1341846340.433895 0.285846353 0.253775120 0.728279352 0.024855567 -0.079822883 0.019583685 0.996306717
1341846340.465959 0.279559195 0.249643579 0.724369407 0.024468044 -0.080634244 0.020727638 0.996227801
1341846340.501858 0.286305338 0.253380477 0.735998511 0.026088659 -0.084665351 0.020064343 0.995865762
1341846340.534329 0.287687302 0.255360931 0.731524169 0.026909230 -0.085761607 0.019390272 0.995763540
1341846340.566041 0.293436527 0.251798838 0.732330382 0.027686046 -0.087350823 0.020574838 0.995580256
1341846340.601909 0.296046376 0.253038704 0.731341660 0.030324800 -0.087784946 0.021388572 0.995448053
1341846340.634005 0.298205346 0.257246643 0.725442111 0.031689133 -0.087873004 0.019150510 0.995443404
1341846340.666028 0.301742852 0.259247512 0.728840590 0.032437094 -0.087852634 0.017189844 0.995456874
1341846340.701946 0.305156618 0.254898190 0.726617455 0.033712294 -0.086637191 0.016545758 0.995531917
1341846340.733954 0.306561291 0.259260952 0.723592758 0.035405431 -0.084544852 0.015282058 0.995673180
1341846340.770081 0.311964631 0.260534406 0.729252458 0.035049226 -0.085075743 0.012612403 0.995678008
1341846340.801980 0.314420998 0.261801988 0.727679253 0.036079843 -0.083906658 0.007360459 0.995793045
1341846340.833999 0.314032197 0.267419308 0.723438323 0.037241735 -0.081109554 0.003138872 0.996004283
1341846340.870013 0.312706560 0.264538676 0.722666740 0.035449117 -0.080963716 0.001630043 0.996085167
1341846340.901955 0.317557216 0.260578185 0.720138788 0.035746079 -0.081895471 0.002217005 0.995997250
1341846340.933918 0.321279675 0.256264329 0.718338251 0.036277302 -0.083576545 0.006649725 0.995818675
1341846340.970122 0.316891640 0.255630225 0.708593607 0.036434889 -0.085410237 0.011471927 0.995613396
1341846341.001922 0.319014847 0.259797096 0.707174778 0.038604509 -0.089686744 0.015638327 0.995098710
1341846341.037923 0.325229377 0.261453390 0.710444391 0.040018257 -0.093317114 0.017744154 0.994673669
1341846341.070300 0.327010930 0.258767784 0.707489729 0.039872523 -0.094460092 0.018480850 0.994558156
1341846341.102028 0.324296981 0.261409223 0.705981374 0.040436123 -0.095404401 0.018768953 0.994439900
1341846341.137982 0.326862544 0.259323061 0.704567969 0.040080644 -0.097592011 0.018633910 0.994244516
1341846341.170048 0.326165855 0.259571910 0.701995909 0.040677555 -0.097758926 0.019770285 0.994181931
1341846341.202110 0.327043295 0.257423043 0.699542403 0.041760005 -0.098360509 0.021908473 0.994032919
1341846341.237996 0.326395571 0.260767668 0.698860109 0.044019781 -0.097744122 0.021800108 0.993998587
1341846341.269883 0.324308187 0.257547528 0.694462657 0.044267591 -0.097073004 0.022788918 0.994031131
1341846341.306107 0.319350481 0.256157309 0.689790964 0.044699110 -0.096617639 0.021399641 0.994087040
1341846341.338109 0.320822567 0.261255533 0.688258827 0.046832919 -0.096156903 0.019188171 0.994078696
1341846341.370120 0.329965085 0.259689748 0.691709995 0.047115736 -0.096660152 0.017731665 0.994043529
1341846341.406074 0.321039140 0.261003852 0.686373174 0.047515973 -0.094820492 0.016942434 0.994215429
1341846341.438113 0.327917278 0.256674320 0.688099325 0.048095956 -0.098280281 0.018641971 0.993821025
1341846341.470024 0.327276230 0.260751426 0.689646125 0.051950853 -0.098019578 0.016543563 0.993689895
1341846341.506077 0.323550135 0.262267113 0.685886860 0.051453795 -0.096568383 0.015733358 0.993870974
1341846341.538156 0.318718463 0.255436957 0.681587577 0.049202517 -0.097607061 0.016141277 0.993876994
1341846341.574016 0.323390216 0.259886324 0.685072899 0.051518220 -0.100651093 0.016345402 0.993452609
1341846341.612466 0.325186074 0.261750907 0.679706454 0.051480189 -0.101457708 0.017273437 0.993356824
1341846341.643972 0.327029884 0.262605160 0.676842451 0.050741158 -0.103193067 0.015688578 0.993242383
1341846341.679982 0.323153019 0.259768814 0.677753747 0.050430857 -0.104163937 0.016066717 0.993150771
1341846341.712332 0.323022276 0.262003630 0.674856663 0.051181812 -0.106480487 0.019076133 0.992813408
1341846341.744185 0.325153857 0.263053715 0.674563408 0.051866554 -0.108745202 0.020241309 0.992509365
1341846341.780061 0.321594447 0.262417287 0.672814131 0.051761474 -0.108773947 0.022043491 0.992473245
1341846341.842595 0.326367855 0.259245247 0.667034507 0.053317148 -0.110018305 0.027264381 0.992123961
1341846341.906227 0.335815012 0.263159961 0.667616844 0.057775509 -0.112436056 0.031916142 0.991464376
1341846341.942069 0.331048071 0.254605293 0.654231608 0.058968741 -0.111074179 0.035377100 0.991430163
1341846341.974775 0.337518722 0.251020998 0.651675701 0.060987666 -0.112220421 0.037617408 0.991096377
1341846342.010161 0.338887095 0.249829412 0.651546299 0.061180692 -0.114149973 0.039684664 0.990783513
1341846342.042024 0.349068791 0.245048955 0.649243057 0.062342577 -0.115964904 0.039603002 0.990503550
1341846342.080032 0.351677388 0.248586521 0.644821525 0.065032415 -0.113447905 0.039318554 0.990633368
1341846342.112265 0.359546661 0.240949139 0.645812094 0.063909970 -0.114679776 0.041443709 0.990477920
1341846342.147954 0.367971629 0.239723966 0.648652077 0.066283450 -0.117464878 0.043699481 0.989898443
1341846342.179852 0.372876465 0.243073553 0.645866811 0.069354393 -0.117345892 0.044976387 0.989644945
1341846342.211848 0.378128737 0.242487028 0.644580364 0.069552645 -0.117410749 0.044620693 0.989639401
1341846342.247920 0.381278962 0.243524313 0.640941381 0.071443394 -0.117254570 0.043087710 0.989591181
1341846342.279870 0.386026829 0.245669395 0.643224478 0.073397681 -0.117555648 0.044023760 0.989371240
1341846342.316068 0.388095826 0.245608240 0.641644239 0.074442849 -0.117675684 0.044809688 0.989243567
1341846342.347894 0.387216657 0.242841989 0.642213404 0.073883079 -0.117126547 0.044929396 0.989345253
1341846342.379953 0.381712943 0.249019906 0.634513140 0.075613692 -0.115335234 0.044141024 0.989460468
1341846342.416195 0.384288788 0.244499862 0.638516188 0.075107507 -0.116076112 0.045967832 0.989329159
