1341846313.592026 0.000000000 0.000000000 0.000000000 -0.000000000 -0.000000000 -0.000000000 1.000000000
1341846313.654184 -0.006446066 0.001632011 -0.007439502 -0.000344341 0.000197704 0.006393060 0.999979496
1341846313.686156 0.003972824 0.005949850 -0.009099283 0.001627124 -0.002600047 0.005272546 0.999981403
1341846313.721918 0.004833030 0.007307157 -0.011074563 0.001574275 -0.002748000 0.005724624 0.999978662
1341846313.753994 0.009049283 0.007651390 -0.006428820 0.001153229 -0.003261630 0.007308570 0.999967337
1341846313.789969 0.008055058 0.011131227 -0.005014152 0.002939608 -0.002739782 0.005300998 0.999977946
1341846313.822075 -0.012279730 0.011977818 -0.012729192 0.002743098 0.003793987 0.004370067 0.999979496
1341846313.853928 -0.018248055 0.016117262 -0.008667515 0.002958968 0.008093673 0.002491499 0.999959767
1341846313.890011 -0.028804725 0.014898127 -0.012827375 0.002200208 0.012252530 0.002164738 0.999920189
1341846313.922055 -0.044843372 0.014071916 -0.013788651 -0.000411674 0.016266759 0.003050451 0.999862969
1341846313.957927 -0.064094834 0.018937755 -0.008567482 -0.001384020 0.026247678 0.002467384 0.999651492
1341846313.990058 -0.076028422 0.016270321 -0.003897303 -0.003123388 0.034462709 0.004048628 0.999392927
1341846314.022042 -0.100687586 0.013567015 -0.009746864 -0.005827594 0.040133454 0.006378686 0.999157012
1341846314.057816 -0.116919883 0.021320812 -0.000075928 -0.007341290 0.046815883 0.007084049 0.998851478
1341846314.089801 -0.132471010 0.023455210 0.008623912 -0.005918595 0.056282461 0.006185009 0.998378217
1341846314.122037 -0.154997393 0.015896626 -0.006127949 -0.009456941 0.063305363 0.010077585 0.997898519
1341846314.157989 -0.167005092 0.023598865 0.002470862 -0.009806849 0.069768965 0.010184037 0.997463048
1341846314.190094 -0.177989870 0.025780175 0.004221595 -0.009387244 0.076573737 0.010403472 0.996965528
1341846314.225969 -0.187985718 0.019082325 0.002583485 -0.013260924 0.080613263 0.014600626 0.996550262
1341846314.257923 -0.185688913 0.028643521 0.011513365 -0.012866065 0.082893543 0.014434475 0.996370852
1341846314.290052 -0.192676350 0.032369632 0.013234500 -0.011095812 0.086100563 0.012687240 0.996143878
1341846314.325981 -0.208087862 0.033100743 0.010185813 -0.012482769 0.090882532 0.011811309 0.995713353
1341846314.357905 -0.205891877 0.043590315 0.015626863 -0.011008688 0.094479412 0.009997386 0.995415747
1341846314.389899 -0.204839945 0.045782197 0.018121358 -0.009136154 0.097663045 0.009524760 0.995132029
1341846314.427905 -0.218789086 0.046156503 0.008773275 -0.009760193 0.102830030 0.007304996 0.994624257
1341846314.493987 -0.221241817 0.051904231 0.005026156 -0.007242837 0.114347622 -0.000780168 0.993414164
1341846314.526085 -0.227014437 0.057610366 0.000787578 -0.006605673 0.118411846 -0.003489397 0.992936492
1341846314.558292 -0.248127535 0.052404951 0.009395629 -0.008490663 0.125656709 -0.000457547 0.992037356
1341846314.594085 -0.252360970 0.052565649 0.005712155 -0.006576013 0.131818250 -0.000137536 0.991252065
1341846314.626096 -0.251333266 0.048860379 0.004479151 -0.007481651 0.136355534 0.001025505 0.990631163
1341846314.658455 -0.262734652 0.065105833 -0.003256463 -0.006857692 0.140949711 -0.002632567 0.989989519
1341846314.694004 -0.263346106 0.070058733 -0.003319668 -0.004989839 0.146024063 -0.004069149 0.989260077
1341846314.725910 -0.255835056 0.064720079 -0.004233627 -0.001064397 0.148254469 0.001071141 0.988948107
1341846314.761942 -0.270826638 0.080398642 -0.007311978 0.005247741 0.151096165 0.002858609 0.988501012
1341846314.794030 -0.277694017 0.087580115 -0.013009965 0.009568373 0.155238166 0.003563953 0.987824380
1341846314.826092 -0.283951133 0.092097670 -0.019259343 0.012376476 0.161641702 0.002924792 0.986767590
1341846314.862145 -0.312950045 0.097010307 -0.017476870 0.012941225 0.170918986 0.004870540 0.985188067
1341846314.894072 -0.316173375 0.098811314 -0.024336357 0.013501775 0.175711051 0.007263887 0.984322429
1341846314.925969 -0.326815635 0.094817959 -0.032565869 0.012972266 0.180717126 0.010952438 0.983388603
1341846314.961937 -0.323062420 0.080417648 -0.024460498 0.006935587 0.180569619 0.013694131 0.983442426
1341846314.994564 -0.328405321 0.090414695 -0.026946448 0.006052741 0.182832509 0.013573973 0.983031750
1341846315.029900 -0.335553169 0.090078942 -0.027135963 0.005807606 0.189212784 0.011330916 0.981853604
1341846315.061965 -0.350002259 0.086805433 -0.011091634 0.004605036 0.195097700 0.014681281 0.980663121
1341846315.094388 -0.353752822 0.094386160 -0.013807220 0.006353925 0.195060447 0.016165368 0.980637431
1341846315.129851 -0.366428733 0.100452535 -0.013930026 0.009407705 0.198656663 0.016133189 0.979891181
1341846315.161941 -0.373188108 0.078981861 -0.025803123 0.001344861 0.199983314 0.020239938 0.979589343
1341846315.197984 -0.361881226 0.091485851 -0.018028947 -0.002612740 0.196285799 0.013775583 0.980446517
1341846315.230076 -0.371189713 0.100663342 -0.018961158 -0.004403879 0.197796866 0.010041766 0.980181694
1341846315.262069 -0.377160758 0.098398268 -0.021489091 -0.007447248 0.196719900 0.012959437 0.980345845
1341846315.298000 -0.381957740 0.110628463 -0.017588601 -0.006142810 0.194727004 0.014742069 0.980727434
1341846315.329931 -0.373731434 0.139200538 -0.026787020 0.003090171 0.191356614 0.011464071 0.981448770
1341846315.361981 -0.390127361 0.137074411 -0.028664492 0.007342196 0.194067493 0.014095528 0.980859458
1341846315.397962 -0.412940264 0.152444661 -0.025663488 0.013444184 0.198930383 0.017255677 0.979769468
1341846315.429923 -0.414895117 0.163514674 -0.026440974 0.017892733 0.201234028 0.016486220 0.979241014
1341846315.466047 -0.444053650 0.147557274 -0.010618424 0.016284458 0.212369546 0.022725595 0.976789415
1341846315.497883 -0.455487579 0.152490407 -0.011257967 0.017391142 0.216994837 0.027773777 0.975622594
1341846315.530008 -0.464048773 0.156481713 -0.006044852 0.018271724 0.220218346 0.028055912 0.974875867
1341846315.566108 -0.457753986 0.154410750 -0.005936600 0.016965896 0.220814526 0.029307969 0.974727750
1341846315.597986 -0.443271101 0.144684017 -0.006681148 0.014832666 0.220401332 0.028158952 0.974889934
1341846315.630109 -0.467505187 0.152453244 0.002535323 0.016284952 0.226190597 0.026647924 0.973582327
1341846315.666042 -0.492112398 0.163438380 0.004907219 0.016759079 0.231867120 0.024262307 0.972300470
1341846315.698114 -0.490272939 0.154223800 0.000189679 0.009267872 0.235245928 0.024339342 0.971586943
1341846315.733985 -0.426528841 0.134289682 -0.006436551 0.004059814 0.226596817 0.025650999 0.973642349
1341846315.766041 -0.449209690 0.140420109 -0.003005162 0.005485461 0.227873072 0.025709393 0.973335922
1341846315.798188 -0.438697070 0.140504062 -0.008054085 0.004349193 0.225202098 0.025737077 0.973962367
1341846315.834140 -0.426937401 0.143667221 -0.008564092 0.006456379 0.225435361 0.024946520 0.973917305
1341846315.866751 -0.428746343 0.143177256 -0.004165925 0.008638060 0.227215171 0.024662782 0.973493934
1341846315.898492 -0.443266004 0.139994159 0.007962384 0.009221265 0.230305865 0.024186857 0.972774029
1341846315.936901 -0.436963111 0.140338793 0.006801020 0.012345919 0.230413631 0.023482833 0.972731054
1341846315.966572 -0.422634453 0.143671423 -0.002920350 0.016256226 0.227931052 0.023876483 0.973248780
1341846316.034204 -0.397269517 0.132959262 -0.002603920 0.018066276 0.222519964 0.021194438 0.974530339
1341846316.066113 -0.406369805 0.130491674 0.003682205 0.020053936 0.223261073 0.021786457 0.974308848
1341846316.101867 -0.389402688 0.132851824 -0.013493247 0.021748448 0.217143461 0.023332048 0.975618541
1341846316.134066 -0.385245055 0.121347897 -0.011665188 0.018076563 0.212449729 0.020273164 0.976794422
1341846316.202049 -0.342589378 0.113371208 -0.007828674 0.016843423 0.199187115 0.014621389 0.979707599
1341846316.233979 -0.338882416 0.108967923 -0.008113524 0.015745269 0.196529523 0.013519702 0.980278254
1341846316.270052 -0.333245337 0.109989569 -0.008261339 0.014501915 0.195860222 0.010775600 0.980465412
1341846316.301915 -0.327920824 0.108494788 -0.006606407 0.014999810 0.195313588 0.009136639 0.980583608
1341846316.334208 -0.309588164 0.097141713 -0.003428991 0.014818177 0.190476790 0.011013946 0.981518090
1341846316.370006 -0.305563629 0.100329950 -0.004787598 0.017714474 0.187550738 0.011611752 0.982026577
1341846316.401994 -0.309372842 0.103858434 -0.003463476 0.019952754 0.186958760 0.013170619 0.982076824
1341846316.438069 -0.297865272 0.096036471 0.003269894 0.020970844 0.183763549 0.015574712 0.982623398
1341846316.470076 -0.276869357 0.088124186 0.008126688 0.024329508 0.178645179 0.017604925 0.983455181
1341846316.502034 -0.265345156 0.075653136 0.007829035 0.023087209 0.172937825 0.018901860 0.984480739
1341846316.537975 -0.242143676 0.061531276 0.006191457 0.017575230 0.164635599 0.017313821 0.986045957
1341846316.570121 -0.252541125 0.085019901 0.001800291 0.022449825 0.165437073 0.015526821 0.985842586
1341846316.601885 -0.227061301 0.074357830 0.012140238 0.022339672 0.160089850 0.012420920 0.986771524
1341846316.638009 -0.195066661 0.064374782 0.022558689 0.023151807 0.152264252 0.011331419 0.988003671
1341846316.669925 -0.185099229 0.059868362 0.023522060 0.024988305 0.148541689 0.011784559 0.988520145
1341846316.705941 -0.191849530 0.059162483 0.021834448 0.029726906 0.148704708 0.014659077 0.988326073
1341846316.738062 -0.228344589 0.085841358 -0.008965507 0.036573749 0.153214082 0.019791972 0.987317622
1341846316.770433 -0.211916208 0.078150764 -0.003924489 0.033441156 0.148426607 0.019167559 0.988171995
1341846316.805932 -0.195389643 0.080789514 -0.001372818 0.035142858 0.144752517 0.017208710 0.988693893
1341846316.838029 -0.184087351 0.071141273 0.002315772 0.034853220 0.140118331 0.019621870 0.989326596
1341846316.870034 -0.170731127 0.066652954 0.006607120 0.034766272 0.133142546 0.021041958 0.990263462
1341846316.906344 -0.161862373 0.062986687 0.001141463 0.035192538 0.126937866 0.020993069 0.991063893
1341846316.937940 -0.164195523 0.063377909 0.001277916 0.035336547 0.125465035 0.018704906 0.991292119
1341846316.973994 -0.157673851 0.052953281 0.006969482 0.032565702 0.121494099 0.020514371 0.991845727
1341846317.005913 -0.156529397 0.046901409 0.006758198 0.030136997 0.117350854 0.024895577 0.992320955
1341846317.037936 -0.139321133 0.060438413 0.006015428 0.033598855 0.110753126 0.021653900 0.993043840
1341846317.073972 -0.150090203 0.059224200 0.009220935 0.034581460 0.110780589 0.021907143 0.993001461
1341846317.106113 -0.154520959 0.057350036 0.016550895 0.037287578 0.108755216 0.025607795 0.993038893
1341846317.137887 -0.124895722 0.052451160 0.009615406 0.039158117 0.096096635 0.029890686 0.994152248
1341846317.173970 -0.120456003 0.052682269 0.000058661 0.039913535 0.087058805 0.033186696 0.994849920
1341846317.205887 -0.099921733 0.048428632 0.008044325 0.039198302 0.079679757 0.034127053 0.995464802
1341846317.248131 -0.096172079 0.041605756 0.020799780 0.039830685 0.076381110 0.035713486 0.995642543
1341846317.306289 -0.111220554 0.046802700 0.001219289 0.042480484 0.070504352 0.040660158 0.995776832
1341846317.348137 -0.089604765 0.033154201 0.015988067 0.041179143 0.067443796 0.042506076 0.995966315
1341846317.410120 -0.102760866 0.044482153 -0.000000478 0.045164015 0.065836713 0.048298053 0.995637059
1341846317.442569 -0.106289662 0.048996612 0.001304728 0.049687322 0.065996781 0.050999679 0.995276213
1341846317.474010 -0.112460643 0.056958798 -0.002879330 0.056884971 0.065902591 0.053105757 0.994786799
1341846317.509927 -0.110089339 0.032305874 0.004166836 0.053975426 0.063074954 0.059428424 0.994774580
1341846317.542282 -0.108248971 0.030883472 0.004232141 0.052218433 0.058806244 0.061089985 0.995029211
1341846317.573943 -0.106986552 0.033684060 0.004237877 0.053294986 0.058610003 0.060249936 0.995034933
1341846317.610159 -0.112267502 0.034963883 0.000464121 0.056581602 0.059928104 0.061750375 0.994682908
1341846317.643553 -0.096842982 0.035583857 -0.006563897 0.058735486 0.055165943 0.065814458 0.994572937
1341846317.677993 -0.094764754 0.036311828 -0.004873539 0.059927214 0.050036695 0.067626141 0.994651616
1341846317.709996 -0.101304643 0.034108151 0.003325233 0.062122103 0.048272960 0.068058640 0.994574547
1341846317.741834 -0.076662540 0.030494396 -0.011985462 0.060440835 0.041409861 0.067742676 0.995009065
1341846317.777923 -0.064271323 0.031402074 -0.007742918 0.058775827 0.036807325 0.067069307 0.995335340
1341846317.810021 -0.050615907 0.032168567 -0.004410519 0.058615863 0.031404246 0.064785741 0.995681047
1341846317.841886 -0.050204907 0.023586329 -0.008553796 0.055426948 0.029875409 0.062076226 0.996083319
1341846317.878017 -0.024137981 0.020484589 -0.006661181 0.051561791 0.023931999 0.058546539 0.996664941
1341846317.909910 -0.016617188 0.010130882 0.014531281 0.048934009 0.023627417 0.055493653 0.996979356
1341846317.946031 -0.016577682 0.019085122 0.003162870 0.052461300 0.022663690 0.051895216 0.997016132
1341846317.978041 0.019851156 0.017466012 0.016065948 0.054084558 0.013690728 0.052935380 0.997038305
1341846318.009897 -0.008625482 0.019171303 0.006063504 0.057292946 0.018428784 0.051963937 0.996833801
1341846318.045949 0.017766416 0.021649010 0.004127916 0.057372510 0.013198655 0.051101506 0.996956825
1341846318.078074 0.022593468 0.008939387 0.013466389 0.053958990 0.009414313 0.047681499 0.997359633
1341846318.109894 0.073083937 -0.002009957 0.026031649 0.051148228 -0.004933550 0.043939319 0.997711837
1341846318.145957 0.029761380 0.006868942 0.014542450 0.052643873 0.000160324 0.043873820 0.997649074
1341846318.178001 0.034286290 0.007585440 0.016078074 0.052259412 -0.001237561 0.041046236 0.997788906
1341846318.214074 0.061851829 0.005266208 0.024609465 0.052399006 -0.009814648 0.035095170 0.997961104
1341846318.245970 0.073214404 0.008231767 0.028603218 0.056277689 -0.018824175 0.036424603 0.997572899
1341846318.278018 0.066785187 0.005181836 0.023774413 0.059481073 -0.023252165 0.039952502 0.997158527
1341846318.313937 0.088802397 0.003130685 0.023328040 0.060184743 -0.035156067 0.039702844 0.996777594
1341846318.345989 0.087104313 0.002650825 0.025899163 0.061900809 -0.044735927 0.039025299 0.996315241
1341846318.382046 0.090436652 0.001839680 0.028042259 0.063755669 -0.053375099 0.039049156 0.995771825
1341846318.414072 0.100391120 0.007690166 0.017286202 0.066233858 -0.062983401 0.038817268 0.995057464
1341846318.446035 0.123986758 0.018087421 0.009234139 0.070404954 -0.074380107 0.039744847 0.993947268
1341846318.482196 0.137514010 0.007450200 0.010130888 0.069540694 -0.080508478 0.041142121 0.993473649
1341846318.514144 0.152447134 -0.011550531 0.026538588 0.066037171 -0.085329592 0.044191428 0.993179262
1341846318.546259 0.130754605 -0.005500472 0.035017386 0.068775922 -0.083834432 0.036864553 0.993419707
1341846318.582042 0.133441761 -0.012592460 0.028851828 0.068213463 -0.085421011 0.035800293 0.993362308
1341846318.614115 0.141221553 -0.002169997 0.016817931 0.069833867 -0.088863231 0.035534859 0.992957115
1341846318.650038 0.149922863 -0.006837475 0.021148033 0.068670236 -0.092127159 0.033688352 0.992805243
1341846318.682350 0.157075733 -0.009400004 0.016524112 0.067773424 -0.095314130 0.032798097 0.992595732
1341846318.714063 0.148570657 -0.004705685 0.010958830 0.068811513 -0.095099017 0.036149699 0.992428541
1341846318.749905 0.161878183 0.017662263 0.002275869 0.073814675 -0.099744268 0.036527690 0.991598845
1341846318.782036 0.163810313 0.023825821 -0.012316283 0.076381326 -0.102671996 0.039756365 0.990981221
1341846318.814121 0.176984176 0.034605987 -0.028641131 0.078277849 -0.112544574 0.037354521 0.989854038
1341846318.850072 0.178972840 0.013301258 -0.005199356 0.076517455 -0.118522644 0.042178523 0.989099860
1341846318.883516 0.167558819 0.023472743 -0.015181849 0.082468390 -0.125856131 0.042958185 0.987681091
1341846318.918047 0.164446473 0.020655178 -0.030144963 0.083936065 -0.137777656 0.043247055 0.985952199
1341846318.950044 0.165965602 0.025408786 -0.033179116 0.087501757 -0.148559690 0.039395966 0.984236479
1341846318.982028 0.160897046 0.031220037 -0.044043075 0.089913994 -0.151761413 0.039237611 0.983536661
1341846319.018123 0.180779561 0.022240300 -0.038596410 0.087790541 -0.162597060 0.037770480 0.982053161
1341846319.050745 0.165183321 0.025883293 -0.029342430 0.091639504 -0.165704012 0.038533598 0.981152177
1341846319.081905 0.179011300 0.021246582 -0.019278668 0.095148861 -0.169497788 0.037391935 0.980213821
1341846319.117976 0.154165030 0.026253952 -0.031329226 0.097741805 -0.166363955 0.045913264 0.980133474
1341846319.150093 0.126182154 0.023339774 -0.031532008 0.098644167 -0.167986915 0.049701419 0.979581296
1341846319.186069 0.157170981 0.021654319 -0.058594558 0.097522631 -0.172694683 0.049679738 0.978875816
1341846319.218149 0.114973329 0.014809792 -0.066469878 0.091619767 -0.161006093 0.045773152 0.981625021
1341846319.250034 0.134843141 0.035386641 -0.056700513 0.089713812 -0.160862505 0.045231909 0.981849670
1341846319.286594 0.097512752 0.028346755 -0.050190318 0.087278135 -0.153877571 0.047959059 0.983058572
1341846319.318034 0.118668154 0.018859154 -0.055553265 0.086387694 -0.157722384 0.053585868 0.982236922
1341846319.350268 0.083124854 0.016394831 -0.061308682 0.086827107 -0.153331339 0.058595892 0.982607305
1341846319.386163 0.126132935 0.013475094 -0.089500956 0.085549809 -0.162305310 0.071563758 0.980416715
1341846319.418386 0.096033104 0.016425926 -0.086505957 0.088382632 -0.166059926 0.068968527 0.979722381
1341846319.453961 0.090525426 0.023028253 -0.074528977 0.089646131 -0.167957544 0.065975390 0.979490221
1341846319.486271 0.095097154 0.025477497 -0.076961055 0.088099971 -0.170089036 0.068333291 0.979100943
1341846319.554083 0.065009452 0.020163493 -0.077984937 0.083319306 -0.174609736 0.063872837 0.979024827
1341846319.586296 0.040411804 0.017291505 -0.090629533 0.083961807 -0.171383500 0.059336163 0.979825199
1341846319.622031 0.026400898 0.016075518 -0.105596565 0.082146771 -0.173700020 0.057664629 0.979670942
1341846319.653962 0.007609312 0.004490391 -0.095829040 0.080941543 -0.177425861 0.056011785 0.979199350
1341846319.686352 -0.003198379 0.006041967 -0.096940294 0.082779117 -0.180219918 0.058190264 0.978408039
1341846319.721992 0.018412940 0.019138124 -0.126429498 0.084520824 -0.188811630 0.057674542 0.976667881
1341846319.754063 0.019145930 0.039356288 -0.131628290 0.083640598 -0.191946983 0.057491023 0.976143181
1341846319.786397 0.014881264 0.024594769 -0.131174386 0.076861508 -0.192069307 0.061714545 0.976418495
1341846319.822008 0.000516268 0.026170252 -0.138760045 0.073377721 -0.191024393 0.065396033 0.976651847
1341846319.853917 -0.011101089 0.033877928 -0.128720924 0.069615409 -0.191294312 0.068582684 0.976655900
1341846319.889942 -0.015077932 0.006590848 -0.136087388 0.062923267 -0.191584691 0.072949633 0.976736605
1341846319.922039 -0.030026989 -0.009890080 -0.155070916 0.060600113 -0.193714783 0.074702360 0.976330817
1341846319.953946 -0.030587936 -0.008764191 -0.139200926 0.062116560 -0.200295702 0.071200453 0.975168526
1341846319.990054 -0.028889684 -0.002171534 -0.134496823 0.066353522 -0.203410253 0.063452564 0.974779665
1341846320.028122 -0.032862846 -0.006773982 -0.141880855 0.067725472 -0.206872672 0.063445143 0.973956704
1341846320.090047 -0.006438728 0.010591047 -0.125246450 0.074771620 -0.216940835 0.063713863 0.971229374
1341846320.122011 0.010776876 0.013698580 -0.120826691 0.075564831 -0.216596037 0.064742848 0.971176863
1341846320.157952 0.024849653 0.008583363 -0.121196076 0.074955329 -0.215016678 0.065365858 0.971533239
1341846320.190003 0.021988027 0.007648672 -0.076751232 0.078626901 -0.211538047 0.064676054 0.972052693
1341846320.221941 0.030186446 0.008703040 -0.069010265 0.082773574 -0.208855480 0.066144705 0.972189724
1341846320.258015 0.040190782 0.000825936 -0.071448937 0.085727058 -0.208089411 0.068541124 0.971931994
1341846320.289887 0.039162803 -0.004923801 -0.038737778 0.090885431 -0.208751336 0.071848743 0.971082091
1341846320.321954 0.104779921 -0.019027885 -0.093604341 0.096271023 -0.215815395 0.069189921 0.969210207
1341846320.357890 0.087945968 0.010711999 -0.038404226 0.106261522 -0.213086724 0.072133787 0.968555331
1341846320.390064 0.059771523 0.014430140 -0.014805483 0.108729638 -0.205386654 0.070422284 0.970069528
1341846320.426544 0.096208766 0.011655224 -0.021474399 0.111256056 -0.199038580 0.067474611 0.971315026
1341846320.458122 0.108105831 0.009976155 -0.027196851 0.112411194 -0.191972747 0.064922221 0.972777128
1341846320.490186 0.152581364 0.008674766 -0.045956761 0.113897711 -0.186686173 0.066554613 0.973522484
1341846320.525911 0.191584349 0.014255408 -0.050880067 0.117915370 -0.180305719 0.065022118 0.974350035
1341846320.558091 0.214423984 0.023004094 -0.055736251 0.119694635 -0.176494166 0.061654460 0.975049615
1341846320.594093 0.187128067 0.021962710 -0.035791680 0.121803887 -0.170412749 0.058051292 0.976090848
1341846320.631955 0.198614210 0.001712093 -0.044732284 0.123318382 -0.162387460 0.056016419 0.977386892
1341846320.664916 0.231572449 0.007961065 -0.020652056 0.124104857 -0.161471248 0.056204069 0.977428317
1341846320.699927 0.272028863 0.010974681 -0.010033277 0.124266528 -0.159901619 0.053651523 0.977809191
1341846320.731822 0.296951354 0.017635183 -0.012636320 0.126397789 -0.154078424 0.052742727 0.978520155
1341846320.763877 0.321794063 0.036583714 -0.033495408 0.125293463 -0.151993424 0.052331500 0.979010224
1341846320.799999 0.355159402 0.026476707 -0.005670501 0.117886469 -0.155861154 0.047722094 0.979557395
1341846320.831871 0.397530556 0.029977562 0.017508052 0.119700164 -0.148129493 0.041556671 0.980817318
1341846320.863887 0.407398254 0.038725965 0.001003182 0.119543433 -0.137667656 0.042664677 0.982311964
1341846320.900014 0.422430068 0.023958527 0.043479756 0.112094283 -0.143353790 0.047633450 0.982148468
1341846320.931889 0.454117596 0.009225599 0.045294661 0.111838967 -0.144432306 0.046477426 0.982074976
1341846320.967866 0.449780643 0.036655612 0.027906092 0.113232739 -0.138096109 0.043130685 0.982978940
1341846321.000017 0.477410853 0.037730262 0.047659032 0.108406186 -0.141282514 0.042267110 0.983107746
1341846321.031860 0.471894801 0.017396577 0.047771938 0.104381554 -0.137943894 0.038593613 0.984167933
1341846321.068047 0.507384360 0.020098800 0.042342674 0.104378663 -0.138399616 0.035768110 0.984211087
1341846321.099840 0.481757760 0.025323726 0.044292420 0.103079475 -0.132701740 0.036309071 0.985112488
1341846321.131821 0.514273047 0.017095000 0.065657765 0.102630325 -0.134410381 0.036668014 0.984914362
1341846321.167887 0.511315405 0.021656964 0.061573572 0.105673485 -0.128277242 0.038571488 0.985337675
1341846321.200042 0.540405452 0.034658123 0.086075015 0.107652754 -0.130063727 0.038307853 0.984899461
1341846321.231950 0.524854541 0.016557243 0.056912206 0.105030991 -0.124664851 0.036828205 0.985936582
1341846321.267939 0.559086740 0.022696424 0.062796310 0.106395788 -0.126047194 0.032357343 0.985771298
1341846321.299948 0.555321217 0.021463489 0.062087040 0.105368555 -0.119765460 0.026814580 0.986830711
1341846321.331858 0.566284478 0.017142817 0.070775062 0.105984040 -0.118405521 0.021904308 0.987049997
1341846321.367913 0.574282825 0.008153690 0.063069820 0.107104927 -0.113891259 0.019195326 0.987516522
1341846321.399897 0.594581962 0.022674587 0.081808940 0.110936314 -0.111211903 0.018679654 0.987408817
1341846321.435994 0.580080867 0.013670827 0.078995004 0.111497112 -0.105174661 0.017497651 0.988028646
1341846321.467946 0.590392411 0.012695312 0.076600567 0.113174647 -0.103011861 0.017458275 0.988066494
1341846321.499882 0.600334406 0.012188378 0.074648306 0.114031121 -0.099886075 0.018679604 0.988266587
1341846321.536109 0.649181783 0.028395228 0.080500185 0.116184898 -0.100227743 0.014522784 0.988050997
1341846321.568960 0.639260352 0.047958896 0.095714763 0.115354739 -0.092221811 0.011529999 0.988966942
1341846321.603938 0.618854642 0.038714536 0.100067362 0.111123048 -0.087181516 0.014001518 0.989876330
1341846321.637163 0.672638059 0.023802726 0.056873955 0.105586261 -0.084353134 0.012767250 0.990743756
1341846321.668306 0.632892132 0.052166462 0.108326077 0.105513021 -0.074436933 0.014260290 0.991525531
1341846321.704411 0.629820108 0.028587673 0.093994655 0.097638823 -0.070767745 0.021703899 0.992465377
1341846321.736861 0.658165097 0.031746469 0.107175529 0.096183605 -0.076224811 0.030023031 0.991986454
1341846321.771881 0.671514153 0.050577402 0.102321677 0.094907522 -0.077046812 0.034207188 0.991910398
1341846321.804114 0.686380625 0.043416601 0.099471904 0.089418523 -0.076119237 0.036942296 0.992393792
1341846321.836152 0.689723015 0.052547425 0.105715103 0.087445594 -0.074312828 0.037726019 0.992677033
1341846321.871882 0.695396841 0.064841554 0.109895632 0.083990514 -0.073532462 0.033740580 0.993176818
1341846321.904074 0.677469611 0.053578004 0.115809605 0.075397141 -0.068371385 0.031504426 0.994307876
1341846321.939847 0.718219221 0.056272343 0.123849057 0.073456824 -0.070565782 0.025026232 0.994483948
1341846322.004094 0.649165988 0.044230070 0.124592938 0.063735709 -0.064365730 0.029040439 0.995465457
1341846322.066178 0.679325998 0.033396870 0.133240074 0.058397505 -0.062941827 0.025355378 0.995984495
1341846322.107979 0.678277552 0.012514888 0.134954095 0.054246724 -0.060854025 0.024337247 0.996374309
1341846322.166164 0.668056488 -0.021290191 0.131120279 0.055013128 -0.059423778 0.024283702 0.996420026
1341846322.202932 0.673635304 -0.033157304 0.117663726 0.054881684 -0.062382944 0.025104314 0.996225953
1341846322.234093 0.671488762 -0.036072578 0.118809909 0.054154567 -0.063338906 0.022636874 0.996264577
1341846322.265941 0.666798115 -0.044285912 0.122493774 0.051502101 -0.065844364 0.022582708 0.996244013
1341846322.301996 0.697065055 -0.071476035 0.123437263 0.046985473 -0.071156450 0.023800347 0.996073663
1341846322.333949 0.674189687 -0.087662466 0.116397679 0.045293946 -0.070312165 0.023326136 0.996223211
1341846322.369871 0.695661545 -0.113260821 0.128322467 0.044095807 -0.078291290 0.021068547 0.995732009
1341846322.402292 0.729899466 -0.128551200 0.135172322 0.045634206 -0.080825157 0.014528264 0.995577097
1341846322.433955 0.700386047 -0.105686359 0.127483040 0.061616514 -0.073628083 0.008844111 0.995341182
1341846322.470030 0.698741436 -0.105179697 0.130407169 0.070744306 -0.078050010 0.014315710 0.994333208
1341846322.502433 0.710760355 -0.127481118 0.125916779 0.074522890 -0.081669442 0.017190289 0.993720770
1341846322.534002 0.721806049 -0.151858807 0.128159449 0.081146166 -0.082838923 0.018409733 0.993083119
1341846322.570196 0.712531865 -0.157053411 0.130305588 0.092201553 -0.081692457 0.021426601 0.992152274
1341846322.601920 0.708109796 -0.168492019 0.125197068 0.095366150 -0.084366418 0.024393355 0.991560757
1341846322.638119 0.722482562 -0.178423449 0.131536812 0.102426142 -0.088238828 0.025536584 0.990490139
1341846322.669947 0.738219500 -0.178605020 0.131945968 0.107430249 -0.086601526 0.025753932 0.990098834
1341846322.702026 0.725318372 -0.197054923 0.131380320 0.109107703 -0.083803028 0.027342999 0.990113616
1341846322.738006 0.724398732 -0.191155687 0.129376784 0.111415893 -0.085954480 0.029221740 0.989618361
1341846322.770087 0.734507203 -0.220357448 0.132408187 0.109786361 -0.085963294 0.028905002 0.989809036
1341846322.806047 0.725764036 -0.231811121 0.132548720 0.112677597 -0.085289650 0.030575357 0.989492118
1341846322.838063 0.711015582 -0.239781007 0.128131911 0.114681073 -0.087735102 0.032576114 0.988984168
1341846322.870081 0.725864887 -0.251357645 0.140208870 0.116408125 -0.094722725 0.033969063 0.988090575
1341846322.906018 0.747853935 -0.248778537 0.145678341 0.122115143 -0.098144419 0.034810383 0.987037897
1341846322.938349 0.739920080 -0.226021856 0.147725433 0.124541044 -0.096247979 0.036479473 0.986861289
1341846322.970069 0.740022540 -0.239342570 0.146608964 0.118678972 -0.096740574 0.038084038 0.987474680
1341846323.011820 0.750501871 -0.256166130 0.154479772 0.115014352 -0.097775392 0.037359823 0.987833977
1341846323.073951 0.739424169 -0.256680548 0.152899146 0.112290755 -0.096715450 0.042392943 0.988048494
1341846323.105962 0.746746957 -0.283236891 0.155774429 0.107597038 -0.097482190 0.042036060 0.988510549
1341846323.138158 0.744378388 -0.281145096 0.154440492 0.109558895 -0.096829265 0.038898140 0.988487661
1341846323.174092 0.737741232 -0.282900304 0.152640224 0.107848346 -0.096622899 0.037427776 0.988752723
1341846323.206059 0.751912653 -0.292138636 0.154016167 0.104492068 -0.098575652 0.034977388 0.989010036
1341846323.238053 0.758367598 -0.296195149 0.155358613 0.101763196 -0.096245319 0.032802057 0.989598513
1341846323.273997 0.734919667 -0.296653777 0.148734719 0.098324507 -0.094016507 0.032823674 0.990159452
1341846323.305946 0.743446887 -0.304701984 0.155656651 0.093104921 -0.098983556 0.033246886 0.990165830
1341846323.342027 0.768611908 -0.324911147 0.164792299 0.090150110 -0.098810703 0.030802729 0.990535557
1341846323.374048 0.753152311 -0.346099228 0.160409421 0.087351248 -0.094909325 0.033091962 0.991093814
1341846323.405987 0.737813413 -0.361964822 0.155471176 0.085802145 -0.097584993 0.038483486 0.990774512
1341846323.441956 0.748262584 -0.357302397 0.159555346 0.089710318 -0.102153264 0.039448638 0.989929616
1341846323.473878 0.752159894 -0.376470447 0.155264884 0.092721805 -0.100827157 0.037341066 0.989869773
1341846323.506129 0.752929986 -0.366096377 0.151654437 0.096171737 -0.100970089 0.036910426 0.989542186
1341846323.541972 0.757222712 -0.357072353 0.157794714 0.096495897 -0.101257734 0.034849949 0.989555955
1341846323.573913 0.778249562 -0.377889752 0.153740406 0.095066682 -0.098442525 0.029761991 0.990144312
1341846323.609927 0.774668396 -0.387384564 0.153363600 0.094341956 -0.092457324 0.025914971 0.990898430
1341846323.642014 0.744988382 -0.369493455 0.161824122 0.097466342 -0.088311546 0.025859330 0.990975678
1341846323.674081 0.744369686 -0.385494709 0.153946325 0.096469037 -0.089899935 0.027755009 0.990879178
1341846323.710069 0.746853769 -0.406470835 0.152116299 0.096685775 -0.091303177 0.031864453 0.990606070
1341846323.742111 0.744063199 -0.415495962 0.152117923 0.101282597 -0.092870593 0.033816654 0.989936054
1341846323.774928 0.751076698 -0.420768112 0.147854105 0.103102379 -0.095584065 0.031346835 0.989571154
1341846323.810012 0.752570331 -0.417617977 0.144912928 0.106679209 -0.096769013 0.028441858 0.989164472
1341846323.842207 0.757557690 -0.421259671 0.144744888 0.108516820 -0.096951962 0.023336120 0.989080369
1341846323.878019 0.742522776 -0.426585734 0.150509030 0.110371746 -0.096532941 0.019535189 0.988998413
1341846323.909826 0.747225106 -0.443964481 0.146301091 0.113305606 -0.098444395 0.015165583 0.988554776
1341846323.942459 0.745207131 -0.442087919 0.140751019 0.117491417 -0.098316103 0.015340598 0.988076150
1341846323.978055 0.734545588 -0.448760778 0.140641645 0.119236790 -0.100335918 0.017229626 0.987632751
1341846324.015934 0.742913127 -0.449694484 0.145472899 0.122925587 -0.103046738 0.017103499 0.986903369
1341846324.047722 0.750604510 -0.442049474 0.142307013 0.126704633 -0.101944283 0.016757973 0.986545742
1341846324.083904 0.747771084 -0.424642503 0.141475007 0.127885327 -0.100345515 0.016395401 0.986563444
1341846324.115968 0.753036737 -0.423686057 0.143215045 0.125753507 -0.099136777 0.014902196 0.986983240
1341846324.151967 0.760520577 -0.418332785 0.138671264 0.125637889 -0.096589066 0.010478730 0.987307429
1341846324.183941 0.753297269 -0.403598130 0.144406006 0.123834543 -0.092270806 0.007314779 0.987976551
1341846324.219984 0.748684525 -0.402286977 0.139665887 0.118972562 -0.090171963 0.006833659 0.988770962
1341846324.251968 0.744295180 -0.406227589 0.140614107 0.118009582 -0.089741930 0.006032526 0.988930643
1341846324.284052 0.738553107 -0.388864547 0.145264447 0.119644724 -0.090107471 0.005384010 0.988704681
1341846324.319880 0.731974661 -0.376112759 0.143673837 0.118368089 -0.093252964 0.004860303 0.988569319
1341846324.351917 0.739140689 -0.356829077 0.143583000 0.115739875 -0.097106032 0.003264955 0.988516152
1341846324.388001 0.750932693 -0.343822092 0.147605106 0.112410776 -0.097862490 -0.000675800 0.988830805
1341846324.419908 0.744588137 -0.325824320 0.149571195 0.109287053 -0.095633782 -0.003344243 0.989393473
1341846324.452027 0.730549872 -0.319519758 0.155822173 0.105218962 -0.094069451 -0.005056173 0.989977002
1341846324.487928 0.732419014 -0.322294623 0.159749016 0.102404393 -0.094997093 -0.002481510 0.990193307
1341846324.519985 0.719839990 -0.308356315 0.156267166 0.101177543 -0.096096300 0.001632693 0.990215182
1341846324.556001 0.721553087 -0.283738822 0.161515847 0.100893483 -0.101302125 0.005612521 0.989710569
1341846324.587888 0.725080192 -0.268312126 0.159030914 0.097984791 -0.104541436 0.007351947 0.989654481
1341846324.620086 0.722929120 -0.282352656 0.158752784 0.092441872 -0.107450143 0.005083658 0.989890456
1341846324.655955 0.729178250 -0.267833561 0.158892959 0.091721229 -0.109088413 0.003707099 0.989784420
1341846324.688082 0.721184850 -0.240907326 0.169831842 0.095550738 -0.107863612 0.004027505 0.989555120
1341846324.755922 0.699506104 -0.209490210 0.165011793 0.094878145 -0.110148363 0.008433580 0.989340425
1341846324.814016 0.727124929 -0.192668661 0.166454807 0.088796087 -0.118051849 0.005024468 0.989016593
1341846324.849979 0.709702432 -0.154747114 0.167583823 0.087862119 -0.113601223 0.002733578 0.989630044
1341846324.881924 0.696741760 -0.173846975 0.166975752 0.081265263 -0.113393158 0.001137334 0.990220547
1341846324.913902 0.699238479 -0.137981430 0.169555262 0.084085748 -0.115513556 0.005114045 0.989727318
1341846324.949999 0.704385877 -0.171425775 0.178370520 0.079208717 -0.116419867 0.006940427 0.990012228
1341846324.981922 0.675078630 -0.156582013 0.174643233 0.084975265 -0.115525313 0.010858474 0.989603579
1341846325.018013 0.691041827 -0.157731444 0.174267843 0.086781941 -0.123028472 0.012851493 0.988517940
1341846325.050079 0.683579266 -0.128619656 0.170222118 0.091711037 -0.126577377 0.013221955 0.987619579
1341846325.081901 0.693248212 -0.116110362 0.166917652 0.089914992 -0.133386031 0.011265314 0.986912668
1341846325.118531 0.713286996 -0.097222015 0.158002123 0.087575793 -0.136362687 0.007920239 0.986748755
1341846325.149933 0.702113032 -0.096159652 0.172440559 0.081442691 -0.133796811 0.006546436 0.987634897
1341846325.181925 0.698714554 -0.091193311 0.174319759 0.077285729 -0.132393122 0.008637661 0.988141894
1341846325.218055 0.688071251 -0.081359006 0.183984473 0.075664103 -0.131670013 0.011737294 0.988332093
1341846325.249811 0.691881239 -0.071150973 0.178522110 0.072792649 -0.131836370 0.016443210 0.988458455
1341846325.285925 0.697540522 -0.056769408 0.177901044 0.070801057 -0.133142725 0.019047892 0.988381267
1341846325.317988 0.715905428 -0.060649678 0.195028931 0.067742415 -0.133065760 0.021726677 0.988550663
1341846325.349844 0.711521447 -0.071194515 0.189664647 0.069108434 -0.127830848 0.023853635 0.989097774
1341846325.387302 0.710391104 -0.049772240 0.189916655 0.075112954 -0.124871366 0.027173132 0.988952398
1341846325.417931 0.729959846 -0.046973467 0.187329829 0.077393368 -0.121871032 0.030008562 0.989068925
1341846325.450747 0.732187152 -0.046587583 0.205188125 0.082191154 -0.114201345 0.032217473 0.989527583
1341846325.485954 0.705782771 -0.027767319 0.197823390 0.091168366 -0.104716465 0.035979450 0.989660740
1341846325.517875 0.700075686 -0.008087868 0.203842759 0.096577100 -0.101405025 0.038532954 0.989396393
1341846325.553859 0.697986364 0.001355357 0.209068879 0.100264803 -0.097679891 0.038427100 0.989408433
1341846325.585855 0.685444951 0.029497970 0.213227838 0.105086148 -0.093398236 0.036648396 0.989389002
1341846325.617990 0.688863873 0.054296900 0.203250602 0.103393734 -0.092211142 0.036831636 0.989671826
1341846325.653982 0.684455872 0.031874649 0.208580360 0.098861158 -0.089728676 0.032433677 0.990516722
1341846325.685819 0.681709826 0.030389708 0.210350737 0.103623025 -0.088178210 0.033404280 0.990136921
1341846325.717857 0.674912870 0.055356115 0.213622555 0.109678090 -0.086726926 0.040884234 0.989331961
1341846325.754083 0.661904216 0.052072823 0.217495143 0.111619353 -0.085308559 0.045423575 0.989040077
1341846325.786087 0.672913015 0.063150048 0.217247486 0.118313342 -0.086067952 0.047425434 0.988101840
1341846325.821856 0.667842150 0.091666117 0.224135712 0.124530435 -0.083810680 0.049286388 0.987440526
1341846325.853827 0.654521942 0.100944944 0.228289664 0.125525028 -0.082283854 0.052991960 0.987251103
1341846325.885958 0.635210574 0.118723884 0.221004844 0.126765013 -0.083202928 0.058767993 0.986688554
1341846325.921984 0.653410196 0.122604266 0.230912581 0.125124082 -0.089280762 0.063583396 0.986068070
1341846325.953899 0.668449461 0.124899656 0.236267269 0.127740324 -0.090747327 0.065462150 0.985475600
1341846325.985823 0.661018312 0.144336313 0.235084236 0.131467804 -0.087035224 0.069727153 0.985027552
1341846326.021991 0.651960015 0.141924307 0.230951995 0.132978305 -0.085872903 0.075703368 0.984485447
1341846326.054055 0.626733422 0.189057916 0.232557416 0.147709012 -0.082486130 0.078683689 0.982439280
1341846326.089984 0.661554098 0.184686929 0.243383288 0.143277004 -0.085903585 0.079584762 0.982730150
1341846326.121822 0.675851524 0.133675486 0.226391420 0.130249158 -0.082928523 0.077089168 0.984995127
1341846326.154079 0.650592923 0.203512147 0.248744473 0.144651815 -0.078623436 0.076623149 0.983373344
1341846326.190178 0.637000442 0.222399727 0.252180159 0.148652494 -0.077686422 0.077854984 0.982754230
1341846326.222162 0.648407638 0.209791675 0.245386779 0.139948845 -0.080783509 0.083648533 0.983306289
1341846326.259181 0.648487806 0.223167375 0.245994166 0.136848941 -0.083936021 0.087773256 0.983119071
1341846326.322766 0.652415097 0.250595927 0.260186344 0.130691320 -0.085155144 0.086240612 0.983987331
1341846326.359773 0.624752283 0.229238689 0.192270726 0.121937193 -0.069987714 0.092530854 0.985733807
1341846326.392109 0.623335302 0.225619361 0.196933135 0.119916253 -0.067658558 0.092917375 0.986107945
1341846326.423985 0.653096557 0.195125610 0.255442649 0.118898086 -0.080408789 0.087664701 0.985754848
1341846326.459869 0.602760673 0.254375249 0.204769045 0.127751037 -0.067716025 0.101245508 0.984298527
1341846326.526163 0.613738537 0.286282539 0.216661632 0.128952757 -0.067001589 0.100524783 0.984264672
1341846326.560211 0.652233183 0.263717353 0.272835135 0.118780725 -0.077583365 0.090584591 0.985731423
1341846326.591828 0.647423804 0.261838019 0.271773219 0.114571057 -0.075229898 0.092577323 0.986226857
1341846326.627027 0.649141550 0.276284814 0.273207426 0.114896052 -0.073803872 0.092032373 0.986347795
1341846326.658442 0.656108618 0.292972624 0.277202904 0.112646490 -0.070805736 0.089816563 0.987031102
1341846326.694856 0.634156227 0.314883381 0.289033502 0.111956514 -0.065474540 0.088627413 0.987584949
1341846326.726206 0.636698186 0.329629838 0.289966941 0.106591031 -0.064955540 0.086295813 0.988419056
1341846326.762753 0.647578061 0.348324239 0.287602663 0.102203712 -0.063141555 0.083479457 0.989241540
1341846326.826821 0.645830750 0.363710463 0.284286231 0.084598824 -0.058340799 0.079356939 0.991535187
1341846326.858887 0.641000092 0.365470946 0.293090492 0.076450780 -0.056943130 0.077398509 0.992432475
1341846326.895360 0.633818924 0.373532742 0.302640170 0.075242177 -0.057005789 0.078919917 0.992401481
1341846326.926897 0.625458717 0.378484607 0.299820036 0.077089593 -0.059619993 0.080610380 0.991970062
1341846326.958888 0.645218372 0.379775375 0.298836380 0.076888315 -0.063774660 0.082972139 0.991532505
1341846326.994594 0.645398557 0.395036310 0.296519339 0.077980198 -0.063097976 0.084681354 0.991346002
1341846327.026301 0.648299396 0.410424054 0.297378063 0.076524273 -0.062275216 0.083516240 0.991610289
1341846327.063945 0.646418750 0.412175298 0.303075045 0.073299855 -0.059540588 0.079444677 0.992356122
1341846327.094662 0.647368133 0.426721454 0.303385496 0.074323535 -0.057762966 0.077927396 0.992505372
1341846327.128901 0.644314945 0.437196672 0.311573863 0.073724158 -0.057686791 0.076325752 0.992678881
1341846327.161940 0.645859361 0.452736527 0.310854524 0.073112808 -0.059040092 0.075569823 0.992702365
1341846327.193867 0.651408195 0.459996462 0.315590978 0.072551489 -0.058150705 0.073194019 0.992974043
1341846327.229885 0.651983619 0.473927140 0.319919705 0.073942199 -0.054847963 0.071645357 0.993172348
1341846327.262014 0.680182219 0.485278189 0.340370238 0.073551349 -0.053454783 0.071468040 0.993290067
1341846327.294023 0.648208678 0.485411316 0.320533067 0.075644843 -0.036435809 0.062767677 0.994490087
1341846327.330015 0.630366981 0.499286562 0.298240781 0.078038111 -0.023886193 0.058762047 0.994930446
1341846327.361939 0.603105545 0.520500600 0.285601407 0.077973224 -0.014562862 0.051837847 0.995500326
1341846327.393887 0.665605724 0.536473930 0.344885349 0.077815726 -0.021969043 0.049405646 0.995500445
1341846327.429966 0.656935096 0.538565457 0.317253292 0.072285615 -0.021666618 0.043205671 0.996212125
1341846327.461965 0.628373325 0.558391869 0.320238948 0.065707341 -0.022977980 0.046586618 0.996485949
1341846327.497931 0.586062312 0.548608959 0.311288834 0.059057750 -0.016471304 0.040755190 0.997286320
1341846327.530068 0.533056617 0.539908648 0.309979409 0.053523008 -0.007523949 0.043047018 0.997610033
1341846327.561895 0.622427642 0.590878546 0.354786485 0.059112027 -0.025809297 0.051638000 0.996580720
1341846327.598010 0.614167690 0.590036631 0.355888635 0.058806725 -0.028057234 0.056167644 0.996293068
1341846327.629945 0.625563204 0.603318572 0.350351691 0.058660362 -0.036100890 0.055541273 0.996077776
1341846327.662003 0.617529273 0.620737195 0.356703818 0.062552214 -0.037067868 0.051732469 0.996010542
1341846327.697919 0.628718376 0.638934314 0.359517872 0.064393178 -0.039915942 0.053878661 0.995669305
1341846327.730075 0.583420932 0.641525865 0.343995810 0.058081497 -0.032839712 0.053141549 0.996355474
1341846327.766017 0.533540308 0.649522305 0.339605629 0.053659074 -0.026066080 0.055794936 0.996658564
1341846327.797917 0.623459518 0.692232072 0.366703272 0.053144790 -0.041847475 0.057537246 0.996049166
1341846327.830054 0.598303676 0.704577565 0.367625743 0.048790380 -0.037934162 0.055584822 0.996539474
1341846327.865944 0.611968696 0.702375114 0.368476033 0.042530071 -0.038696043 0.054655716 0.996848345
1341846327.898010 0.616413593 0.711643159 0.375496268 0.039651688 -0.039288651 0.055844922 0.996877909
1341846327.929991 0.625610173 0.708202481 0.374313921 0.032964479 -0.042397402 0.053263631 0.997135282
1341846327.966065 0.621141195 0.732661128 0.374639541 0.031200031 -0.041344456 0.051427308 0.997332692
1341846327.998073 0.629130006 0.741868913 0.380694479 0.025089830 -0.042206004 0.048021153 0.997638822
1341846328.034045 0.620682955 0.751318514 0.379096538 0.020285103 -0.039608989 0.046343774 0.997933805
1341846328.065993 0.607094705 0.746560633 0.377581745 0.013783637 -0.036476742 0.046079937 0.998176396
1341846328.098045 0.586524963 0.740625501 0.378460795 0.013330221 -0.032377522 0.047582213 0.998253465
1341846328.133967 0.599592686 0.732318759 0.376364946 0.014403812 -0.035974633 0.051418088 0.997925162
1341846328.166023 0.613871038 0.721505582 0.374104887 0.011980651 -0.041930180 0.052195564 0.997684300
1341846328.198018 0.610234201 0.701712310 0.371600986 0.010665433 -0.043653969 0.048341289 0.997819483
1341846328.234044 0.605128050 0.695221484 0.366929024 0.014042696 -0.043991234 0.047069058 0.997823715
1341846328.265899 0.616746485 0.671353221 0.360285699 0.012780676 -0.047680847 0.047783222 0.997637212
1341846328.302051 0.588655651 0.656120598 0.357614219 0.016071456 -0.042347837 0.047431793 0.997847021
1341846328.333917 0.608530581 0.644534826 0.355704218 0.019263975 -0.046031240 0.051036876 0.997449458
1341846328.366008 0.613904595 0.634316623 0.356338352 0.025875717 -0.047680248 0.048497379 0.997349024
1341846328.402010 0.624664545 0.592142582 0.347243696 0.035325285 -0.046539176 0.051719896 0.996950984
1341846328.433920 0.623309612 0.586041331 0.348632127 0.038860876 -0.048878420 0.052904978 0.996645331
1341846328.470003 0.624853313 0.557138801 0.337154478 0.038735528 -0.048467886 0.044417206 0.997084498
1341846328.502194 0.583631158 0.550085783 0.333677560 0.044723269 -0.038545847 0.036310934 0.997594893
1341846328.534033 0.632926762 0.521638930 0.334316134 0.043125398 -0.044045020 0.034806740 0.997491241
1341846328.570125 0.625185132 0.481163740 0.326259762 0.041087966 -0.042016756 0.036531325 0.997603118
1341846328.602804 0.612678051 0.427828521 0.303682059 0.040907986 -0.045300454 0.040371861 0.997318685
1341846328.672663 0.611920953 0.440495968 0.341099143 0.061327644 -0.057391979 0.038612224 0.995718002
1341846328.702975 0.632399082 0.426284760 0.356317669 0.064124905 -0.063391745 0.039340392 0.995149136
1341846328.770129 0.651783526 0.370523661 0.314334780 0.066151701 -0.068913609 0.035775322 0.994783938
1341846328.802331 0.634698153 0.361101031 0.316577792 0.068426117 -0.069019824 0.034408163 0.994670987
1341846328.838051 0.654372454 0.345719874 0.311436325 0.072344176 -0.073577218 0.032715734 0.994123995
1341846328.869939 0.660223842 0.347502530 0.302199990 0.072878346 -0.075276807 0.031697296 0.993990719
1341846328.904486 0.668278515 0.317047209 0.303658783 0.065807953 -0.079753019 0.030682897 0.994166732
1341846328.939814 0.675009251 0.278004915 0.309221625 0.066809185 -0.083250806 0.031165397 0.993798137
1341846328.970217 0.692628264 0.268440932 0.295900434 0.068300299 -0.087350249 0.036303319 0.993170261
1341846329.006232 0.679685414 0.277660012 0.299817383 0.073164649 -0.086991176 0.040340479 0.992699444
1341846329.038243 0.677293479 0.273141116 0.316812903 0.079099126 -0.086406924 0.041664749 0.992240548
1341846329.106125 0.680181265 0.252351671 0.313769996 0.079511106 -0.086312361 0.039704524 0.992296219
1341846329.138340 0.712745607 0.234872684 0.317606956 0.080240354 -0.092269674 0.039067250 0.991726637
1341846329.169991 0.734796822 0.206706047 0.318069726 0.077417359 -0.097030729 0.037650671 0.991551340
1341846329.208656 0.812076330 0.163666621 0.331838638 0.071281873 -0.110770345 0.036705762 0.990606725
1341846329.238169 0.860579610 0.139290676 0.344435573 0.065498255 -0.119860291 0.042720478 0.989706278
1341846329.273827 0.868551672 0.118395776 0.358283788 0.062136069 -0.122496709 0.044687729 0.989513397
1341846329.306052 0.875642657 0.111212142 0.348439395 0.062401321 -0.124948196 0.043920040 0.989224553
1341846329.338104 0.899932444 0.116392128 0.327620953 0.059516355 -0.128127083 0.041301385 0.989108503
1341846329.373907 0.690141022 0.230800688 0.286592960 0.081995972 -0.097833164 0.032512572 0.991286159
1341846329.405985 0.697051406 0.179953843 0.266042143 0.076199383 -0.099484175 0.029249128 0.991685987
1341846329.442057 0.700566351 0.219306573 0.274111122 0.083086312 -0.100166328 0.026713163 0.991135657
1341846329.473950 0.699285150 0.200331494 0.266888082 0.081428476 -0.101092793 0.021120172 0.991314054
1341846329.506147 0.699732184 0.195682153 0.268480062 0.081998810 -0.103031352 0.018224543 0.991124928
1341846329.542121 0.697301328 0.181409374 0.261091620 0.079894535 -0.105635114 0.016582653 0.991051555
1341846329.574086 0.705409706 0.157549813 0.256014645 0.080894932 -0.108416043 0.016047196 0.990678847
1341846329.606387 0.707048953 0.159861237 0.249929592 0.084081709 -0.108754940 0.015550287 0.990384221
1341846329.641955 0.704865515 0.155337065 0.245602816 0.083750308 -0.109592885 0.015892802 0.990314484
1341846329.681570 0.703966439 0.139077023 0.236916870 0.082293041 -0.112295195 0.015308388 0.990143120
1341846329.748113 0.713965774 0.140118495 0.236207962 0.085817993 -0.112820707 0.012627905 0.989821911
1341846329.810175 0.714554906 0.105733983 0.237272441 0.080996938 -0.110084131 0.018489750 0.990443945
1341846329.842255 0.710895658 0.097571313 0.236604571 0.083152570 -0.109595381 0.020682700 0.990276098
1341846329.874044 0.707508206 0.085326664 0.238004580 0.083216973 -0.109600954 0.024400335 0.990185440
1341846329.910073 0.708027124 0.096081525 0.231633663 0.084974781 -0.109825775 0.026115570 0.989967465
1341846329.942009 0.708099604 0.091047257 0.231328979 0.078802936 -0.110522136 0.031478357 0.990244508
1341846329.978087 0.713549614 0.060550280 0.227649942 0.074987173 -0.111605473 0.033395901 0.990356445
1341846330.016305 0.716431618 0.070774622 0.228324458 0.077755369 -0.110651970 0.031971402 0.990297019
1341846330.048192 0.709325671 0.078711040 0.227630734 0.074453145 -0.108634718 0.032226335 0.990765750
1341846330.080418 0.711985052 0.052979831 0.229507670 0.068778902 -0.109174699 0.033756722 0.991065562
1341846330.115886 0.714590788 0.033474620 0.223865628 0.070369162 -0.107659742 0.034556892 0.991092026
1341846330.147839 0.707924306 0.054325823 0.223073557 0.074218415 -0.106980339 0.036732677 0.990806580
1341846330.181257 0.717027605 0.062972307 0.218073830 0.068882272 -0.108893774 0.040851083 0.990822196
1341846330.215852 0.714235783 0.047715802 0.217784166 0.062143605 -0.107452035 0.039223470 0.991490722
1341846330.247833 0.706536293 0.038716208 0.215192795 0.060060136 -0.106162809 0.037316490 0.991831541
1341846330.283913 0.706691563 0.057437062 0.210205764 0.057678349 -0.107101060 0.038597591 0.991823018
1341846330.316011 0.705271661 0.036736552 0.209649369 0.050034769 -0.107833520 0.036484405 0.992238522
1341846330.347868 0.700962543 0.027819255 0.213152066 0.047727332 -0.109149255 0.035210062 0.992254436
1341846330.383835 0.707765043 0.025596710 0.210747957 0.045791365 -0.110117666 0.035383046 0.992232502
1341846330.415934 0.704466462 0.005043599 0.208182618 0.044221252 -0.108869500 0.033111688 0.992519796
1341846330.452561 0.701552093 0.005793006 0.211434647 0.047437288 -0.109194025 0.032388669 0.992359519
1341846330.483903 0.696926534 0.012065768 0.206348807 0.047829084 -0.110729538 0.034843318 0.992087364
1341846330.515970 0.696484923 0.007553936 0.204948872 0.046867453 -0.112749964 0.037487067 0.991809309
1341846330.552099 0.696428776 -0.001211799 0.208111227 0.046470534 -0.114276722 0.040436290 0.991537333
1341846330.583876 0.695356667 0.014326498 0.200267434 0.047764376 -0.114201285 0.040307190 0.991489768
1341846330.619992 0.691260040 0.019950090 0.194240317 0.042934194 -0.115311429 0.040129419 0.991589427
1341846330.652136 0.695899427 0.009907763 0.192058772 0.035901301 -0.117494211 0.038492151 0.991677701
1341846330.683796 0.692527056 0.004517915 0.190670595 0.031079872 -0.117005005 0.036709327 0.991965890
1341846330.719991 0.685262263 -0.007347155 0.183388606 0.028606920 -0.118380494 0.036515005 0.991884291
1341846330.752103 0.682918727 -0.018523972 0.180131584 0.028668460 -0.122556098 0.041144609 0.991193891
1341846330.787952 0.676369905 -0.010720624 0.175302461 0.029909687 -0.126499489 0.045214359 0.990484238
1341846330.819823 0.684037507 -0.010357979 0.172337756 0.029396992 -0.131762072 0.046415258 0.989757657
1341846330.852208 0.684724927 -0.001332304 0.168468118 0.029558890 -0.133364871 0.046910152 0.989514828
1341846330.914111 0.682672739 0.012644353 0.159444854 0.021212831 -0.136702061 0.046375401 0.989298701
1341846330.949903 0.675994337 -0.001292129 0.163309291 0.017469518 -0.137303621 0.045523621 0.989328146
1341846330.981986 0.660675704 -0.000477240 0.161902353 0.018593246 -0.140107557 0.045255095 0.988926768
1341846331.014111 0.669557989 0.006509517 0.159053892 0.018457068 -0.145237982 0.046586700 0.988126993
1341846331.082139 0.665494025 0.001867360 0.153114006 0.020114183 -0.147686660 0.043677259 0.987864554
1341846331.114334 0.666830301 0.005410878 0.148368374 0.020071568 -0.150077865 0.043500096 0.987512827
1341846331.149989 0.671979547 -0.005531222 0.147022292 0.019627383 -0.151301935 0.042147160 0.987393618
1341846331.181954 0.665895164 -0.003403841 0.144099712 0.023222907 -0.150907338 0.040933698 0.987427056
1341846331.218151 0.655515373 0.013365443 0.136792168 0.024176896 -0.152950138 0.041624259 0.987060845
1341846331.249914 0.680687487 -0.014670601 0.141937986 0.018706240 -0.157447428 0.038435105 0.986601830
1341846331.318141 0.679827631 -0.017448038 0.120731026 0.029368650 -0.146609396 0.033308331 0.988197267
1341846331.349926 0.685515761 -0.014363786 0.114798404 0.028796107 -0.144281164 0.032241479 0.988592088
1341846331.382003 0.713618517 -0.032281812 0.108881570 0.030021578 -0.140226558 0.030820649 0.989184201
1341846331.418008 0.705290914 -0.018464385 0.149136916 0.038355321 -0.130085677 0.033300892 0.990200818
1341846331.450327 0.696499288 -0.010368934 0.157417640 0.040738009 -0.124609642 0.033953913 0.990787625
1341846331.486219 0.684693575 -0.000885710 0.165496856 0.041371811 -0.121818110 0.034924157 0.991074741
1341846331.518344 0.698255599 -0.005093795 0.170867294 0.039801095 -0.122245826 0.033816449 0.991124749
1341846331.550202 0.702318907 -0.011707313 0.183743984 0.042013355 -0.118128046 0.032865774 0.991564691
1341846331.586139 0.687723815 0.002787870 0.183681071 0.045240786 -0.115430862 0.033164192 0.991730452
1341846331.617931 0.694883823 0.004726660 0.190695494 0.044319507 -0.116017580 0.033254530 0.991700530
1341846331.654027 0.703909278 -0.005801907 0.205129802 0.043784883 -0.114435837 0.034086656 0.991879761
1341846331.686123 0.694006622 0.007608182 0.206393361 0.046870410 -0.110855147 0.035940401 0.992079973
1341846331.717954 0.688145876 0.018446613 0.210121512 0.044497397 -0.111703269 0.035618216 0.992105722
1341846331.754076 0.698701739 0.005079672 0.229202360 0.041612674 -0.112062767 0.034216721 0.992239714
1341846331.785920 0.696056247 0.003533916 0.234061435 0.044374075 -0.108980253 0.033035252 0.992503345
1341846331.818053 0.689335942 0.018353036 0.244737267 0.046056829 -0.107037485 0.033474542 0.992623389
1341846331.853849 0.688368320 0.008287577 0.256464213 0.044022989 -0.106750473 0.032820974 0.992768466
1341846331.885987 0.697257340 0.006477694 0.270420671 0.046939708 -0.105144694 0.031188296 0.992858768
1341846331.922014 0.691742182 0.015636478 0.280110389 0.049680430 -0.101690799 0.030333711 0.993111670
1341846331.954037 0.697342277 0.015750952 0.289119482 0.049392167 -0.099470720 0.031234903 0.993322968
1341846331.986135 0.694983721 0.001929562 0.301937342 0.050139889 -0.093645945 0.032795712 0.993801236
1341846332.022364 0.678487241 -0.002786119 0.309733629 0.056455038 -0.087311417 0.032468963 0.994050026
1341846332.054175 0.672282100 0.003704145 0.316640586 0.063292801 -0.086855210 0.034916487 0.993595064
1341846332.086502 0.677352607 0.010877125 0.344848186 0.066694371 -0.087733202 0.038520869 0.993162096
1341846332.122051 0.672081053 0.015212732 0.352448314 0.068865970 -0.086248510 0.037069514 0.993199170
1341846332.153983 0.661158621 0.034122072 0.362101793 0.068669982 -0.086167529 0.034927189 0.993297458
1341846332.190165 0.655996919 0.034653492 0.380787015 0.062726781 -0.087641679 0.032129444 0.993655860
1341846332.254145 0.657019973 0.013252364 0.408342689 0.061740294 -0.088130668 0.030538643 0.993724585
1341846332.289948 0.646021962 0.018764179 0.420943886 0.063865319 -0.087483868 0.032022718 0.993600726
1341846332.322172 0.647082329 0.016999695 0.425014526 0.063995369 -0.088246703 0.034333766 0.993447721
1341846332.354003 0.654236376 0.013527433 0.429190516 0.066648640 -0.086867951 0.031700287 0.993482232
1341846332.390180 0.654391170 0.019482292 0.440758288 0.068147548 -0.082624830 0.030806437 0.993770599
1341846332.422055 0.638927400 0.021690171 0.442040294 0.066892996 -0.078363694 0.025940757 0.994339764
1341846332.458114 0.649251103 0.016804727 0.457501471 0.066232957 -0.077639468 0.023202218 0.994508445
1341846332.489993 0.638197780 0.024105493 0.473356992 0.067720085 -0.075368412 0.025001138 0.994539380
1341846332.522130 0.628812790 0.027226750 0.483101040 0.066709265 -0.078718401 0.030754475 0.994186878
1341846332.558114 0.630034387 0.024928413 0.492140979 0.066127360 -0.084338978 0.037877195 0.993518770
1341846332.589874 0.640017509 0.037365947 0.496767849 0.066269755 -0.088177249 0.042468224 0.992990196
1341846332.621889 0.642880201 0.043770783 0.507995307 0.062017441 -0.088878214 0.043840852 0.993142724
1341846332.658202 0.641906321 0.038773932 0.516601861 0.058090266 -0.087868713 0.041943941 0.993551910
1341846332.690001 0.642768681 0.042187188 0.523851931 0.056399480 -0.087225288 0.042750277 0.993671656
1341846332.726000 0.633553505 0.032059588 0.536659777 0.053695127 -0.087508656 0.045934241 0.993654430
1341846332.758386 0.632556200 0.032272052 0.534858406 0.054205481 -0.089361154 0.046378188 0.993441224
1341846332.789937 0.643449366 0.040568300 0.541909814 0.054082960 -0.089800552 0.045927972 0.993429184
1341846332.825925 0.643350780 0.041003656 0.563183546 0.052178741 -0.087552942 0.044399604 0.993801117
1341846332.857898 0.645758033 0.041018050 0.576424658 0.053189002 -0.086767077 0.044137504 0.993828177
1341846332.894069 0.644166350 0.054282576 0.588072836 0.054108217 -0.086814225 0.044096142 0.993776202
1341846332.926029 0.647689998 0.058597796 0.591995716 0.050952550 -0.086496621 0.041487813 0.994082987
1341846332.958015 0.648433685 0.059275016 0.600945830 0.048216842 -0.084418878 0.038994145 0.994498909
1341846332.994073 0.650926590 0.063393489 0.612232506 0.045715038 -0.083590761 0.037487980 0.994744897
1341846333.026545 0.652136862 0.062679559 0.617225707 0.043352403 -0.082364544 0.034680720 0.995054781
1341846333.057998 0.659578741 0.062783554 0.628875673 0.042112105 -0.080903575 0.035048205 0.995214999
1341846333.094024 0.659145057 0.062753201 0.638493896 0.041854080 -0.079194941 0.038977161 0.995217144
1341846333.126095 0.651143849 0.060822211 0.620989144 0.041421290 -0.075620644 0.038698439 0.995524168
1341846333.161973 0.667162836 0.076332808 0.651070535 0.041989535 -0.075444072 0.041937176 0.995382488
1341846333.195660 0.663895369 0.074948072 0.658658743 0.038940601 -0.073071815 0.043293528 0.995625377
1341846333.226331 0.663784266 0.076346822 0.662939608 0.037620731 -0.072302133 0.042343814 0.995773137
1341846333.262056 0.667030811 0.085023202 0.670293689 0.035642013 -0.072547190 0.040743217 0.995894849
1341846333.294147 0.664463937 0.080454968 0.679078102 0.031712674 -0.072111860 0.039609578 0.996105015
1341846333.326100 0.667058706 0.081407599 0.680482745 0.030047856 -0.073684245 0.038319059 0.996092081
1341846333.362100 0.667464733 0.089645721 0.678094923 0.027982306 -0.074147850 0.035927512 0.996206939
1341846333.394119 0.665883780 0.084076308 0.687241733 0.024459908 -0.075182617 0.035504926 0.996237278
1341846333.429974 0.650240541 0.078236528 0.677761495 0.022530967 -0.073544592 0.034466468 0.996441483
1341846333.462115 0.642109871 0.066208132 0.674616635 0.020245289 -0.071161970 0.033055630 0.996711314
1341846333.494040 0.673487961 0.082438082 0.692925215 0.024349676 -0.076626204 0.032784402 0.996223211
1341846333.529953 0.678497553 0.084130242 0.694399238 0.025464153 -0.075964183 0.032900613 0.996242225
1341846333.562063 0.674144983 0.086632997 0.695620477 0.026353553 -0.073132321 0.034236904 0.996386051
1341846333.594090 0.660991728 0.093712561 0.691100597 0.025690297 -0.072077662 0.034699224 0.996464133
1341846333.629994 0.667441845 0.096084803 0.694702506 0.022393920 -0.075725988 0.034050789 0.996295452
1341846333.662127 0.645717084 0.094917595 0.687319338 0.019619383 -0.072449453 0.032650016 0.996644497
1341846333.697964 0.622843981 0.091950975 0.683507800 0.018418198 -0.068264812 0.033400983 0.996937871
1341846333.730092 0.602393985 0.091542870 0.674645901 0.020949190 -0.064161845 0.034898411 0.997109115
1341846333.762089 0.565824926 0.072065301 0.662816942 0.018094674 -0.057235640 0.037655864 0.997486234
1341846333.798006 0.665770054 0.080460913 0.681630254 0.020942396 -0.074634403 0.036110207 0.996336877
1341846333.830055 0.674397051 0.084812008 0.678805232 0.024695804 -0.074675985 0.034615800 0.996300876
1341846333.866045 0.658640385 0.081414714 0.671615660 0.025338899 -0.070583917 0.032677926 0.996648431
1341846333.897987 0.660156786 0.078614309 0.666981459 0.026956609 -0.070839234 0.032108657 0.996606350
1341846333.930099 0.667311907 0.078176416 0.663272262 0.030072769 -0.071229160 0.031759977 0.996500611
1341846333.965889 0.667090774 0.079461552 0.657169640 0.032598704 -0.070317641 0.031567656 0.996492028
1341846333.997985 0.670010865 0.074388966 0.650995612 0.034698278 -0.069747604 0.031746835 0.996455491
1341846334.030076 0.669491291 0.076558143 0.642476618 0.037903693 -0.068601176 0.032783359 0.996384680
1341846334.066000 0.660270572 0.074620150 0.634993136 0.039109178 -0.067705110 0.034129940 0.996354222
1341846334.097932 0.667660236 0.071187884 0.628030539 0.040517949 -0.068729915 0.033852048 0.996237218
1341846334.133884 0.665714800 0.072407879 0.622032344 0.042256270 -0.067622446 0.034473572 0.996219456
1341846334.166115 0.659674704 0.072095752 0.612775087 0.042452183 -0.068418294 0.035055477 0.996136546
1341846334.198072 0.660632193 0.071054086 0.606378555 0.042752620 -0.070108749 0.034357596 0.996030390
1341846334.234097 0.663080394 0.074428901 0.600679934 0.043905433 -0.069777802 0.033499427 0.996032715
1341846334.266045 0.652220666 0.072053954 0.595852494 0.043783657 -0.067091487 0.033786178 0.996212959
1341846334.297946 0.644744396 0.072900929 0.586812198 0.045119893 -0.067700721 0.035300542 0.996059597
1341846334.334036 0.646844089 0.074743122 0.577274978 0.045504231 -0.069686592 0.036008161 0.995879829
1341846334.365871 0.654067457 0.075595036 0.568446815 0.045130052 -0.070355348 0.034235779 0.995912373
1341846334.401845 0.652002335 0.073482253 0.562672794 0.043484312 -0.069530316 0.033115692 0.996081293
1341846334.433864 0.643886864 0.067311749 0.554080486 0.043082699 -0.069673434 0.033383552 0.996079862
1341846334.466105 0.646372199 0.071853764 0.547755420 0.044225279 -0.071707621 0.034394089 0.995850980
1341846334.502142 0.638758242 0.072605982 0.541463077 0.042998821 -0.072289571 0.035303142 0.995830834
1341846334.540153 0.636012852 0.071384475 0.534794271 0.042684335 -0.073195241 0.033590332 0.995837450
1341846334.602351 0.625551820 0.078975886 0.516279757 0.039247673 -0.076048270 0.025655443 0.996001124
1341846334.670161 0.629931450 0.073862039 0.502170861 0.034458920 -0.079405107 0.018863104 0.996068120
1341846334.702085 0.623768926 0.068774462 0.488967627 0.032626066 -0.080916062 0.019009076 0.996005416
1341846334.734751 0.626403749 0.068799324 0.480902106 0.032852821 -0.083949752 0.020556906 0.995716155
1341846334.770889 0.624307394 0.068139479 0.472086042 0.032434788 -0.085307464 0.023342639 0.995553017
1341846334.802194 0.629503012 0.068366058 0.458387643 0.031635568 -0.088675395 0.024777528 0.995249689
1341846334.833908 0.632693946 0.071681805 0.450239062 0.031711847 -0.090448610 0.022793779 0.995135128
1341846334.869874 0.637778819 0.071592309 0.434444338 0.029771354 -0.091284618 0.023290783 0.995107234
1341846334.902006 0.631619155 0.067654818 0.423739970 0.027123611 -0.092372380 0.024491815 0.995053709
1341846334.938010 0.618935585 0.067989685 0.419384986 0.027642835 -0.094258241 0.022077845 0.994919062
1341846334.970032 0.626623988 0.066582359 0.410350472 0.027755104 -0.095638528 0.021035170 0.994806767
1341846335.002203 0.620684922 0.063027129 0.404412180 0.028744446 -0.094748877 0.022669684 0.994827926
1341846335.037880 0.614370763 0.066656619 0.386684924 0.031688809 -0.097206041 0.025039766 0.994444549
1341846335.069990 0.619468510 0.070781715 0.378313720 0.032301426 -0.100192964 0.024970947 0.994130075
1341846335.106038 0.624871075 0.069522031 0.371948242 0.032526355 -0.099721283 0.023817066 0.994198442
1341846335.138045 0.621852875 0.065925799 0.359871030 0.033840720 -0.098425210 0.023378817 0.994294107
1341846335.169900 0.618958473 0.068826281 0.345970273 0.034054987 -0.100658059 0.023305587 0.994064987
1341846335.206091 0.622035444 0.069617353 0.337646216 0.033837341 -0.102839060 0.020658849 0.993907690
1341846335.239365 0.622700453 0.061898120 0.328374624 0.033279635 -0.101532273 0.018045878 0.994111717
1341846335.269948 0.618191123 0.063157052 0.317891240 0.035323016 -0.099726386 0.016728468 0.994247019
1341846335.305972 0.615667820 0.064683564 0.308746427 0.037113696 -0.101366438 0.018443460 0.993985593
1341846335.338012 0.621194899 0.064650349 0.301336110 0.038692269 -0.103140533 0.019483211 0.993723035
1341846335.374005 0.631900430 0.049525134 0.287721485 0.041598111 -0.101805247 0.020491321 0.993723035
1341846335.406025 0.629938126 0.046868451 0.277560741 0.047495957 -0.099126473 0.023929216 0.993652642
1341846335.438079 0.629811823 0.056853220 0.265889049 0.052854780 -0.098256953 0.027629510 0.993372381
1341846335.473998 0.632323086 0.061551500 0.256094217 0.055119880 -0.096774526 0.029119514 0.993352175
1341846335.507038 0.630832970 0.068843834 0.248712391 0.056826197 -0.093867265 0.027255356 0.993587911
1341846335.538040 0.629433572 0.072300650 0.238709882 0.056309547 -0.091557778 0.025720417 0.993873715
1341846335.574119 0.625829935 0.077455200 0.228493884 0.054114297 -0.091491006 0.025821142 0.993999243
1341846335.605970 0.627892613 0.073784225 0.218121931 0.052829795 -0.092211127 0.024319518 0.994039655
1341846335.641978 0.630555689 0.074409172 0.209115461 0.054505352 -0.090949081 0.021570377 0.994128883
1341846335.673993 0.627111256 0.075820848 0.198710561 0.053835277 -0.090185903 0.021714648 0.994231820
1341846335.706178 0.625860751 0.075001955 0.189307630 0.053252745 -0.091486849 0.022625905 0.994123936
1341846335.741982 0.632204950 0.075020328 0.181475535 0.053846728 -0.092111245 0.021748377 0.994053900
1341846335.773960 0.630339801 0.080159269 0.168143809 0.054231185 -0.091301002 0.021345647 0.994116485
1341846335.806271 0.628723562 0.084866442 0.157774895 0.052516587 -0.091695540 0.021403786 0.994170964
1341846335.842031 0.634078085 0.078642309 0.151005492 0.050050993 -0.091403671 0.021414377 0.994324803
1341846335.873966 0.634151518 0.078231782 0.138941914 0.050975118 -0.089698151 0.020797728 0.994446278
1341846335.910005 0.628655851 0.080099829 0.120875023 0.050213706 -0.089014351 0.021853944 0.994523764
1341846335.941936 0.626500905 0.082678966 0.115936920 0.049308214 -0.090883389 0.023051294 0.994372964
1341846335.974198 0.630179942 0.081904821 0.102048926 0.049470585 -0.092031546 0.020124871 0.994322836
1341846336.010032 0.626688719 0.082752563 0.090578735 0.049348019 -0.091624379 0.018814983 0.994392157
1341846336.042129 0.625091732 0.080629922 0.075071834 0.047970716 -0.092720300 0.019421935 0.994346321
1341846336.078076 0.624153614 0.078565277 0.066668436 0.048088450 -0.094385713 0.018204374 0.994206965
1341846336.110739 0.627901733 0.080964446 0.061883349 0.048671793 -0.095099688 0.017595660 0.994121492
1341846336.142002 0.618804038 0.077948406 0.051582113 0.048328344 -0.094066255 0.017911637 0.994230926
1341846336.183953 0.621434271 0.083414227 0.039287191 0.047708742 -0.097323388 0.020246703 0.993902504
1341846336.241891 0.623928845 0.084941193 0.032215890 0.046065345 -0.098415576 0.019199070 0.993893206
1341846336.277946 0.617035747 0.079657279 0.021370947 0.046142939 -0.097639896 0.020761052 0.993934751
1341846336.309977 0.644878268 0.082493253 -0.019989237 0.047422882 -0.101573341 0.026051043 0.993355572
1341846336.346143 0.621045172 0.084037818 -0.003838710 0.050370052 -0.101543568 0.025217714 0.993235052
1341846336.377975 0.620253921 0.085099474 -0.007681641 0.051249314 -0.101314060 0.024585662 0.993229389
1341846336.410032 0.643992186 0.090529256 -0.047027312 0.051445425 -0.101935364 0.026995743 0.993093073
1341846336.446041 0.616484642 0.092237115 -0.029383967 0.052097939 -0.100774087 0.024441080 0.993243694
1341846336.477990 0.622457743 0.089479372 -0.036528230 0.050664216 -0.101275787 0.024481336 0.993265867
1341846336.510056 0.607473373 0.085659444 -0.029602859 0.050992765 -0.099661909 0.024243256 0.993418097
1341846336.546024 0.623745799 0.085067660 -0.059615016 0.051341891 -0.100297898 0.026718227 0.993272662
1341846336.578003 0.641975760 0.088806488 -0.100996338 0.050613217 -0.100782216 0.028544964 0.993210196
1341846336.614020 0.654110610 0.091829881 -0.119633578 0.049861703 -0.100753322 0.028026756 0.993265867
1341846336.645982 0.680503011 0.094476953 -0.164242744 0.048461739 -0.099719860 0.027133601 0.993464231
1341846336.678036 0.709413528 0.087408848 -0.175412804 0.045255765 -0.103151314 0.029659824 0.993192852
1341846336.714024 0.739106655 0.087405622 -0.159676880 0.047127102 -0.106253795 0.027978268 0.992827475
1341846336.746016 0.769584715 0.087928556 -0.158374429 0.050843447 -0.108890884 0.028976878 0.992329657
1341846336.778014 0.801628232 0.095294550 -0.167103708 0.053683612 -0.113502607 0.031449500 0.991587698
1341846336.820006 0.828118682 0.095448866 -0.168810546 0.053395540 -0.118793584 0.035597060 0.990842998
1341846336.882056 0.872984052 0.103178374 -0.155397817 0.057239551 -0.122309022 0.032154929 0.990318239
1341846336.914273 0.908906341 0.103510164 -0.135006279 0.059623402 -0.129188508 0.033566531 0.989256680
1341846336.945998 0.952432990 0.108723171 -0.166069120 0.065318473 -0.135303214 0.035916928 0.987996221
1341846336.981980 0.988826811 0.125837862 -0.174100995 0.069061205 -0.140932977 0.035842437 0.986956835
1341846337.014238 1.018360496 0.133109942 -0.134443462 0.067058057 -0.145447180 0.033394825 0.986525774
1341846337.046017 1.043847919 0.135301590 -0.101052381 0.065475501 -0.148201004 0.028899830 0.986364126
1341846337.082104 1.070270181 0.136386916 -0.076099098 0.064529106 -0.150975421 0.027884528 0.986034930
1341846337.114317 1.094459295 0.145861596 -0.109001040 0.063789800 -0.152388021 0.024037724 0.985967040
1341846337.150037 1.116518021 0.146167487 -0.074365377 0.062087920 -0.156677678 0.024465557 0.985392630
1341846337.181873 1.139124155 0.154627144 -0.089368448 0.062690139 -0.156042099 0.019512685 0.985565901
1341846337.214073 1.161305666 0.151463941 -0.074101105 0.058368500 -0.157824188 0.022200650 0.985490680
1341846337.250087 1.181577802 0.158741176 -0.074027590 0.058044996 -0.157863364 0.017762121 0.985593498
1341846337.282028 1.201958060 0.158977002 -0.064539067 0.058651097 -0.163958415 0.022157395 0.984472871
1341846337.317920 1.221850157 0.165544510 -0.077747956 0.059183110 -0.164814889 0.020582125 0.984332204
1341846337.350018 1.240262985 0.171503454 -0.095523775 0.059044302 -0.163352668 0.016681392 0.984658003
1341846337.382159 1.257469058 0.163749591 -0.095688082 0.054293588 -0.164928064 0.018048069 0.984644711
1341846337.417941 1.268118978 0.158525378 -0.095099404 0.054630641 -0.165770203 0.019416418 0.984458625
1341846337.450137 1.277769804 0.169394478 -0.109419465 0.057726260 -0.165189981 0.013843743 0.984473646
1341846337.482096 1.268993020 0.160242155 -0.093400910 0.053866643 -0.166941360 0.020095848 0.984289169
1341846337.518008 1.269131184 0.160532892 -0.085912481 0.055277336 -0.167224556 0.019315217 0.984178543
1341846337.549978 1.274051428 0.166836023 -0.096216127 0.055833384 -0.168380409 0.018991699 0.983956337
1341846337.585971 1.269659042 0.163322225 -0.096555904 0.052927401 -0.168411225 0.017477440 0.984139681
1341846337.617903 1.269339681 0.156645089 -0.080111936 0.054052565 -0.169035584 0.017026979 0.983979404
1341846337.650141 1.280146122 0.159477636 -0.068519056 0.056234505 -0.170546487 0.018884035 0.983562410
1341846337.686352 1.278634191 0.166218132 -0.083710194 0.055202894 -0.169881895 0.018162487 0.983749390
1341846337.718002 1.277042389 0.166151315 -0.073087431 0.053207196 -0.169555590 0.018119611 0.983916461
1341846337.749920 1.284170985 0.171000913 -0.068298265 0.053448688 -0.168222204 0.017743735 0.984139085
1341846337.786157 1.277882457 0.176697195 -0.064056531 0.050369646 -0.165043041 0.017560724 0.984842837
1341846337.817945 1.283117652 0.176622212 -0.046604987 0.048367579 -0.163680568 0.018691791 0.985149741
1341846337.854071 1.282733798 0.176630363 -0.050644323 0.046882026 -0.160299331 0.017905490 0.985791862
1341846337.885951 1.289321065 0.178562537 -0.038069095 0.043784093 -0.158807218 0.017576128 0.986181676
1341846337.918223 1.278422475 0.182711869 -0.034381121 0.040505998 -0.156504899 0.012846106 0.986762643
1341846337.954120 1.284068346 0.181966603 -0.008626658 0.038561698 -0.155975938 0.012511600 0.986928582
1341846337.985994 1.275806069 0.188769609 -0.025416743 0.035856634 -0.154087648 0.011629714 0.987337887
1341846338.018107 1.283345222 0.189311758 0.008719968 0.032684680 -0.153659463 0.012608854 0.987502694
1341846338.054055 1.277351379 0.188610926 -0.012013517 0.030239556 -0.151237264 0.010946675 0.987974226
1341846338.085986 1.284027100 0.188279659 0.006940778 0.026868353 -0.149006799 0.011303511 0.988406479
1341846338.121875 1.272367120 0.183708549 0.002970274 0.024556007 -0.145675525 0.011527266 0.988960505
1341846338.154089 1.269092679 0.184060171 0.008915853 0.023407435 -0.144773856 0.014589306 0.989080250
1341846338.186029 1.282276392 0.185149118 0.031574711 0.021928737 -0.146898746 0.018664874 0.988732338
1341846338.222071 1.272694707 0.185730264 0.021713370 0.020840723 -0.144249067 0.015590619 0.989199162
1341846338.254107 1.270610213 0.187463045 0.036778841 0.019617595 -0.142452776 0.016110737 0.989476085
1341846338.290130 1.271596074 0.184475392 0.052021548 0.019428320 -0.142908007 0.018395798 0.989374280
1341846338.321952 1.277974367 0.186582819 0.065239199 0.019104047 -0.143039152 0.021095030 0.989307821
1341846338.354022 1.272176385 0.186758235 0.072973594 0.018678151 -0.141899064 0.020699976 0.989488423
1341846338.389969 1.271606088 0.190071493 0.077531904 0.018195622 -0.140910894 0.021433892 0.989623010
1341846338.422377 1.265919447 0.189032048 0.089204714 0.016552635 -0.140075326 0.020678364 0.989786506
1341846338.454010 1.263180256 0.190677792 0.095699586 0.015772974 -0.140295342 0.019313598 0.989795685
1341846338.489894 1.262853026 0.189700082 0.103017330 0.014235106 -0.140901193 0.019320277 0.989732742
1341846338.522066 1.257393718 0.188474387 0.108272649 0.014834441 -0.139650777 0.018029133 0.989925563
1341846338.558058 1.261304498 0.196340069 0.122120567 0.014773561 -0.140642360 0.018457342 0.989778161
1341846338.589842 1.251892209 0.192848712 0.132446796 0.012758243 -0.139443189 0.017151752 0.989999354
1341846338.622019 1.247479200 0.189208403 0.142099604 0.013307797 -0.138027087 0.018002691 0.990175486
1341846338.657984 1.246135950 0.189966410 0.147025824 0.013038530 -0.138309404 0.020867389 0.990083396
1341846338.690198 1.246546149 0.192175552 0.148962379 0.011619668 -0.138842493 0.019553874 0.990053236
1341846338.722454 1.245152235 0.190353498 0.165010795 0.011239972 -0.137689039 0.018365789 0.990241468
1341846338.757945 1.257082343 0.199059159 0.179087132 0.010822480 -0.139787242 0.022222204 0.989872992
1341846338.790039 1.253160715 0.196549490 0.189812198 0.008336650 -0.141816914 0.021751322 0.989618778
1341846338.826048 1.250899196 0.197041020 0.197396576 0.009541505 -0.140634194 0.019645577 0.989820719
1341846338.858027 1.249864459 0.199445575 0.203398854 0.009369980 -0.139207989 0.019634565 0.990024149
1341846338.889902 1.246375203 0.196791366 0.214899391 0.006248637 -0.140189841 0.019459987 0.989913702
1341846338.925948 1.247344732 0.198201954 0.221552521 0.006655707 -0.139486596 0.016723564 0.990060389
1341846338.958108 1.246474624 0.197506517 0.230411261 0.006460197 -0.137742057 0.016543422 0.990308940
1341846338.990057 1.246021509 0.195123523 0.241698176 0.006483156 -0.137657672 0.017618902 0.990301967
1341846339.025928 1.248851776 0.197308555 0.254561841 0.008957883 -0.136972800 0.017627874 0.990377426
1341846339.057939 1.256631494 0.200747162 0.277751476 0.011914080 -0.135177538 0.018009549 0.990586102
1341846339.093927 1.254017591 0.200476944 0.286373973 0.009342334 -0.135379553 0.020824973 0.990530968
1341846339.126562 1.255347013 0.203668848 0.289475560 0.006767740 -0.136166707 0.018816484 0.990484118
1341846339.157969 1.255911350 0.207099319 0.306199461 0.005459101 -0.133478284 0.015593181 0.990914106
1341846339.194113 1.248719215 0.210653275 0.319800675 0.003392067 -0.132030830 0.016853424 0.991096556
1341846339.228165 1.250812173 0.217407674 0.335081458 0.000137783 -0.134375021 0.018796828 0.990752280
1341846339.257998 1.258937716 0.216482684 0.355495572 -0.002378246 -0.134799540 0.018873889 0.990690351
1341846339.294132 1.254082799 0.217314288 0.357630163 -0.002653580 -0.131733119 0.019924462 0.991081476
1341846339.326577 1.248378873 0.228039324 0.353331834 -0.005132242 -0.133502573 0.021794198 0.990795553
1341846339.362269 1.250591755 0.222124830 0.360954344 -0.009329761 -0.135394648 0.017943934 0.990585387
1341846339.394725 1.256971478 0.217680827 0.372134835 -0.011119815 -0.134405568 0.018578015 0.990689874
1341846339.462186 1.259003043 0.220158100 0.397101164 -0.014450060 -0.135785401 0.018538708 0.990459442
1341846339.496743 1.268273473 0.222073793 0.415039748 -0.010913010 -0.133165091 0.016935851 0.990889132
1341846339.562052 1.265640616 0.212977439 0.432180732 -0.011485191 -0.130041644 0.020261468 0.991235018
1341846339.595122 1.271924734 0.217806160 0.446445078 -0.008521839 -0.130096242 0.019377893 0.991275430
1341846339.632085 1.270659566 0.219556913 0.445410341 -0.006955980 -0.125851527 0.017171191 0.991876066
1341846339.664568 1.267320991 0.225274399 0.455712140 -0.005170805 -0.122669548 0.014373445 0.992330015
1341846339.698896 1.269648075 0.220977262 0.469296426 -0.005847212 -0.122371994 0.013235390 0.992378831
1341846339.731977 1.268226743 0.218063638 0.472970396 -0.005958485 -0.121523716 0.011691239 0.992501855
1341846339.762241 1.268854618 0.217332616 0.481454879 -0.005537113 -0.120307684 0.011307032 0.992656827
1341846339.797873 1.270576000 0.215707913 0.491048396 -0.005849884 -0.120371900 0.012773442 0.992629528
1341846339.830245 1.271718383 0.215075970 0.501322627 -0.006089758 -0.121027023 0.012793288 0.992548108
1341846339.862015 1.270696640 0.218405783 0.507458508 -0.005884679 -0.120505385 0.011908892 0.992623866
1341846339.897797 1.275377154 0.216168761 0.516213715 -0.007198290 -0.119974904 0.011666704 0.992682338
1341846339.929916 1.275193214 0.210978106 0.528272748 -0.008274320 -0.119196348 0.013886144 0.992739201
1341846339.961960 1.273692489 0.211063460 0.534576714 -0.006694613 -0.119523801 0.014236888 0.992706716
1341846339.997845 1.282756567 0.210210130 0.539278984 -0.005540002 -0.119189642 0.014779892 0.992746055
1341846340.029925 1.283590317 0.211896405 0.554450154 -0.004126385 -0.117145635 0.016071474 0.992976189
1341846340.066044 1.284752250 0.207640976 0.558937967 -0.003242255 -0.116011754 0.017351588 0.993090987
1341846340.098009 1.282152891 0.209266171 0.563414037 -0.002178890 -0.114972889 0.018231975 0.993198931
1341846340.130102 1.283666492 0.208172202 0.570894778 -0.002903090 -0.115450658 0.017504023 0.993154824
1341846340.166041 1.286270857 0.208291143 0.579507649 -0.001360491 -0.113517761 0.015341748 0.993416667
1341846340.197867 1.284259915 0.209253117 0.584043860 -0.000172778 -0.110770501 0.015588141 0.993723750
1341846340.229904 1.282407045 0.212098181 0.591778398 -0.001022626 -0.110604681 0.015427319 0.993744195
1341846340.265859 1.287832499 0.207097754 0.597014248 -0.002141974 -0.110203572 0.014780959 0.993796825
1341846340.298061 1.287785292 0.210993648 0.611401439 0.000422036 -0.107819855 0.015213515 0.994054019
1341846340.334063 1.282660723 0.211288258 0.608363748 -0.001030238 -0.108038016 0.017125530 0.993998766
1341846340.366064 1.288568735 0.206174627 0.618960857 -0.003052397 -0.110876277 0.016160114 0.993698180
1341846340.397995 1.289867401 0.202958599 0.622732043 -0.001712048 -0.110320985 0.016217826 0.993762255
1341846340.433895 1.285620570 0.204880551 0.623529196 -0.000844615 -0.109520160 0.016668059 0.993844509
1341846340.465959 1.286517382 0.203697830 0.626537204 -0.000554333 -0.112000585 0.018785637 0.993530452
1341846340.501858 1.290451407 0.204657301 0.629916906 0.000355936 -0.115743279 0.018163655 0.993113041
1341846340.534329 1.296482801 0.206857830 0.630662024 0.001397697 -0.117599323 0.017941488 0.992898107
1341846340.566041 1.301657915 0.204861090 0.634367347 0.002399434 -0.119057991 0.019300420 0.992696822
1341846340.601909 1.308653712 0.209399521 0.642430902 0.005493725 -0.120479986 0.019775404 0.992503583
1341846340.634005 1.313618779 0.210147843 0.642362237 0.006341549 -0.121523052 0.018734958 0.992391586
1341846340.666028 1.314902544 0.205897838 0.634859562 0.005839237 -0.120768607 0.016601846 0.992524683
1341846340.701946 1.320046306 0.204860523 0.635182500 0.007823878 -0.119922906 0.015285628 0.992634773
1341846340.733954 1.322540045 0.207709327 0.629940927 0.009354301 -0.118071668 0.013371538 0.992870986
1341846340.770081 1.322422385 0.208297238 0.630822361 0.008996156 -0.117533773 0.010864967 0.992968738
1341846340.801980 1.327540159 0.207004607 0.633303702 0.009520939 -0.117255501 0.006162832 0.993037105
1341846340.833999 1.325446367 0.212952390 0.628447771 0.010709564 -0.113975145 0.001705975 0.993424416
1341846340.870013 1.324156165 0.210050464 0.624162793 0.009081598 -0.113809749 -0.000414047 0.993460953
1341846340.901955 1.328757048 0.208457679 0.628021300 0.009963652 -0.114633389 -0.000123235 0.993357897
1341846340.933918 1.330611229 0.206702575 0.626708567 0.011017502 -0.115598030 0.003096040 0.993230224
1341846340.970122 1.327600002 0.206017718 0.617899656 0.011424309 -0.118005916 0.008066351 0.992914438
1341846341.001922 1.328838468 0.201480448 0.612099767 0.011505779 -0.121983901 0.013484751 0.992373824
1341846341.037923 1.330492258 0.206533924 0.612805426 0.013435680 -0.124418728 0.015481811 0.992018104
1341846341.070300 1.331352234 0.204616889 0.608853281 0.013471363 -0.125215933 0.015644088 0.991914749
1341846341.102028 1.331000090 0.204331845 0.605182230 0.013319349 -0.126512319 0.015984325 0.991746843
1341846341.137982 1.332118988 0.204043478 0.604417682 0.013451654 -0.128429323 0.015774913 0.991501987
1341846341.170048 1.333643794 0.204220489 0.605416238 0.014085594 -0.129018992 0.017258989 0.991391897
1341846341.202110 1.334739089 0.202344730 0.600630164 0.015081270 -0.129472107 0.019050959 0.991285324
1341846341.237996 1.337332845 0.203653589 0.602564037 0.016915970 -0.129635185 0.019893570 0.991217911
1341846341.269883 1.334476471 0.203835562 0.600110471 0.017914347 -0.128705293 0.020375909 0.991311729
1341846341.306107 1.334403396 0.204687625 0.598912835 0.018904170 -0.129270673 0.019206345 0.991243124
1341846341.338109 1.337334514 0.203723669 0.591991246 0.019729039 -0.128820434 0.017407011 0.991318882
1341846341.370120 1.338171124 0.203969270 0.590701878 0.020669343 -0.127683878 0.014964762 0.991486609
1341846341.406074 1.334282160 0.203320503 0.588009536 0.020578979 -0.127008945 0.014604489 0.991580546
1341846341.438113 1.334002256 0.197078496 0.587940872 0.021095991 -0.128870904 0.014967418 0.991324008
1341846341.470024 1.337576866 0.199937254 0.584825456 0.024437873 -0.129139528 0.013384339 0.991234958
1341846341.506077 1.333919406 0.206287488 0.582841158 0.024966558 -0.127810568 0.012203556 0.991409242
1341846341.538156 1.328245044 0.203336537 0.582015216 0.023788923 -0.129041523 0.012336948 0.991277039
1341846341.574016 1.332677126 0.204855159 0.582347393 0.024861701 -0.131759301 0.013290136 0.990880847
1341846341.612466 1.331842542 0.207912698 0.579211533 0.025690060 -0.132215649 0.013686634 0.990793526
1341846341.643972 1.328972220 0.208493501 0.577988148 0.024995225 -0.133154407 0.012233012 0.990704536
1341846341.679982 1.326990604 0.204226136 0.575923085 0.024075085 -0.134389400 0.013123906 0.990549266
1341846341.712332 1.325708389 0.205695316 0.573990047 0.024594730 -0.136466846 0.016278680 0.990205526
1341846341.744185 1.328140020 0.204511330 0.571330845 0.024700224 -0.138492480 0.017917968 0.989893317
1341846341.780061 1.327770710 0.205276817 0.569840848 0.025013819 -0.139018983 0.019438801 0.989782929
1341846341.842595 1.334684849 0.197938636 0.565941095 0.026005918 -0.140421793 0.024589064 0.989444733
1341846341.906227 1.339768529 0.195916578 0.559705794 0.028289199 -0.141762450 0.030899081 0.989013851
1341846341.942069 1.345039606 0.190893769 0.557383537 0.030766696 -0.142365947 0.033083532 0.988782525
1341846341.974775 1.345805526 0.191956460 0.553350806 0.034052670 -0.142147020 0.034934230 0.988642633
1341846342.010161 1.345876813 0.193341136 0.549281776 0.034637567 -0.143584564 0.037282150 0.988328815
1341846342.042024 1.352360249 0.186632693 0.549913704 0.035542984 -0.144793674 0.037594866 0.988108397
1341846342.080032 1.356198311 0.189960286 0.548068702 0.037914876 -0.142914280 0.038395800 0.988263011
1341846342.112265 1.347883821 0.186627209 0.548099935 0.037681088 -0.141454488 0.040033177 0.988417029
1341846342.147954 1.346471071 0.183123514 0.551457822 0.039732657 -0.142595768 0.041978225 0.988091946
1341846342.179852 1.350323439 0.184236914 0.549347162 0.042517424 -0.142275169 0.043726906 0.987946391
1341846342.211848 1.350715876 0.186918497 0.546543658 0.043377332 -0.141709194 0.043492883 0.988000631
1341846342.247920 1.347066522 0.182411328 0.545795500 0.044469524 -0.140747175 0.041365709 0.988180935
1341846342.279870 1.350695729 0.182148486 0.548099458 0.045736611 -0.140802547 0.042588454 0.988063276
1341846342.316068 1.352820516 0.183156267 0.547889233 0.047111776 -0.140883222 0.043546494 0.987945437
1341846342.347894 1.353753805 0.185371503 0.548880041 0.047700789 -0.140960887 0.043526597 0.987906992
1341846342.379953 1.352218270 0.183646977 0.546392560 0.047622718 -0.139931962 0.043080371 0.988076568
1341846342.416195 1.351298332 0.184748605 0.545868337 0.048213571 -0.139796749 0.044774350 0.987991750
